RANKS: 1 -1 0 16 1
EVENT0: 1084 47cb68_47cc13_47cc5f_458fad
33 2 
34 0 

RANKS: 1 -1 0 1 0
EVENT1: 1102 4810ba_481457_481550_45ae8b_45db7f_459218
COMP 51-0: 47cb68_47cc13_47cc5f_458fad (1 40.00 0 40.00 0 40.00){0.00 0.00 0.00 0.00 16.00 0}{16.00 0.00 0.00 0.00 32.00 0}{32.00 40.00 40.00 40.00 48.00 1}{48.00 0.00 0.00 0.00 64.00 0}{64.00 0.00 0.00 0.00 80.00 0}
COMP 51-1: 4810ba_481457_481550_45ae8b_45db7f_459218 (14 10.33 0 9.00 0 12.00){0.00 0.00 0.00 0.00 4.40 0}{4.40 0.00 0.00 0.00 8.80 0}{8.80 9.00 10.29 12.00 13.20 14}{13.20 0.00 0.00 0.00 17.60 0}{17.60 0.00 0.00 0.00 22.00 0}
LOOP0: iter: ( 15 )[ 1 -1 0 1 0 ] mem: ( 1 )[ 1 -1 0 1 0 ]
10 2 
12 1024 
14 1 
1b 0 
2b 2147483647 

RANKS: 1 -1 1 15 1
EVENT2: 1113 485d8d_4860ce_4861a5_45afe1_45db7f_459218
COMP 51-0: 47cb68_47cc13_47cc5f_458fad (15 72.75 5 39.00 15 115.00){0.00 0.00 0.00 0.00 24.40 0}{24.40 39.00 39.50 40.00 48.80 2}{48.80 49.00 58.57 70.00 73.20 7}{73.20 85.00 90.67 94.00 97.60 3}{97.60 112.00 114.00 115.00 122.00 3}
10 2 
12 1024 
14 1 
1a ( 15 )[ 1 -1 1 1 0 ]
1a ( 13 )[ 1 -1 3 1 0 ]
1a ( 9 )[ 1 -1 7 1 0 ]
1a ( 1 )[ 1 -1 15 1 0 ]
1a ( 5 )[ 1 -1 11 1 0 ]
1a ( 11 )[ 1 -1 5 1 0 ]
1a ( 7 )[ 1 -1 9 1 0 ]
1a ( 3 )[ 1 -1 13 1 0 ]
1a ( 14 )[ 1 -1 2 1 0 ]
1a ( 12 )[ 1 -1 4 1 0 ]
1a ( 8 )[ 1 -1 8 1 0 ]
1a ( 4 )[ 1 -1 12 1 0 ]
1a ( 10 )[ 1 -1 6 1 0 ]
1a ( 6 )[ 1 -1 10 1 0 ]
1a ( 2 )[ 1 -1 14 1 0 ]
1b 0 

RANKS: 1 -1 0 16 1
EVENT3: 1011 471052_47133e_4713fd_45b0e2_45db7f_459218
COMP 51-0: 4810ba_481457_481550_45ae8b_45db7f_459218 (1 14.00 0 14.00 0 14.00){0.00 0.00 0.00 0.00 5.60 0}{5.60 0.00 0.00 0.00 11.20 0}{11.20 14.00 14.00 14.00 16.80 1}{16.80 0.00 0.00 0.00 22.40 0}{22.40 0.00 0.00 0.00 28.00 0}
COMP 51-1: 485d8d_4860ce_4861a5_45afe1_45db7f_459218 (15 19.13 1 14.00 2 33.00){0.00 0.00 0.00 0.00 5.60 0}{5.60 0.00 0.00 0.00 11.20 0}{11.20 14.00 14.67 15.00 16.80 3}{16.80 18.25 19.55 21.00 28.00 11}{28.00 33.00 33.00 33.00 38.00 1}
10 2 
12 1 
14 3 
19 0 

RANKS: 1 -1 0 16 1
EVENT4: 1167 4a4646_4a4872_4a48cc_468bac_468df4_45db91_459218
COMP 51-0: 471052_47133e_4713fd_45b0e2_45db7f_459218 (16 2661.76 0 2070.00 9 3620.00){0.00 0.00 0.00 0.00 828.00 0}{828.00 0.00 0.00 0.00 1656.00 0}{1656.00 2070.00 2183.80 2229.33 2484.00 5}{2484.00 2504.00 2864.10 3084.00 3312.00 10}{3312.00 3620.00 3620.00 3620.00 4140.00 1}
49 0 
52 103985 

RANKS: 1 -1 0 16 1
EVENT5: 1011 471052_47133e_4713fd_45b7a0_45dba2_459218
COMP 51-0: 4a4646_4a4872_4a48cc_468bac_468df4_45db91_459218 (16 19.53 1 14.00 10 44.00){0.00 0.00 0.00 0.00 8.80 0}{8.80 14.00 15.70 16.50 17.60 10}{17.60 18.00 20.00 22.00 26.40 4}{26.40 29.00 29.00 29.00 35.20 1}{35.20 44.00 44.00 44.00 44.00 1}
10 2 
12 4 
14 12 
19 0 

RANKS: 1 -1 0 16 1
EVENT6: 1010 470bed_470de3_470e43_462b44_45dbc8_459218
COMP 51-0: 471052_47133e_4713fd_45b7a0_45dba2_459218 (16 39.06 13 22.00 10 66.00){0.00 0.00 0.00 0.00 17.20 0}{17.20 22.00 27.67 34.00 34.40 6}{34.40 36.00 43.22 50.00 51.60 9}{51.60 66.00 66.00 66.00 68.80 1}{68.80 0.00 0.00 0.00 86.00 0}
10 2 

RANKS: 1 -1 0 16 1
EVENT7: 1104 48214b_4824b0_4825ae_462c42_45dbc8_459218
COMP 51-0: 470bed_470de3_470e43_462b44_45dbc8_459218 (16 26.53 1 20.00 9 53.00){0.00 0.00 0.00 0.00 9.20 0}{9.20 0.00 0.00 0.00 18.40 0}{18.40 20.00 23.00 27.00 36.80 14}{36.80 0.00 0.00 0.00 46.00 0}{46.00 53.00 53.00 53.00 60.00 2}
10 2 
12 1 
14 10 
18 2 
19 0 

RANKS: 1 -1 0 16 1
EVENT8: 1104 48214b_4824b0_4825ae_462d4c_45dbc8_459218
COMP 51-0: 48214b_4824b0_4825ae_462c42_45dbc8_459218 (16 20.06 0 9.00 10 159.00){0.00 0.00 0.00 0.00 7.20 0}{7.20 9.00 9.86 10.20 10.80 7}{10.80 11.00 11.71 12.00 18.00 7}{18.00 22.00 22.00 22.00 26.00 1}{26.00 159.00 159.00 159.00 292.00 1}
10 2 
12 1 
14 10 
18 1 
19 0 

RANKS: 1 -1 0 16 1
EVENT9: 1011 471052_47133e_4713fd_462e50_45dbc8_459218
COMP 51-0: 48214b_4824b0_4825ae_462d4c_45dbc8_459218 (16 11.18 1 8.00 10 24.00){0.00 0.00 0.00 0.00 3.60 0}{3.60 0.00 0.00 0.00 7.20 0}{7.20 8.00 9.57 12.00 14.40 14}{14.40 0.00 0.00 0.00 18.00 0}{18.00 23.00 23.50 24.00 28.00 2}
10 2 
12 1 
14 10 
19 0 

RANKS: 1 -1 0 16 1
EVENT10: 1011 471052_47133e_4713fd_4675bc_45dbe2_459218
COMP 51-0: 471052_47133e_4713fd_462e50_45dbc8_459218 (16 11.41 0 9.00 9 27.00){0.00 0.00 0.00 0.00 3.60 0}{3.60 0.00 0.00 0.00 7.20 0}{7.20 9.00 9.54 10.00 10.80 13}{10.80 11.00 11.00 11.00 18.00 1}{18.00 23.00 25.00 27.00 36.00 2}
10 2 
12 1 
14 3 
19 0 

RANKS: 1 -1 0 1 0
EVENT11: 1169 4a4ea5_4a5137_4a51d4_45dd54_4592a1
COMP 51-0: 471052_47133e_4713fd_4675bc_45dbe2_459218 (1 127.00 0 127.00 0 127.00){0.00 0.00 0.00 0.00 50.80 0}{50.80 0.00 0.00 0.00 101.60 0}{101.60 127.00 127.00 127.00 152.40 1}{152.40 0.00 0.00 0.00 203.20 0}{203.20 0.00 0.00 0.00 254.00 0}
11 1 
12 18 
49 0 

RANKS: 1 -1 0 16 1
EVENT12: 1030 474d46_474f75_474fe5_45fced_4592c8
COMP 51-0: 471052_47133e_4713fd_4675bc_45dbe2_459218 (15 24.13 1 16.00 10 50.00){0.00 0.00 0.00 0.00 6.40 0}{6.40 0.00 0.00 0.00 12.80 0}{12.80 16.00 17.00 18.00 19.20 2}{19.20 19.67 21.64 27.00 32.00 11}{32.00 48.00 49.00 50.00 64.00 2}
COMP 51-1: 4a4ea5_4a5137_4a51d4_45dd54_4592a1 (1 7098.00 0 7098.00 0 7098.00){0.00 0.00 0.00 0.00 2839.20 0}{2839.20 0.00 0.00 0.00 5678.40 0}{5678.40 7098.00 7098.00 7098.00 8517.60 1}{8517.60 0.00 0.00 0.00 11356.80 0}{11356.80 0.00 0.00 0.00 14196.00 0}
10 2 

RANKS: 1 -1 0 16 1
EVENT13: 1066 47b541_47b880_47b91f_45fdf8_4592c8
COMP 51-0: 474d46_474f75_474fe5_45fced_4592c8 (16 19.24 15 11.00 9 104.00){0.00 0.00 0.00 0.00 5.20 0}{5.20 0.00 0.00 0.00 10.40 0}{10.40 11.00 12.86 14.00 20.80 14}{20.80 0.00 0.00 0.00 26.00 0}{26.00 30.00 67.00 104.00 182.00 2}
b 0 15 1 
12 1 
21 1000 

RANKS: 1 -1 0 16 1
EVENT14: 1026 473ecc_47414c_4741cf_45fede_4592c8
COMP 51-0: 47b541_47b880_47b91f_45fdf8_4592c8 (16 13.82 1 10.00 10 32.00){0.00 0.00 0.00 0.00 4.40 0}{4.40 0.00 0.00 0.00 8.80 0}{8.80 10.00 11.38 12.50 13.20 13}{13.20 14.00 14.00 14.00 22.00 1}{22.00 30.00 31.00 32.00 38.00 2}
10 2 
21 1001 

RANKS: 1 -1 0 1 0
EVENT15: 1102 4810ba_481457_481550_45ae8b_460142_4592c8
COMP 51-0: 473ecc_47414c_4741cf_45fede_4592c8 (1 19.00 0 19.00 0 19.00){0.00 0.00 0.00 0.00 7.60 0}{7.60 0.00 0.00 0.00 15.20 0}{15.20 19.00 19.00 19.00 22.80 1}{22.80 0.00 0.00 0.00 30.40 0}{30.40 0.00 0.00 0.00 38.00 0}
COMP 51-1: 4810ba_481457_481550_45ae8b_460142_4592c8 (14 10.20 0 9.00 0 13.00){0.00 0.00 0.00 0.00 5.20 0}{5.20 9.00 9.67 10.00 10.40 12}{10.40 11.00 12.00 13.00 15.60 2}{15.60 0.00 0.00 0.00 20.80 0}{20.80 0.00 0.00 0.00 26.00 0}
LOOP0: iter: ( 15 )[ 1 -1 0 1 0 ] mem: ( 1 )[ 1 -1 0 1 0 ]
10 1000 
12 1024 
14 1 
1b 0 
2b 2147483647 

RANKS: 1 -1 1 15 1
EVENT16: 1113 485d8d_4860ce_4861a5_45afe1_460142_4592c8
COMP 51-0: 473ecc_47414c_4741cf_45fede_4592c8 (15 21.00 1 14.00 11 50.00){0.00 0.00 0.00 0.00 5.60 0}{5.60 0.00 0.00 0.00 11.20 0}{11.20 14.00 14.40 15.00 16.80 10}{16.80 18.00 19.50 21.00 28.00 2}{28.00 41.00 46.33 50.00 72.00 3}
10 1000 
12 1024 
14 1 
1a ( 15 )[ 1 -1 1 1 0 ]
1a ( 13 )[ 1 -1 3 1 0 ]
1a ( 9 )[ 1 -1 7 1 0 ]
1a ( 1 )[ 1 -1 15 1 0 ]
1a ( 5 )[ 1 -1 11 1 0 ]
1a ( 11 )[ 1 -1 5 1 0 ]
1a ( 7 )[ 1 -1 9 1 0 ]
1a ( 3 )[ 1 -1 13 1 0 ]
1a ( 14 )[ 1 -1 2 1 0 ]
1a ( 12 )[ 1 -1 4 1 0 ]
1a ( 8 )[ 1 -1 8 1 0 ]
1a ( 4 )[ 1 -1 12 1 0 ]
1a ( 10 )[ 1 -1 6 1 0 ]
1a ( 6 )[ 1 -1 10 1 0 ]
1a ( 2 )[ 1 -1 14 1 0 ]
1b 0 

RANKS: 1 -1 0 16 1
EVENT17: 1011 471052_47133e_4713fd_45b0e2_460142_4592c8
COMP 51-0: 4810ba_481457_481550_45ae8b_460142_4592c8 (1 10.00 0 10.00 0 10.00){0.00 0.00 0.00 0.00 4.00 0}{4.00 0.00 0.00 0.00 8.00 0}{8.00 10.00 10.00 10.00 12.00 1}{12.00 0.00 0.00 0.00 16.00 0}{16.00 0.00 0.00 0.00 20.00 0}
COMP 51-1: 485d8d_4860ce_4861a5_45afe1_460142_4592c8 (15 13.25 1 9.00 10 30.00){0.00 0.00 0.00 0.00 3.60 0}{3.60 0.00 0.00 0.00 7.20 0}{7.20 9.00 9.00 9.00 10.80 4}{10.80 11.00 12.11 15.00 18.00 9}{18.00 28.00 29.00 30.00 38.00 2}
10 1000 
12 1 
14 3 
19 0 

RANKS: 1 -1 0 1 0
EVENT18: 1169 4a4ea5_4a5137_4a51d4_45e063_4608cf_4592c8
COMP 51-0: 471052_47133e_4713fd_45b0e2_460142_4592c8 (1 14.00 0 14.00 0 14.00){0.00 0.00 0.00 0.00 5.60 0}{5.60 0.00 0.00 0.00 11.20 0}{11.20 14.00 14.00 14.00 16.80 1}{16.80 0.00 0.00 0.00 22.40 0}{22.40 0.00 0.00 0.00 28.00 0}
11 1 
12 10 
49 0 

RANKS: 1 -1 0 1 0
EVENT19: 1169 4a4ea5_4a5137_4a51d4_45e0c0_4608cf_4592c8
COMP 51-0: 4a4ea5_4a5137_4a51d4_45e063_4608cf_4592c8 (1 19.00 0 19.00 0 19.00){0.00 0.00 0.00 0.00 7.60 0}{7.60 0.00 0.00 0.00 15.20 0}{15.20 19.00 19.00 19.00 22.80 1}{22.80 0.00 0.00 0.00 30.40 0}{30.40 0.00 0.00 0.00 38.00 0}
11 1 
12 22 
49 0 

RANKS: 1 -1 0 1 0
EVENT20: 1169 4a4ea5_4a5137_4a51d4_45e106_4608cf_4592c8
COMP 51-0: 4a4ea5_4a5137_4a51d4_45e0c0_4608cf_4592c8 (1 9.00 0 9.00 0 9.00){0.00 0.00 0.00 0.00 3.60 0}{3.60 0.00 0.00 0.00 7.20 0}{7.20 9.00 9.00 9.00 10.80 1}{10.80 0.00 0.00 0.00 14.40 0}{14.40 0.00 0.00 0.00 18.00 0}
11 1 
12 18 
49 0 

RANKS: 1 -1 0 1 0
EVENT21: 1169 4a4ea5_4a5137_4a51d4_45e16f_4608cf_4592c8
COMP 51-0: 4a4ea5_4a5137_4a51d4_45e106_4608cf_4592c8 (1 12.00 0 12.00 0 12.00){0.00 0.00 0.00 0.00 4.80 0}{4.80 0.00 0.00 0.00 9.60 0}{9.60 12.00 12.00 12.00 14.40 1}{14.40 0.00 0.00 0.00 19.20 0}{19.20 0.00 0.00 0.00 24.00 0}
11 1 
12 12 
49 0 

RANKS: 1 -1 0 1 0
EVENT22: 1169 4a4ea5_4a5137_4a51d4_45e1f6_4608cf_4592c8
COMP 51-0: 4a4ea5_4a5137_4a51d4_45e16f_4608cf_4592c8 (1 15.00 0 15.00 0 15.00){0.00 0.00 0.00 0.00 6.00 0}{6.00 0.00 0.00 0.00 12.00 0}{12.00 15.00 15.00 15.00 18.00 1}{18.00 0.00 0.00 0.00 24.00 0}{24.00 0.00 0.00 0.00 30.00 0}
11 1 
12 21 
49 0 

RANKS: 1 -1 0 1 0
EVENT23: 1169 4a4ea5_4a5137_4a51d4_45e21f_4608cf_4592c8
COMP 51-0: 4a4ea5_4a5137_4a51d4_45e1f6_4608cf_4592c8 (1 9.00 0 9.00 0 9.00){0.00 0.00 0.00 0.00 3.60 0}{3.60 0.00 0.00 0.00 7.20 0}{7.20 9.00 9.00 9.00 10.80 1}{10.80 0.00 0.00 0.00 14.40 0}{14.40 0.00 0.00 0.00 18.00 0}
11 1 
12 20 
49 0 

RANKS: 1 -1 0 1 0
EVENT24: 1169 4a4ea5_4a5137_4a51d4_45e257_4608cf_4592c8
COMP 51-0: 4a4ea5_4a5137_4a51d4_45e21f_4608cf_4592c8 (1 25.00 0 25.00 0 25.00){0.00 0.00 0.00 0.00 10.00 0}{10.00 0.00 0.00 0.00 20.00 0}{20.00 25.00 25.00 25.00 30.00 1}{30.00 0.00 0.00 0.00 40.00 0}{40.00 0.00 0.00 0.00 50.00 0}
11 1 
12 21 
49 0 

RANKS: 1 -1 0 1 0
EVENT25: 1169 4a4ea5_4a5137_4a51d4_45e28e_4608cf_4592c8
COMP 51-0: 4a4ea5_4a5137_4a51d4_45e257_4608cf_4592c8 (1 8.00 0 8.00 0 8.00){0.00 0.00 0.00 0.00 3.20 0}{3.20 0.00 0.00 0.00 6.40 0}{6.40 8.00 8.00 8.00 9.60 1}{9.60 0.00 0.00 0.00 12.80 0}{12.80 0.00 0.00 0.00 16.00 0}
11 1 
12 18 
49 0 

RANKS: 1 -1 0 16 1
EVENT26: 1011 471052_47133e_4713fd_460ac3_4592c8
COMP 51-0: 471052_47133e_4713fd_45b0e2_460142_4592c8 (15 17.69 13 12.00 10 35.00){0.00 0.00 0.00 0.00 6.00 0}{6.00 12.00 12.00 12.00 12.00 1}{12.00 14.00 15.83 17.00 30.00 12}{30.00 31.00 31.00 31.00 32.00 1}{32.00 35.00 35.00 35.00 38.00 1}
COMP 51-1: 4a4ea5_4a5137_4a51d4_45e28e_4608cf_4592c8 (1 31.00 0 31.00 0 31.00){0.00 0.00 0.00 0.00 12.40 0}{12.40 0.00 0.00 0.00 24.80 0}{24.80 31.00 31.00 31.00 37.20 1}{37.20 0.00 0.00 0.00 49.60 0}{49.60 0.00 0.00 0.00 62.00 0}
10 1000 
12 1 
14 7 
19 0 

RANKS: 1 -1 0 16 1
EVENT27: 1010 470bed_470de3_470e43_460d4a_4592c8
COMP 51-0: 471052_47133e_4713fd_460ac3_4592c8 (16 55.41 15 14.00 0 308.00){0.00 14.00 21.73 48.00 123.20 15}{123.20 0.00 0.00 0.00 246.40 0}{246.40 308.00 308.00 308.00 369.60 1}{369.60 0.00 0.00 0.00 492.80 0}{492.80 0.00 0.00 0.00 616.00 0}
10 1000 

RANKS: 1 -1 0 16 1
EVENT28: 1171 491686_491ab6_491b7b_46a744_46a481_460e5a_4592c8
COMP 51-0: 470bed_470de3_470e43_460d4a_4592c8 (16 35.35 14 21.00 10 69.00){0.00 0.00 0.00 0.00 20.00 0}{20.00 21.00 25.30 28.50 30.00 10}{30.00 36.00 36.00 36.00 40.00 1}{40.00 45.00 45.00 45.00 50.00 1}{50.00 53.00 60.50 69.00 74.00 4}
COMM 51-0: 470bed_470de3_470e43_460d4a_4592c8 (16 46495.94 6 45464.00 15 47336.00){0.00 0.00 0.00 0.00 18644.80 0}{18644.80 0.00 0.00 0.00 37289.60 0}{37289.60 45464.00 46488.69 47336.00 55934.40 16}{55934.40 0.00 0.00 0.00 74579.20 0}{74579.20 0.00 0.00 0.00 93224.00 0}
10 1000 
3a :interleave.dat  
3b 41 
3c 1000 
52 58613 

RANKS: 1 -1 0 1 0
EVENT29: 1169 4a4ea5_4a5137_4a51d4_460f96_4592c8
COMP 51-0: 491686_491ab6_491b7b_46a744_46a481_460e5a_4592c8 (1 20.00 0 20.00 0 20.00){0.00 0.00 0.00 0.00 8.00 0}{8.00 0.00 0.00 0.00 16.00 0}{16.00 20.00 20.00 20.00 24.00 1}{24.00 0.00 0.00 0.00 32.00 0}{32.00 0.00 0.00 0.00 40.00 0}
11 1 
12 35 
49 0 

RANKS: 1 -1 0 16 1
EVENT30: 1176 493ca4_493fc8_4940a9_46b48b_465436_460ff4_4592c8
COMP 51-0: 491686_491ab6_491b7b_46a744_46a481_460e5a_4592c8 (15 443.81 12 217.00 5 1422.00){0.00 217.00 217.00 217.00 220.40 1}{220.40 221.00 269.38 387.00 440.80 8}{440.80 539.00 551.20 560.00 881.60 5}{881.60 0.00 0.00 0.00 1102.00 0}{1102.00 1422.00 1422.00 1422.00 1742.00 1}
COMP 51-1: 493ca4_493fc8_4940a9_46b48b_465436_460ff4_4592c8 (240 38.06 1 13.00 8 112.00){0.00 13.00 16.16 16.58 17.20 15}{17.20 22.00 25.42 33.00 34.40 18}{34.40 39.00 39.86 44.00 51.60 199}{51.60 52.00 55.00 57.00 86.00 7}{86.00 112.00 112.00 112.00 138.00 1}
COMP 51-2: 4a4ea5_4a5137_4a51d4_460f96_4592c8 (1 242.00 0 242.00 0 242.00){0.00 0.00 0.00 0.00 96.80 0}{96.80 0.00 0.00 0.00 193.60 0}{193.60 242.00 242.00 242.00 290.40 1}{290.40 0.00 0.00 0.00 387.20 0}{387.20 0.00 0.00 0.00 484.00 0}
LOOP0: iter: ( 16 )[ 1 -1 0 16 1 ] mem: ( 1 )[ 1 -1 0 16 1 ]
12 131072 
14 12 
3c 1000 
3d ( 0 2097152 4194304 6291456 8388608 10485760 12582912 14680064 16777216 18874368 20971520 23068672 25165824 27262976 29360128 31457280 )[ 1 -1 0 1 0 ]
3d ( 131072 2228224 4325376 6422528 8519680 10616832 12713984 14811136 16908288 19005440 21102592 23199744 25296896 27394048 29491200 31588352 )[ 1 -1 1 1 0 ]
3d ( 393216 2490368 4587520 6684672 8781824 10878976 12976128 15073280 17170432 19267584 21364736 23461888 25559040 27656192 29753344 31850496 )[ 1 -1 3 1 0 ]
3d ( 917504 3014656 5111808 7208960 9306112 11403264 13500416 15597568 17694720 19791872 21889024 23986176 26083328 28180480 30277632 32374784 )[ 1 -1 7 1 0 ]
3d ( 1966080 4063232 6160384 8257536 10354688 12451840 14548992 16646144 18743296 20840448 22937600 25034752 27131904 29229056 31326208 33423360 )[ 1 -1 15 1 0 ]
3d ( 1441792 3538944 5636096 7733248 9830400 11927552 14024704 16121856 18219008 20316160 22413312 24510464 26607616 28704768 30801920 32899072 )[ 1 -1 11 1 0 ]
3d ( 655360 2752512 4849664 6946816 9043968 11141120 13238272 15335424 17432576 19529728 21626880 23724032 25821184 27918336 30015488 32112640 )[ 1 -1 5 1 0 ]
3d ( 1179648 3276800 5373952 7471104 9568256 11665408 13762560 15859712 17956864 20054016 22151168 24248320 26345472 28442624 30539776 32636928 )[ 1 -1 9 1 0 ]
3d ( 1703936 3801088 5898240 7995392 10092544 12189696 14286848 16384000 18481152 20578304 22675456 24772608 26869760 28966912 31064064 33161216 )[ 1 -1 13 1 0 ]
3d ( 262144 2359296 4456448 6553600 8650752 10747904 12845056 14942208 17039360 19136512 21233664 23330816 25427968 27525120 29622272 31719424 )[ 1 -1 2 1 0 ]
3d ( 524288 2621440 4718592 6815744 8912896 11010048 13107200 15204352 17301504 19398656 21495808 23592960 25690112 27787264 29884416 31981568 )[ 1 -1 4 1 0 ]
3d ( 1048576 3145728 5242880 7340032 9437184 11534336 13631488 15728640 17825792 19922944 22020096 24117248 26214400 28311552 30408704 32505856 )[ 1 -1 8 1 0 ]
3d ( 1572864 3670016 5767168 7864320 9961472 12058624 14155776 16252928 18350080 20447232 22544384 24641536 26738688 28835840 30932992 33030144 )[ 1 -1 12 1 0 ]
3d ( 786432 2883584 4980736 7077888 9175040 11272192 13369344 15466496 17563648 19660800 21757952 23855104 25952256 28049408 30146560 32243712 )[ 1 -1 6 1 0 ]
3d ( 1310720 3407872 5505024 7602176 9699328 11796480 13893632 15990784 18087936 20185088 22282240 24379392 26476544 28573696 30670848 32768000 )[ 1 -1 10 1 0 ]
3d ( 1835008 3932160 6029312 8126464 10223616 12320768 14417920 16515072 18612224 20709376 22806528 24903680 27000832 29097984 31195136 33292288 )[ 1 -1 14 1 0 ]

RANKS: 1 -1 0 16 1
EVENT31: 1183 496b2e_496d6d_496dcd_46b6dc_461140_4592c8
COMP 51-0: 493ca4_493fc8_4940a9_46b48b_465436_460ff4_4592c8 (16 115.76 13 68.00 12 142.00){0.00 0.00 0.00 0.00 28.00 0}{28.00 0.00 0.00 0.00 56.00 0}{56.00 68.00 80.75 104.00 112.00 4}{112.00 117.00 129.20 132.00 140.00 10}{140.00 141.00 141.50 142.00 142.00 2}
3c 1000 
52 1160985 

RANKS: 1 -1 0 16 1
EVENT32: 1010 470bed_470de3_470e43_4612a4_4592c8
COMP 51-0: 496b2e_496d6d_496dcd_46b6dc_461140_4592c8 (16 25.76 0 12.00 2 41.00){0.00 0.00 0.00 0.00 4.80 0}{4.80 0.00 0.00 0.00 9.60 0}{9.60 12.00 12.67 14.00 24.00 3}{24.00 27.00 28.27 29.00 34.00 11}{34.00 36.00 38.50 41.00 48.00 2}
10 1000 

RANKS: 1 -1 0 16 1
EVENT33: 1171 491686_491ab6_491b7b_46be3a_461465_4592c8
COMP 51-0: 470bed_470de3_470e43_4612a4_4592c8 (16 23.94 13 11.00 7 30.00){0.00 0.00 0.00 0.00 4.80 0}{4.80 0.00 0.00 0.00 9.60 0}{9.60 11.00 12.00 13.00 19.20 3}{19.20 0.00 0.00 0.00 24.00 0}{24.00 26.00 27.62 30.00 36.00 13}
COMM 51-0: 470bed_470de3_470e43_4612a4_4592c8 (16 32620.82 10 32440.00 10 32666.00){0.00 0.00 0.00 0.00 13065.60 0}{13065.60 0.00 0.00 0.00 26131.20 0}{26131.20 32440.00 32618.12 32666.00 39196.80 16}{39196.80 0.00 0.00 0.00 52262.40 0}{52262.40 0.00 0.00 0.00 65328.00 0}
10 1000 
3a :interleave.dat  
3b 2 
3c 1001 
52 33424 

RANKS: 1 -1 0 16 1
EVENT34: 1183 496b2e_496d6d_496dcd_46bfdd_461465_4592c8
COMP 51-0: 491686_491ab6_491b7b_46be3a_461465_4592c8 (16 2042.18 2 1111.00 12 2523.00){0.00 0.00 0.00 0.00 713.20 0}{713.20 1111.00 1111.00 1111.00 1426.40 1}{1426.40 1583.00 1743.20 2052.00 2139.60 5}{2139.60 2183.00 2310.70 2523.00 2852.80 10}{2852.80 0.00 0.00 0.00 3566.00 0}
3c 1001 
52 2174 

RANKS: 1 -1 0 16 1
EVENT35: 1004 46e310_46e630_46e710_46c1e0_461465_4592c8
COMP 51-0: 496b2e_496d6d_496dcd_46bfdd_461465_4592c8 (16 41.29 3 15.00 6 86.00){0.00 0.00 0.00 0.00 14.00 0}{14.00 15.00 16.75 18.00 28.00 4}{28.00 35.00 35.67 37.00 42.00 3}{42.00 47.00 50.88 58.00 70.00 8}{70.00 86.00 86.00 86.00 102.00 1}
10 1000 
12 1 
14 38 
18 2 

RANKS: 1 -1 0 16 1
EVENT36: 1004 46e310_46e630_46e710_46c2e0_461465_4592c8
COMP 51-0: 46e310_46e630_46e710_46c1e0_461465_4592c8 (16 20.35 13 9.00 5 25.00){0.00 9.00 9.00 9.00 9.60 1}{9.60 10.00 10.33 11.00 19.20 3}{19.20 23.00 23.50 25.00 28.80 12}{28.80 0.00 0.00 0.00 38.40 0}{38.40 0.00 0.00 0.00 48.00 0}
10 1000 
12 1 
14 38 
18 1 

RANKS: 1 -1 0 16 1
EVENT37: 1004 46e310_46e630_46e710_459de7_46147b_4592c8
COMP 51-0: 46e310_46e630_46e710_46c2e0_461465_4592c8 (16 20.88 7 10.00 0 25.00){0.00 10.00 10.00 10.00 10.00 2}{10.00 11.00 11.00 11.00 20.00 2}{20.00 23.00 24.00 25.00 30.00 12}{30.00 0.00 0.00 0.00 40.00 0}{40.00 0.00 0.00 0.00 50.00 0}
10 1000 
12 1 
14 38 
18 3 

RANKS: 1 -1 0 16 1
EVENT38: 1104 48214b_4824b0_4825ae_45d3dc_4614bc_4592c8
COMP 51-0: 46e310_46e630_46e710_459de7_46147b_4592c8 (16 29.12 7 16.00 14 36.00){0.00 0.00 0.00 0.00 10.80 0}{10.80 16.00 17.75 20.00 21.60 4}{21.60 27.00 29.50 32.00 32.40 2}{32.40 33.00 33.80 36.00 43.20 10}{43.20 0.00 0.00 0.00 54.00 0}
COMP 51-1: 48214b_4824b0_4825ae_45d3dc_4614bc_4592c8 (176 22.14 7 9.00 11 40.00){0.00 9.00 10.40 12.00 13.60 42}{13.60 14.00 25.45 27.00 27.20 129}{27.20 28.00 32.80 40.00 40.80 5}{40.80 0.00 0.00 0.00 54.40 0}{54.40 0.00 0.00 0.00 68.00 0}
LOOP0: iter: ( 12 )[ 1 -1 0 16 1 ] mem: ( 1 )[ 1 -1 0 16 1 ]
10 1000 
12 1 
14 10 
18 2 1 
19 0 

RANKS: 1 -1 0 16 1
EVENT39: 1010 470bed_470de3_470e43_461d7f_4592c8
COMP 51-0: 48214b_4824b0_4825ae_45d3dc_4614bc_4592c8 (16 30.82 12 11.00 6 97.00){0.00 11.00 11.00 11.00 12.80 1}{12.80 13.00 14.33 15.00 25.60 3}{25.60 29.00 31.00 32.00 51.20 11}{51.20 0.00 0.00 0.00 64.00 0}{64.00 97.00 97.00 97.00 130.00 1}
10 1000 

RANKS: 1 -1 0 16 1
EVENT40: 1171 491686_491ab6_491b7b_46a744_461e8f_4592c8
COMP 51-0: 470bed_470de3_470e43_461d7f_4592c8 (16 35.76 13 15.00 1 46.00){0.00 15.00 15.00 15.00 18.00 1}{18.00 20.00 24.75 36.00 36.00 4}{36.00 36.75 40.82 46.00 54.00 11}{54.00 0.00 0.00 0.00 72.00 0}{72.00 0.00 0.00 0.00 90.00 0}
COMM 51-0: 470bed_470de3_470e43_461d7f_4592c8 (16 29589.88 12 29446.00 1 30392.00){0.00 0.00 0.00 0.00 11786.00 0}{11786.00 0.00 0.00 0.00 23572.00 0}{23572.00 29446.00 29597.69 30392.00 35358.00 16}{35358.00 0.00 0.00 0.00 47144.00 0}{47144.00 0.00 0.00 0.00 58930.00 0}
10 1000 
3a :interleave.dat  
3b 41 
3c 1002 
52 33473 

RANKS: 1 -1 0 1 0
EVENT41: 1169 4a4ea5_4a5137_4a51d4_462003_4592c8
COMP 51-0: 491686_491ab6_491b7b_46a744_461e8f_4592c8 (1 34.00 0 34.00 0 34.00){0.00 0.00 0.00 0.00 13.60 0}{13.60 0.00 0.00 0.00 27.20 0}{27.20 34.00 34.00 34.00 40.80 1}{40.80 0.00 0.00 0.00 54.40 0}{54.40 0.00 0.00 0.00 68.00 0}
11 1 
12 34 
49 0 

RANKS: 1 -1 0 16 1
EVENT42: 1180 495934_495c58_495d39_46b48b_46551c_462061_4592c8
COMP 51-0: 491686_491ab6_491b7b_46a744_461e8f_4592c8 (15 513.69 8 227.00 6 568.00){0.00 0.00 0.00 0.00 213.60 0}{213.60 227.00 227.00 227.00 427.20 1}{427.20 505.00 532.71 568.00 640.80 14}{640.80 0.00 0.00 0.00 854.40 0}{854.40 0.00 0.00 0.00 1068.00 0}
COMP 51-1: 495934_495c58_495d39_46b48b_46551c_462061_4592c8 (240 38.22 0 13.00 11 152.00){0.00 13.00 18.79 20.50 22.80 14}{22.80 24.27 37.24 43.00 45.60 213}{45.60 52.00 62.27 79.00 114.00 11}{114.00 120.00 120.00 120.00 126.00 1}{126.00 152.00 152.00 152.00 178.00 1}
COMP 51-2: 4a4ea5_4a5137_4a51d4_462003_4592c8 (1 661.00 0 661.00 0 661.00){0.00 0.00 0.00 0.00 264.40 0}{264.40 0.00 0.00 0.00 528.80 0}{528.80 661.00 661.00 661.00 793.20 1}{793.20 0.00 0.00 0.00 1057.60 0}{1057.60 0.00 0.00 0.00 1322.00 0}
LOOP0: iter: ( 16 )[ 1 -1 0 16 1 ] mem: ( 1 )[ 1 -1 0 16 1 ]
12 131072 
14 12 
3c 1002 
3d ( 0 2097152 4194304 6291456 8388608 10485760 12582912 14680064 16777216 18874368 20971520 23068672 25165824 27262976 29360128 31457280 )[ 1 -1 0 1 0 ]
3d ( 131072 2228224 4325376 6422528 8519680 10616832 12713984 14811136 16908288 19005440 21102592 23199744 25296896 27394048 29491200 31588352 )[ 1 -1 1 1 0 ]
3d ( 393216 2490368 4587520 6684672 8781824 10878976 12976128 15073280 17170432 19267584 21364736 23461888 25559040 27656192 29753344 31850496 )[ 1 -1 3 1 0 ]
3d ( 917504 3014656 5111808 7208960 9306112 11403264 13500416 15597568 17694720 19791872 21889024 23986176 26083328 28180480 30277632 32374784 )[ 1 -1 7 1 0 ]
3d ( 1966080 4063232 6160384 8257536 10354688 12451840 14548992 16646144 18743296 20840448 22937600 25034752 27131904 29229056 31326208 33423360 )[ 1 -1 15 1 0 ]
3d ( 1441792 3538944 5636096 7733248 9830400 11927552 14024704 16121856 18219008 20316160 22413312 24510464 26607616 28704768 30801920 32899072 )[ 1 -1 11 1 0 ]
3d ( 655360 2752512 4849664 6946816 9043968 11141120 13238272 15335424 17432576 19529728 21626880 23724032 25821184 27918336 30015488 32112640 )[ 1 -1 5 1 0 ]
3d ( 1179648 3276800 5373952 7471104 9568256 11665408 13762560 15859712 17956864 20054016 22151168 24248320 26345472 28442624 30539776 32636928 )[ 1 -1 9 1 0 ]
3d ( 1703936 3801088 5898240 7995392 10092544 12189696 14286848 16384000 18481152 20578304 22675456 24772608 26869760 28966912 31064064 33161216 )[ 1 -1 13 1 0 ]
3d ( 262144 2359296 4456448 6553600 8650752 10747904 12845056 14942208 17039360 19136512 21233664 23330816 25427968 27525120 29622272 31719424 )[ 1 -1 2 1 0 ]
3d ( 524288 2621440 4718592 6815744 8912896 11010048 13107200 15204352 17301504 19398656 21495808 23592960 25690112 27787264 29884416 31981568 )[ 1 -1 4 1 0 ]
3d ( 1048576 3145728 5242880 7340032 9437184 11534336 13631488 15728640 17825792 19922944 22020096 24117248 26214400 28311552 30408704 32505856 )[ 1 -1 8 1 0 ]
3d ( 1572864 3670016 5767168 7864320 9961472 12058624 14155776 16252928 18350080 20447232 22544384 24641536 26738688 28835840 30932992 33030144 )[ 1 -1 12 1 0 ]
3d ( 786432 2883584 4980736 7077888 9175040 11272192 13369344 15466496 17563648 19660800 21757952 23855104 25952256 28049408 30146560 32243712 )[ 1 -1 6 1 0 ]
3d ( 1310720 3407872 5505024 7602176 9699328 11796480 13893632 15990784 18087936 20185088 22282240 24379392 26476544 28573696 30670848 32768000 )[ 1 -1 10 1 0 ]
3d ( 1835008 3932160 6029312 8126464 10223616 12320768 14417920 16515072 18612224 20709376 22806528 24903680 27000832 29097984 31195136 33292288 )[ 1 -1 14 1 0 ]

RANKS: 1 -1 0 16 1
EVENT43: 1183 496b2e_496d6d_496dcd_46b6dc_4621ad_4592c8
COMP 51-0: 495934_495c58_495d39_46b48b_46551c_462061_4592c8 (16 129.12 1 98.00 6 160.00){0.00 0.00 0.00 0.00 54.80 0}{54.80 98.00 99.00 100.00 109.60 2}{109.60 119.00 132.86 160.00 164.40 14}{164.40 0.00 0.00 0.00 219.20 0}{219.20 0.00 0.00 0.00 274.00 0}
3c 1002 
52 386889 

RANKS: 1 -1 0 16 1
EVENT44: 1171 491686_491ab6_491b7b_46be3a_462211_4592c8
COMP 51-0: 496b2e_496d6d_496dcd_46b6dc_4621ad_4592c8 (16 29.53 1 18.00 14 43.00){0.00 0.00 0.00 0.00 11.60 0}{11.60 18.00 18.00 18.00 23.20 1}{23.20 28.00 29.43 32.00 34.80 14}{34.80 43.00 43.00 43.00 46.40 1}{46.40 0.00 0.00 0.00 58.00 0}
COMM 51-0: 496b2e_496d6d_496dcd_46b6dc_4621ad_4592c8 (16 39291.24 12 38962.00 15 40275.00){0.00 0.00 0.00 0.00 15676.80 0}{15676.80 0.00 0.00 0.00 31353.60 0}{31353.60 38962.00 39297.44 40275.00 47030.40 16}{47030.40 0.00 0.00 0.00 62707.20 0}{62707.20 0.00 0.00 0.00 78384.00 0}
10 1000 
3a :interleave.dat  
3b 2 
3c 1003 
52 36997 

RANKS: 1 -1 0 16 1
EVENT45: 1183 496b2e_496d6d_496dcd_46bfdd_462211_4592c8
COMP 51-0: 491686_491ab6_491b7b_46be3a_462211_4592c8 (16 3199.65 9 1456.00 10 5856.00){0.00 0.00 0.00 0.00 976.80 0}{976.80 1456.00 1456.00 1456.00 1953.60 1}{1953.60 2023.00 2962.67 3830.00 3907.20 12}{3907.20 4477.00 4544.00 4611.00 4884.00 2}{4884.00 5856.00 5856.00 5856.00 6828.00 1}
3c 1003 
52 6601 

RANKS: 1 -1 0 16 1
EVENT46: 1004 46e310_46e630_46e710_46c1e0_462211_4592c8
COMP 51-0: 496b2e_496d6d_496dcd_46bfdd_462211_4592c8 (16 27.18 4 14.00 3 30.00){0.00 0.00 0.00 0.00 10.80 0}{10.80 14.00 14.00 14.00 21.60 1}{21.60 26.00 28.07 30.00 32.40 15}{32.40 0.00 0.00 0.00 43.20 0}{43.20 0.00 0.00 0.00 54.00 0}
10 1000 
12 1 
14 38 
18 2 

RANKS: 1 -1 0 16 1
EVENT47: 1004 46e310_46e630_46e710_46c2e0_462211_4592c8
COMP 51-0: 46e310_46e630_46e710_46c1e0_462211_4592c8 (16 23.41 4 10.00 14 27.00){0.00 0.00 0.00 0.00 9.60 0}{9.60 10.00 10.00 10.00 19.20 1}{19.20 23.00 24.27 27.00 28.80 15}{28.80 0.00 0.00 0.00 38.40 0}{38.40 0.00 0.00 0.00 48.00 0}
10 1000 
12 1 
14 38 
18 1 

RANKS: 1 -1 0 16 1
EVENT48: 1004 46e310_46e630_46e710_459de7_462227_4592c8
COMP 51-0: 46e310_46e630_46e710_46c2e0_462211_4592c8 (16 23.71 4 10.00 2 27.00){0.00 0.00 0.00 0.00 9.60 0}{9.60 10.00 10.00 10.00 19.20 1}{19.20 23.00 24.60 27.00 28.80 15}{28.80 0.00 0.00 0.00 38.40 0}{38.40 0.00 0.00 0.00 48.00 0}
10 1000 
12 1 
14 38 
18 3 

RANKS: 1 -1 0 16 1
EVENT49: 1104 48214b_4824b0_4825ae_45d3dc_462268_4592c8
COMP 51-0: 46e310_46e630_46e710_459de7_462227_4592c8 (16 25.71 4 12.00 1 30.00){0.00 0.00 0.00 0.00 10.40 0}{10.40 12.00 12.00 12.00 20.80 1}{20.80 25.00 26.60 30.00 31.20 15}{31.20 0.00 0.00 0.00 41.60 0}{41.60 0.00 0.00 0.00 52.00 0}
COMP 51-1: 48214b_4824b0_4825ae_45d3dc_462268_4592c8 (176 25.63 4 10.00 14 64.00){0.00 10.00 10.00 10.00 10.00 1}{10.00 10.67 10.70 11.00 20.00 10}{20.00 23.00 25.27 37.00 40.00 157}{40.00 47.00 49.25 50.00 50.00 4}{50.00 51.00 57.50 64.00 64.00 4}
LOOP0: iter: ( 12 )[ 1 -1 0 16 1 ] mem: ( 1 )[ 1 -1 0 16 1 ]
10 1000 
12 1 
14 10 
18 2 1 
19 0 

RANKS: 1 -1 0 16 1
EVENT50: 1010 470bed_470de3_470e43_462676_4592c8
COMP 51-0: 48214b_4824b0_4825ae_45d3dc_462268_4592c8 (16 24.82 4 12.00 0 26.00){0.00 0.00 0.00 0.00 10.40 0}{10.40 12.00 12.00 12.00 20.80 1}{20.80 24.00 25.60 26.00 31.20 15}{31.20 0.00 0.00 0.00 41.60 0}{41.60 0.00 0.00 0.00 52.00 0}
10 1000 

RANKS: 1 -1 0 1 0
EVENT51: 1184 497051_4972e3_497353_46b9a3_45db5e_462786_4592c8
COMP 51-0: 470bed_470de3_470e43_462676_4592c8 (1 55.00 0 55.00 0 55.00){0.00 0.00 0.00 0.00 22.00 0}{22.00 0.00 0.00 0.00 44.00 0}{44.00 55.00 55.00 55.00 66.00 1}{66.00 0.00 0.00 0.00 88.00 0}{88.00 0.00 0.00 0.00 110.00 0}
3a :interleave.dat  

RANKS: 1 -1 0 16 1
EVENT52: 1010 470bed_470de3_470e43_4627a3_4592c8
COMP 51-0: 470bed_470de3_470e43_462676_4592c8 (15 21.75 4 9.00 5 25.00){0.00 0.00 0.00 0.00 8.80 0}{8.80 9.00 9.00 9.00 17.60 1}{17.60 21.00 22.64 25.00 26.40 14}{26.40 0.00 0.00 0.00 35.20 0}{35.20 0.00 0.00 0.00 44.00 0}
COMP 51-1: 497051_4972e3_497353_46b9a3_45db5e_462786_4592c8 (1 36.00 0 36.00 0 36.00){0.00 0.00 0.00 0.00 14.40 0}{14.40 0.00 0.00 0.00 28.80 0}{28.80 36.00 36.00 36.00 43.20 1}{43.20 0.00 0.00 0.00 57.60 0}{57.60 0.00 0.00 0.00 72.00 0}
10 1000 

RANKS: 1 -1 0 1 0
EVENT53: 1169 4a4ea5_4a5137_4a51d4_45f333_4628d3_4592c8
COMP 51-0: 470bed_470de3_470e43_4627a3_4592c8 (1 72.00 0 72.00 0 72.00){0.00 0.00 0.00 0.00 28.80 0}{28.80 0.00 0.00 0.00 57.60 0}{57.60 72.00 72.00 72.00 86.40 1}{86.40 0.00 0.00 0.00 115.20 0}{115.20 0.00 0.00 0.00 144.00 0}
11 1 
12 109 
49 0 

RANKS: 1 -1 0 1 0
EVENT54: 1169 4a4ea5_4a5137_4a51d4_45f358_4628d3_4592c8
COMP 51-0: 4a4ea5_4a5137_4a51d4_45f333_4628d3_4592c8 (1 23.00 0 23.00 0 23.00){0.00 0.00 0.00 0.00 9.20 0}{9.20 0.00 0.00 0.00 18.40 0}{18.40 23.00 23.00 23.00 27.60 1}{27.60 0.00 0.00 0.00 36.80 0}{36.80 0.00 0.00 0.00 46.00 0}
11 1 
12 87 
49 0 

RANKS: 1 -1 0 1 0
EVENT55: 1169 4a4ea5_4a5137_4a51d4_45f384_4628d3_4592c8
COMP 51-0: 4a4ea5_4a5137_4a51d4_45f358_4628d3_4592c8 (1 34.00 0 34.00 0 34.00){0.00 0.00 0.00 0.00 13.60 0}{13.60 0.00 0.00 0.00 27.20 0}{27.20 34.00 34.00 34.00 40.80 1}{40.80 0.00 0.00 0.00 54.40 0}{54.40 0.00 0.00 0.00 68.00 0}
11 1 
12 108 
49 0 

RANKS: 1 -1 0 1 0
EVENT56: 1169 4a4ea5_4a5137_4a51d4_45f764_4628d3_4592c8
COMP 51-0: 4a4ea5_4a5137_4a51d4_45f384_4628d3_4592c8 (1 75.00 0 75.00 0 75.00){0.00 0.00 0.00 0.00 30.00 0}{30.00 0.00 0.00 0.00 60.00 0}{60.00 75.00 75.00 75.00 90.00 1}{90.00 0.00 0.00 0.00 120.00 0}{120.00 0.00 0.00 0.00 150.00 0}
11 1 
12 6 
49 0 

RANKS: 1 -1 0 1 0
EVENT57: 1169 4a4ea5_4a5137_4a51d4_45fb4a_4628d3_4592c8
COMP 51-0: 4a4ea5_4a5137_4a51d4_45f764_4628d3_4592c8 (1 60.00 0 60.00 0 60.00){0.00 0.00 0.00 0.00 24.00 0}{24.00 0.00 0.00 0.00 48.00 0}{48.00 60.00 60.00 60.00 72.00 1}{72.00 0.00 0.00 0.00 96.00 0}{96.00 0.00 0.00 0.00 120.00 0}
11 1 
12 6 
49 0 

RANKS: 1 -1 0 16 1
EVENT58: 1028 474931_474af2_474b52_4628dd_4592c8
COMP 51-0: 470bed_470de3_470e43_4627a3_4592c8 (15 62.31 14 37.00 15 115.00){0.00 0.00 0.00 0.00 19.60 0}{19.60 37.00 37.00 37.00 39.20 1}{39.20 41.00 47.50 55.00 78.40 10}{78.40 97.00 97.00 97.00 98.00 1}{98.00 111.00 113.00 115.00 124.00 3}
COMP 51-1: 4a4ea5_4a5137_4a51d4_45fb4a_4628d3_4592c8 (1 76.00 0 76.00 0 76.00){0.00 0.00 0.00 0.00 30.40 0}{30.40 0.00 0.00 0.00 60.80 0}{60.80 76.00 76.00 76.00 91.20 1}{91.20 0.00 0.00 0.00 121.60 0}{121.60 0.00 0.00 0.00 152.00 0}
10 1000 

RANKS: 1 -1 0 16 1
EVENT59: 1010 470bed_470de3_470e43_462a58_4592c8
COMP 51-0: 474931_474af2_474b52_4628dd_4592c8 (16 13.06 1 11.00 0 27.00){0.00 0.00 0.00 0.00 10.80 0}{10.80 11.00 11.20 12.00 21.60 15}{21.60 27.00 27.00 27.00 32.40 1}{32.40 0.00 0.00 0.00 43.20 0}{43.20 0.00 0.00 0.00 54.00 0}
10 2 

RANKS: 1 -1 0 16 1
EVENT60: 1045 476acc_476b3d_476b81_459315
COMP 51-0: 470bed_470de3_470e43_462a58_4592c8 (16 260.47 11 120.00 10 734.00){0.00 0.00 0.00 0.00 48.40 0}{48.40 0.00 0.00 0.00 96.80 0}{96.80 120.00 125.33 131.00 193.60 12}{193.60 0.00 0.00 0.00 242.00 0}{242.00 655.00 700.75 734.00 1226.00 4}
52 44491 

