RANKS: 1 -1 0 24 1
EVENT0: 1084 47cb68_47cc13_47cc5f_458fad
33 2 
34 0 

RANKS: 1 -1 0 1 0
EVENT1: 1102 4810ba_481457_481550_45ae8b_45db7f_459218
COMP 51-0: 47cb68_47cc13_47cc5f_458fad (1 45.00 0 45.00 0 45.00){0.00 0.00 0.00 0.00 18.00 0}{18.00 0.00 0.00 0.00 36.00 0}{36.00 45.00 45.00 45.00 54.00 1}{54.00 0.00 0.00 0.00 72.00 0}{72.00 0.00 0.00 0.00 90.00 0}
COMP 51-1: 4810ba_481457_481550_45ae8b_45db7f_459218 (22 10.22 0 9.00 0 17.00){0.00 0.00 0.00 0.00 6.80 0}{6.80 9.00 9.57 12.00 13.60 21}{13.60 17.00 17.00 17.00 20.40 1}{20.40 0.00 0.00 0.00 27.20 0}{27.20 0.00 0.00 0.00 34.00 0}
LOOP0: iter: ( 23 )[ 1 -1 0 1 0 ] mem: ( 1 )[ 1 -1 0 1 0 ]
10 2 
12 1024 
14 1 
1b 0 
2b 2147483647 

RANKS: 1 -1 1 23 1
EVENT2: 1113 485d8d_4860ce_4861a5_45afe1_45db7f_459218
COMP 51-0: 47cb68_47cc13_47cc5f_458fad (23 59.50 2 39.00 22 80.00){0.00 0.00 0.00 0.00 28.80 0}{28.80 39.00 48.08 56.00 57.60 12}{57.60 62.00 70.82 80.00 86.40 11}{86.40 0.00 0.00 0.00 115.20 0}{115.20 0.00 0.00 0.00 144.00 0}
10 2 
12 1024 
14 1 
1a ( 23 )[ 1 -1 1 1 0 ]
1a ( 21 )[ 1 -1 3 1 0 ]
1a ( 17 )[ 1 -1 7 1 0 ]
1a ( 9 )[ 1 -1 15 1 0 ]
1a ( 1 )[ 1 -1 23 1 0 ]
1a ( 13 )[ 1 -1 11 1 0 ]
1a ( 5 )[ 1 -1 19 1 0 ]
1a ( 19 )[ 1 -1 5 1 0 ]
1a ( 15 )[ 1 -1 9 1 0 ]
1a ( 7 )[ 1 -1 17 1 0 ]
1a ( 11 )[ 1 -1 13 1 0 ]
1a ( 3 )[ 1 -1 21 1 0 ]
1a ( 22 )[ 1 -1 2 1 0 ]
1a ( 20 )[ 1 -1 4 1 0 ]
1a ( 16 )[ 1 -1 8 1 0 ]
1a ( 8 )[ 1 -1 16 1 0 ]
1a ( 12 )[ 1 -1 12 1 0 ]
1a ( 4 )[ 1 -1 20 1 0 ]
1a ( 18 )[ 1 -1 6 1 0 ]
1a ( 14 )[ 1 -1 10 1 0 ]
1a ( 6 )[ 1 -1 18 1 0 ]
1a ( 10 )[ 1 -1 14 1 0 ]
1a ( 2 )[ 1 -1 22 1 0 ]
1b 0 

RANKS: 1 -1 0 24 1
EVENT3: 1011 471052_47133e_4713fd_45b0e2_45db7f_459218
COMP 51-0: 4810ba_481457_481550_45ae8b_45db7f_459218 (1 21.00 0 21.00 0 21.00){0.00 0.00 0.00 0.00 8.40 0}{8.40 0.00 0.00 0.00 16.80 0}{16.80 21.00 21.00 21.00 25.20 1}{25.20 0.00 0.00 0.00 33.60 0}{33.60 0.00 0.00 0.00 42.00 0}
COMP 51-1: 485d8d_4860ce_4861a5_45afe1_45db7f_459218 (23 35.67 5 14.00 15 419.00){0.00 0.00 0.00 0.00 12.00 0}{12.00 14.00 15.40 16.00 18.00 10}{18.00 19.00 21.18 24.00 30.00 11}{30.00 35.00 35.00 35.00 40.00 1}{40.00 419.00 419.00 419.00 798.00 1}
10 2 
12 1 
14 3 
19 0 

RANKS: 1 -1 0 24 1
EVENT4: 1167 4a4646_4a4872_4a48cc_468bac_468df4_45db91_459218
COMP 51-0: 471052_47133e_4713fd_45b0e2_45db7f_459218 (24 3056.16 23 1813.00 7 7673.00){0.00 0.00 0.00 0.00 1415.20 0}{1415.20 1813.00 2293.00 2639.00 2830.40 10}{2830.40 2839.50 3251.00 3736.00 5660.80 13}{5660.80 0.00 0.00 0.00 7076.00 0}{7076.00 7673.00 7673.00 7673.00 8270.00 1}
49 0 
52 236112 

RANKS: 1 -1 0 24 1
EVENT5: 1011 471052_47133e_4713fd_45b7a0_45dba2_459218
COMP 51-0: 4a4646_4a4872_4a48cc_468bac_468df4_45db91_459218 (24 14.80 7 12.00 1 20.00){0.00 0.00 0.00 0.00 6.40 0}{6.40 12.00 12.00 12.00 12.80 2}{12.80 13.00 14.76 18.00 19.20 21}{19.20 20.00 20.00 20.00 25.60 1}{25.60 0.00 0.00 0.00 32.00 0}
10 2 
12 4 
14 12 
19 0 

RANKS: 1 -1 0 24 1
EVENT6: 1010 470bed_470de3_470e43_462b44_45dbc8_459218
COMP 51-0: 471052_47133e_4713fd_45b7a0_45dba2_459218 (24 33.88 11 24.00 17 44.00){0.00 0.00 0.00 0.00 14.00 0}{14.00 24.00 25.87 28.00 28.00 8}{28.00 31.00 37.40 40.25 42.00 15}{42.00 44.00 44.00 44.00 56.00 1}{56.00 0.00 0.00 0.00 70.00 0}
10 2 

RANKS: 1 -1 0 24 1
EVENT7: 1104 48214b_4824b0_4825ae_462c42_45dbc8_459218
COMP 51-0: 470bed_470de3_470e43_462b44_45dbc8_459218 (24 21.64 7 18.00 10 27.00){0.00 0.00 0.00 0.00 9.20 0}{9.20 18.00 18.00 18.00 18.40 2}{18.40 19.62 21.91 27.00 27.60 22}{27.60 0.00 0.00 0.00 36.80 0}{36.80 0.00 0.00 0.00 46.00 0}
10 2 
12 1 
14 10 
18 2 
19 0 

RANKS: 1 -1 0 24 1
EVENT8: 1104 48214b_4824b0_4825ae_462d4c_45dbc8_459218
COMP 51-0: 48214b_4824b0_4825ae_462c42_45dbc8_459218 (24 9.64 0 9.00 22 15.00){0.00 0.00 0.00 0.00 3.60 0}{3.60 0.00 0.00 0.00 7.20 0}{7.20 9.00 9.32 10.00 10.80 22}{10.80 12.00 12.00 12.00 14.40 1}{14.40 15.00 15.00 15.00 18.00 1}
10 2 
12 1 
14 10 
18 1 
19 0 

RANKS: 1 -1 0 24 1
EVENT9: 1011 471052_47133e_4713fd_462e50_45dbc8_459218
COMP 51-0: 48214b_4824b0_4825ae_462d4c_45dbc8_459218 (24 10.40 0 9.00 3 12.00){0.00 0.00 0.00 0.00 3.60 0}{3.60 0.00 0.00 0.00 7.20 0}{7.20 9.00 9.08 10.00 10.80 12}{10.80 11.00 11.83 12.00 14.40 12}{14.40 0.00 0.00 0.00 18.00 0}
10 2 
12 1 
14 10 
19 0 

RANKS: 1 -1 0 24 1
EVENT10: 1011 471052_47133e_4713fd_4675bc_45dbe2_459218
COMP 51-0: 471052_47133e_4713fd_462e50_45dbc8_459218 (24 11.04 0 9.00 16 14.00){0.00 0.00 0.00 0.00 3.60 0}{3.60 0.00 0.00 0.00 7.20 0}{7.20 9.00 9.65 10.50 10.80 10}{10.80 11.00 12.18 14.00 14.40 14}{14.40 0.00 0.00 0.00 18.00 0}
10 2 
12 1 
14 3 
19 0 

RANKS: 1 -1 0 1 0
EVENT11: 1169 4a4ea5_4a5137_4a51d4_45dd54_4592a1
COMP 51-0: 471052_47133e_4713fd_4675bc_45dbe2_459218 (1 288.00 0 288.00 0 288.00){0.00 0.00 0.00 0.00 115.20 0}{115.20 0.00 0.00 0.00 230.40 0}{230.40 288.00 288.00 288.00 345.60 1}{345.60 0.00 0.00 0.00 460.80 0}{460.80 0.00 0.00 0.00 576.00 0}
11 1 
12 18 
49 0 

RANKS: 1 -1 0 24 1
EVENT12: 1030 474d46_474f75_474fe5_45fced_4592c8
COMP 51-0: 471052_47133e_4713fd_4675bc_45dbe2_459218 (23 19.25 12 16.00 7 27.00){0.00 0.00 0.00 0.00 7.60 0}{7.60 0.00 0.00 0.00 15.20 0}{15.20 16.00 18.30 21.00 22.80 20}{22.80 24.00 25.67 27.00 30.40 3}{30.40 0.00 0.00 0.00 38.00 0}
COMP 51-1: 4a4ea5_4a5137_4a51d4_45dd54_4592a1 (1 7060.00 0 7060.00 0 7060.00){0.00 0.00 0.00 0.00 2824.00 0}{2824.00 0.00 0.00 0.00 5648.00 0}{5648.00 7060.00 7060.00 7060.00 8472.00 1}{8472.00 0.00 0.00 0.00 11296.00 0}{11296.00 0.00 0.00 0.00 14120.00 0}
10 2 

RANKS: 1 -1 0 24 1
EVENT13: 1066 47b541_47b880_47b91f_45fdf8_4592c8
COMP 51-0: 474d46_474f75_474fe5_45fced_4592c8 (24 14.52 19 11.00 3 19.00){0.00 0.00 0.00 0.00 5.20 0}{5.20 0.00 0.00 0.00 10.40 0}{10.40 11.00 13.25 15.00 15.60 16}{15.60 16.00 17.25 19.00 20.80 8}{20.80 0.00 0.00 0.00 26.00 0}
b 0 23 1 
12 1 
21 1000 

RANKS: 1 -1 0 24 1
EVENT14: 1026 473ecc_47414c_4741cf_45fede_4592c8
COMP 51-0: 47b541_47b880_47b91f_45fdf8_4592c8 (24 11.60 23 10.00 4 15.00){0.00 0.00 0.00 0.00 4.40 0}{4.40 0.00 0.00 0.00 8.80 0}{8.80 10.00 10.89 12.00 13.20 18}{13.20 13.50 13.83 15.00 17.60 6}{17.60 0.00 0.00 0.00 22.00 0}
10 2 
21 1001 

RANKS: 1 -1 0 1 0
EVENT15: 1102 4810ba_481457_481550_45ae8b_460142_4592c8
COMP 51-0: 473ecc_47414c_4741cf_45fede_4592c8 (1 28.00 0 28.00 0 28.00){0.00 0.00 0.00 0.00 11.20 0}{11.20 0.00 0.00 0.00 22.40 0}{22.40 28.00 28.00 28.00 33.60 1}{33.60 0.00 0.00 0.00 44.80 0}{44.80 0.00 0.00 0.00 56.00 0}
COMP 51-1: 4810ba_481457_481550_45ae8b_460142_4592c8 (22 9.78 0 9.00 0 18.00){0.00 0.00 0.00 0.00 3.60 0}{3.60 0.00 0.00 0.00 7.20 0}{7.20 9.00 9.35 10.00 10.80 20}{10.80 11.00 11.00 11.00 14.40 1}{14.40 18.00 18.00 18.00 18.00 1}
LOOP0: iter: ( 23 )[ 1 -1 0 1 0 ] mem: ( 1 )[ 1 -1 0 1 0 ]
10 1000 
12 1024 
14 1 
1b 0 
2b 2147483647 

RANKS: 1 -1 1 23 1
EVENT16: 1113 485d8d_4860ce_4861a5_45afe1_460142_4592c8
COMP 51-0: 473ecc_47414c_4741cf_45fede_4592c8 (23 20.12 1 14.00 10 37.00){0.00 0.00 0.00 0.00 11.20 0}{11.20 14.00 15.20 16.00 16.80 5}{16.80 18.00 19.50 22.00 22.40 12}{22.40 22.50 24.40 27.00 28.00 5}{28.00 37.00 37.00 37.00 46.00 1}
10 1000 
12 1024 
14 1 
1a ( 23 )[ 1 -1 1 1 0 ]
1a ( 21 )[ 1 -1 3 1 0 ]
1a ( 17 )[ 1 -1 7 1 0 ]
1a ( 9 )[ 1 -1 15 1 0 ]
1a ( 1 )[ 1 -1 23 1 0 ]
1a ( 13 )[ 1 -1 11 1 0 ]
1a ( 5 )[ 1 -1 19 1 0 ]
1a ( 19 )[ 1 -1 5 1 0 ]
1a ( 15 )[ 1 -1 9 1 0 ]
1a ( 7 )[ 1 -1 17 1 0 ]
1a ( 11 )[ 1 -1 13 1 0 ]
1a ( 3 )[ 1 -1 21 1 0 ]
1a ( 22 )[ 1 -1 2 1 0 ]
1a ( 20 )[ 1 -1 4 1 0 ]
1a ( 16 )[ 1 -1 8 1 0 ]
1a ( 8 )[ 1 -1 16 1 0 ]
1a ( 12 )[ 1 -1 12 1 0 ]
1a ( 4 )[ 1 -1 20 1 0 ]
1a ( 18 )[ 1 -1 6 1 0 ]
1a ( 14 )[ 1 -1 10 1 0 ]
1a ( 6 )[ 1 -1 18 1 0 ]
1a ( 10 )[ 1 -1 14 1 0 ]
1a ( 2 )[ 1 -1 22 1 0 ]
1b 0 

RANKS: 1 -1 0 24 1
EVENT17: 1011 471052_47133e_4713fd_45b0e2_460142_4592c8
COMP 51-0: 4810ba_481457_481550_45ae8b_460142_4592c8 (1 10.00 0 10.00 0 10.00){0.00 0.00 0.00 0.00 4.00 0}{4.00 0.00 0.00 0.00 8.00 0}{8.00 10.00 10.00 10.00 12.00 1}{12.00 0.00 0.00 0.00 16.00 0}{16.00 0.00 0.00 0.00 20.00 0}
COMP 51-1: 485d8d_4860ce_4861a5_45afe1_460142_4592c8 (23 10.92 7 8.00 1 16.00){0.00 0.00 0.00 0.00 6.40 0}{6.40 8.00 9.74 12.50 12.80 17}{12.80 12.83 13.42 16.00 19.20 6}{19.20 0.00 0.00 0.00 25.60 0}{25.60 0.00 0.00 0.00 32.00 0}
10 1000 
12 1 
14 3 
19 0 

RANKS: 1 -1 0 1 0
EVENT18: 1169 4a4ea5_4a5137_4a51d4_45e063_4608cf_4592c8
COMP 51-0: 471052_47133e_4713fd_45b0e2_460142_4592c8 (1 21.00 0 21.00 0 21.00){0.00 0.00 0.00 0.00 8.40 0}{8.40 0.00 0.00 0.00 16.80 0}{16.80 21.00 21.00 21.00 25.20 1}{25.20 0.00 0.00 0.00 33.60 0}{33.60 0.00 0.00 0.00 42.00 0}
11 1 
12 10 
49 0 

RANKS: 1 -1 0 1 0
EVENT19: 1169 4a4ea5_4a5137_4a51d4_45e0c0_4608cf_4592c8
COMP 51-0: 4a4ea5_4a5137_4a51d4_45e063_4608cf_4592c8 (1 17.00 0 17.00 0 17.00){0.00 0.00 0.00 0.00 6.80 0}{6.80 0.00 0.00 0.00 13.60 0}{13.60 17.00 17.00 17.00 20.40 1}{20.40 0.00 0.00 0.00 27.20 0}{27.20 0.00 0.00 0.00 34.00 0}
11 1 
12 22 
49 0 

RANKS: 1 -1 0 1 0
EVENT20: 1169 4a4ea5_4a5137_4a51d4_45e106_4608cf_4592c8
COMP 51-0: 4a4ea5_4a5137_4a51d4_45e0c0_4608cf_4592c8 (1 12.00 0 12.00 0 12.00){0.00 0.00 0.00 0.00 4.80 0}{4.80 0.00 0.00 0.00 9.60 0}{9.60 12.00 12.00 12.00 14.40 1}{14.40 0.00 0.00 0.00 19.20 0}{19.20 0.00 0.00 0.00 24.00 0}
11 1 
12 18 
49 0 

RANKS: 1 -1 0 1 0
EVENT21: 1169 4a4ea5_4a5137_4a51d4_45e16f_4608cf_4592c8
COMP 51-0: 4a4ea5_4a5137_4a51d4_45e106_4608cf_4592c8 (1 8.00 0 8.00 0 8.00){0.00 0.00 0.00 0.00 3.20 0}{3.20 0.00 0.00 0.00 6.40 0}{6.40 8.00 8.00 8.00 9.60 1}{9.60 0.00 0.00 0.00 12.80 0}{12.80 0.00 0.00 0.00 16.00 0}
11 1 
12 12 
49 0 

RANKS: 1 -1 0 1 0
EVENT22: 1169 4a4ea5_4a5137_4a51d4_45e1f6_4608cf_4592c8
COMP 51-0: 4a4ea5_4a5137_4a51d4_45e16f_4608cf_4592c8 (1 16.00 0 16.00 0 16.00){0.00 0.00 0.00 0.00 6.40 0}{6.40 0.00 0.00 0.00 12.80 0}{12.80 16.00 16.00 16.00 19.20 1}{19.20 0.00 0.00 0.00 25.60 0}{25.60 0.00 0.00 0.00 32.00 0}
11 1 
12 21 
49 0 

RANKS: 1 -1 0 1 0
EVENT23: 1169 4a4ea5_4a5137_4a51d4_45e21f_4608cf_4592c8
COMP 51-0: 4a4ea5_4a5137_4a51d4_45e1f6_4608cf_4592c8 (1 9.00 0 9.00 0 9.00){0.00 0.00 0.00 0.00 3.60 0}{3.60 0.00 0.00 0.00 7.20 0}{7.20 9.00 9.00 9.00 10.80 1}{10.80 0.00 0.00 0.00 14.40 0}{14.40 0.00 0.00 0.00 18.00 0}
11 1 
12 20 
49 0 

RANKS: 1 -1 0 1 0
EVENT24: 1169 4a4ea5_4a5137_4a51d4_45e257_4608cf_4592c8
COMP 51-0: 4a4ea5_4a5137_4a51d4_45e21f_4608cf_4592c8 (1 9.00 0 9.00 0 9.00){0.00 0.00 0.00 0.00 3.60 0}{3.60 0.00 0.00 0.00 7.20 0}{7.20 9.00 9.00 9.00 10.80 1}{10.80 0.00 0.00 0.00 14.40 0}{14.40 0.00 0.00 0.00 18.00 0}
11 1 
12 21 
49 0 

RANKS: 1 -1 0 1 0
EVENT25: 1169 4a4ea5_4a5137_4a51d4_45e28e_4608cf_4592c8
COMP 51-0: 4a4ea5_4a5137_4a51d4_45e257_4608cf_4592c8 (1 12.00 0 12.00 0 12.00){0.00 0.00 0.00 0.00 4.80 0}{4.80 0.00 0.00 0.00 9.60 0}{9.60 12.00 12.00 12.00 14.40 1}{14.40 0.00 0.00 0.00 19.20 0}{19.20 0.00 0.00 0.00 24.00 0}
11 1 
12 18 
49 0 

RANKS: 1 -1 0 24 1
EVENT26: 1011 471052_47133e_4713fd_460ac3_4592c8
COMP 51-0: 471052_47133e_4713fd_45b0e2_460142_4592c8 (23 15.25 7 12.00 1 20.00){0.00 0.00 0.00 0.00 8.00 0}{8.00 12.00 14.47 16.00 16.00 19}{16.00 17.00 17.75 20.00 24.00 4}{24.00 0.00 0.00 0.00 32.00 0}{32.00 0.00 0.00 0.00 40.00 0}
COMP 51-1: 4a4ea5_4a5137_4a51d4_45e28e_4608cf_4592c8 (1 32.00 0 32.00 0 32.00){0.00 0.00 0.00 0.00 12.80 0}{12.80 0.00 0.00 0.00 25.60 0}{25.60 32.00 32.00 32.00 38.40 1}{38.40 0.00 0.00 0.00 51.20 0}{51.20 0.00 0.00 0.00 64.00 0}
10 1000 
12 1 
14 7 
19 0 

RANKS: 1 -1 0 24 1
EVENT27: 1010 470bed_470de3_470e43_460d4a_4592c8
COMP 51-0: 471052_47133e_4713fd_460ac3_4592c8 (24 134.08 15 14.00 0 1428.00){0.00 14.00 21.57 50.00 571.20 23}{571.20 0.00 0.00 0.00 1142.40 0}{1142.40 1428.00 1428.00 1428.00 1713.60 1}{1713.60 0.00 0.00 0.00 2284.80 0}{2284.80 0.00 0.00 0.00 2856.00 0}
10 1000 

RANKS: 1 -1 0 24 1
EVENT28: 1171 491686_491ab6_491b7b_46a744_46a481_460e5a_4592c8
COMP 51-0: 470bed_470de3_470e43_460d4a_4592c8 (24 61.48 15 26.00 21 616.00){0.00 0.00 0.00 0.00 15.20 0}{15.20 26.00 28.71 30.00 30.40 7}{30.40 32.00 36.00 59.00 60.80 14}{60.80 0.00 0.00 0.00 76.00 0}{76.00 85.00 264.67 616.00 1156.00 3}
COMM 51-0: 470bed_470de3_470e43_460d4a_4592c8 (24 62995.88 4 61041.00 4 66129.00){0.00 0.00 0.00 0.00 24843.60 0}{24843.60 0.00 0.00 0.00 49687.20 0}{49687.20 61041.00 63032.83 66129.00 74530.80 24}{74530.80 0.00 0.00 0.00 99374.40 0}{99374.40 0.00 0.00 0.00 124218.00 0}
10 1000 
3a :interleave.dat  
3b 41 
3c 1000 
52 89580 

RANKS: 1 -1 0 1 0
EVENT29: 1169 4a4ea5_4a5137_4a51d4_460f96_4592c8
COMP 51-0: 491686_491ab6_491b7b_46a744_46a481_460e5a_4592c8 (1 17.00 0 17.00 0 17.00){0.00 0.00 0.00 0.00 6.80 0}{6.80 0.00 0.00 0.00 13.60 0}{13.60 17.00 17.00 17.00 20.40 1}{20.40 0.00 0.00 0.00 27.20 0}{27.20 0.00 0.00 0.00 34.00 0}
11 1 
12 35 
49 0 

RANKS: 1 -1 0 24 1
EVENT30: 1176 493ca4_493fc8_4940a9_46b48b_465436_460ff4_4592c8
COMP 51-0: 491686_491ab6_491b7b_46a744_46a481_460e5a_4592c8 (23 253.79 22 202.00 12 544.00){0.00 0.00 0.00 0.00 86.40 0}{86.40 0.00 0.00 0.00 172.80 0}{172.80 202.00 228.86 259.00 345.60 21}{345.60 0.00 0.00 0.00 432.00 0}{432.00 525.00 534.50 544.00 618.00 2}
COMP 51-1: 493ca4_493fc8_4940a9_46b48b_465436_460ff4_4592c8 (360 37.14 0 12.00 2 97.00){0.00 12.00 15.94 18.00 18.80 40}{18.80 22.75 37.92 54.00 56.40 304}{56.40 59.67 63.86 72.00 75.20 7}{75.20 75.33 79.86 87.00 94.00 7}{94.00 95.00 96.00 97.00 98.00 2}
COMP 51-2: 4a4ea5_4a5137_4a51d4_460f96_4592c8 (1 338.00 0 338.00 0 338.00){0.00 0.00 0.00 0.00 135.20 0}{135.20 0.00 0.00 0.00 270.40 0}{270.40 338.00 338.00 338.00 405.60 1}{405.60 0.00 0.00 0.00 540.80 0}{540.80 0.00 0.00 0.00 676.00 0}
LOOP0: iter: ( 16 )[ 1 -1 0 24 1 ] mem: ( 1 )[ 1 -1 0 24 1 ]
12 131072 
14 12 
3c 1000 
3d ( 0 3145728 6291456 9437184 12582912 15728640 18874368 22020096 25165824 28311552 31457280 34603008 37748736 40894464 44040192 47185920 )[ 1 -1 0 1 0 ]
3d ( 131072 3276800 6422528 9568256 12713984 15859712 19005440 22151168 25296896 28442624 31588352 34734080 37879808 41025536 44171264 47316992 )[ 1 -1 1 1 0 ]
3d ( 393216 3538944 6684672 9830400 12976128 16121856 19267584 22413312 25559040 28704768 31850496 34996224 38141952 41287680 44433408 47579136 )[ 1 -1 3 1 0 ]
3d ( 917504 4063232 7208960 10354688 13500416 16646144 19791872 22937600 26083328 29229056 32374784 35520512 38666240 41811968 44957696 48103424 )[ 1 -1 7 1 0 ]
3d ( 1966080 5111808 8257536 11403264 14548992 17694720 20840448 23986176 27131904 30277632 33423360 36569088 39714816 42860544 46006272 49152000 )[ 1 -1 15 1 0 ]
3d ( 3014656 6160384 9306112 12451840 15597568 18743296 21889024 25034752 28180480 31326208 34471936 37617664 40763392 43909120 47054848 50200576 )[ 1 -1 23 1 0 ]
3d ( 1441792 4587520 7733248 10878976 14024704 17170432 20316160 23461888 26607616 29753344 32899072 36044800 39190528 42336256 45481984 48627712 )[ 1 -1 11 1 0 ]
3d ( 2490368 5636096 8781824 11927552 15073280 18219008 21364736 24510464 27656192 30801920 33947648 37093376 40239104 43384832 46530560 49676288 )[ 1 -1 19 1 0 ]
3d ( 655360 3801088 6946816 10092544 13238272 16384000 19529728 22675456 25821184 28966912 32112640 35258368 38404096 41549824 44695552 47841280 )[ 1 -1 5 1 0 ]
3d ( 1179648 4325376 7471104 10616832 13762560 16908288 20054016 23199744 26345472 29491200 32636928 35782656 38928384 42074112 45219840 48365568 )[ 1 -1 9 1 0 ]
3d ( 2228224 5373952 8519680 11665408 14811136 17956864 21102592 24248320 27394048 30539776 33685504 36831232 39976960 43122688 46268416 49414144 )[ 1 -1 17 1 0 ]
3d ( 1703936 4849664 7995392 11141120 14286848 17432576 20578304 23724032 26869760 30015488 33161216 36306944 39452672 42598400 45744128 48889856 )[ 1 -1 13 1 0 ]
3d ( 2752512 5898240 9043968 12189696 15335424 18481152 21626880 24772608 27918336 31064064 34209792 37355520 40501248 43646976 46792704 49938432 )[ 1 -1 21 1 0 ]
3d ( 262144 3407872 6553600 9699328 12845056 15990784 19136512 22282240 25427968 28573696 31719424 34865152 38010880 41156608 44302336 47448064 )[ 1 -1 2 1 0 ]
3d ( 524288 3670016 6815744 9961472 13107200 16252928 19398656 22544384 25690112 28835840 31981568 35127296 38273024 41418752 44564480 47710208 )[ 1 -1 4 1 0 ]
3d ( 1048576 4194304 7340032 10485760 13631488 16777216 19922944 23068672 26214400 29360128 32505856 35651584 38797312 41943040 45088768 48234496 )[ 1 -1 8 1 0 ]
3d ( 2097152 5242880 8388608 11534336 14680064 17825792 20971520 24117248 27262976 30408704 33554432 36700160 39845888 42991616 46137344 49283072 )[ 1 -1 16 1 0 ]
3d ( 1572864 4718592 7864320 11010048 14155776 17301504 20447232 23592960 26738688 29884416 33030144 36175872 39321600 42467328 45613056 48758784 )[ 1 -1 12 1 0 ]
3d ( 2621440 5767168 8912896 12058624 15204352 18350080 21495808 24641536 27787264 30932992 34078720 37224448 40370176 43515904 46661632 49807360 )[ 1 -1 20 1 0 ]
3d ( 786432 3932160 7077888 10223616 13369344 16515072 19660800 22806528 25952256 29097984 32243712 35389440 38535168 41680896 44826624 47972352 )[ 1 -1 6 1 0 ]
3d ( 1310720 4456448 7602176 10747904 13893632 17039360 20185088 23330816 26476544 29622272 32768000 35913728 39059456 42205184 45350912 48496640 )[ 1 -1 10 1 0 ]
3d ( 2359296 5505024 8650752 11796480 14942208 18087936 21233664 24379392 27525120 30670848 33816576 36962304 40108032 43253760 46399488 49545216 )[ 1 -1 18 1 0 ]
3d ( 1835008 4980736 8126464 11272192 14417920 17563648 20709376 23855104 27000832 30146560 33292288 36438016 39583744 42729472 45875200 49020928 )[ 1 -1 14 1 0 ]
3d ( 2883584 6029312 9175040 12320768 15466496 18612224 21757952 24903680 28049408 31195136 34340864 37486592 40632320 43778048 46923776 50069504 )[ 1 -1 22 1 0 ]

RANKS: 1 -1 0 24 1
EVENT31: 1183 496b2e_496d6d_496dcd_46b6dc_461140_4592c8
COMP 51-0: 493ca4_493fc8_4940a9_46b48b_465436_460ff4_4592c8 (24 119.12 23 46.00 21 146.00){0.00 46.00 47.50 49.00 52.40 2}{52.40 99.00 100.75 103.00 104.80 4}{104.80 106.00 130.50 146.00 157.20 18}{157.20 0.00 0.00 0.00 209.60 0}{209.60 0.00 0.00 0.00 262.00 0}
3c 1000 
52 1777298 

RANKS: 1 -1 0 24 1
EVENT32: 1010 470bed_470de3_470e43_4612a4_4592c8
COMP 51-0: 496b2e_496d6d_496dcd_46b6dc_461140_4592c8 (24 20.24 15 12.00 2 30.00){0.00 0.00 0.00 0.00 11.60 0}{11.60 12.00 12.92 17.00 23.20 13}{23.20 26.00 28.09 30.00 34.80 11}{34.80 0.00 0.00 0.00 46.40 0}{46.40 0.00 0.00 0.00 58.00 0}
10 1000 

RANKS: 1 -1 0 24 1
EVENT33: 1171 491686_491ab6_491b7b_46be3a_461465_4592c8
COMP 51-0: 470bed_470de3_470e43_4612a4_4592c8 (24 19.96 20 11.00 16 31.00){0.00 0.00 0.00 0.00 10.80 0}{10.80 11.00 12.08 14.00 21.60 13}{21.60 27.00 28.64 31.00 32.40 11}{32.40 0.00 0.00 0.00 43.20 0}{43.20 0.00 0.00 0.00 54.00 0}
COMM 51-0: 470bed_470de3_470e43_4612a4_4592c8 (24 72347.08 18 71519.00 17 73215.00){0.00 0.00 0.00 0.00 28858.00 0}{28858.00 0.00 0.00 0.00 57716.00 0}{57716.00 71519.00 72355.50 73215.00 86574.00 24}{86574.00 0.00 0.00 0.00 115432.00 0}{115432.00 0.00 0.00 0.00 144290.00 0}
10 1000 
3a :interleave.dat  
3b 2 
3c 1001 
52 73656 

RANKS: 1 -1 0 24 1
EVENT34: 1183 496b2e_496d6d_496dcd_46bfdd_461465_4592c8
COMP 51-0: 491686_491ab6_491b7b_46be3a_461465_4592c8 (24 2433.04 12 1181.00 13 3518.00){0.00 1181.00 1181.00 1181.00 1260.00 1}{1260.00 1563.00 1949.92 2462.33 2520.00 12}{2520.00 2542.00 3008.73 3518.00 3780.00 11}{3780.00 0.00 0.00 0.00 5040.00 0}{5040.00 0.00 0.00 0.00 6300.00 0}
3c 1001 
52 4449 

RANKS: 1 -1 0 24 1
EVENT35: 1004 46e310_46e630_46e710_46c1e0_461465_4592c8
COMP 51-0: 496b2e_496d6d_496dcd_46bfdd_461465_4592c8 (24 25.08 16 14.00 22 108.00){0.00 14.00 15.25 15.50 15.60 8}{15.60 16.57 17.40 22.00 31.20 10}{31.20 35.00 36.80 39.00 62.40 5}{62.40 0.00 0.00 0.00 78.00 0}{78.00 108.00 108.00 108.00 138.00 1}
10 1000 
12 1 
14 38 
18 2 

RANKS: 1 -1 0 24 1
EVENT36: 1004 46e310_46e630_46e710_46c2e0_461465_4592c8
COMP 51-0: 46e310_46e630_46e710_46c1e0_461465_4592c8 (24 13.92 4 9.00 7 27.00){0.00 9.00 9.91 10.00 10.00 11}{10.00 10.50 10.75 11.00 20.00 8}{20.00 25.00 25.60 27.00 30.00 5}{30.00 0.00 0.00 0.00 40.00 0}{40.00 0.00 0.00 0.00 50.00 0}
10 1000 
12 1 
14 38 
18 1 

RANKS: 1 -1 0 24 1
EVENT37: 1004 46e310_46e630_46e710_459de7_46147b_4592c8
COMP 51-0: 46e310_46e630_46e710_46c2e0_461465_4592c8 (24 13.88 14 9.00 7 26.00){0.00 9.00 9.00 9.00 9.60 1}{9.60 10.00 10.39 11.00 19.20 18}{19.20 24.00 25.40 26.00 28.80 5}{28.80 0.00 0.00 0.00 38.40 0}{38.40 0.00 0.00 0.00 48.00 0}
10 1000 
12 1 
14 38 
18 3 

RANKS: 1 -1 0 24 1
EVENT38: 1104 48214b_4824b0_4825ae_45d3dc_4614bc_4592c8
COMP 51-0: 46e310_46e630_46e710_459de7_46147b_4592c8 (24 26.08 2 15.00 7 48.00){0.00 0.00 0.00 0.00 11.60 0}{11.60 15.00 17.89 22.00 23.20 9}{23.20 24.57 26.73 34.00 34.80 11}{34.80 37.00 40.00 43.00 46.40 3}{46.40 48.00 48.00 48.00 58.00 1}
COMP 51-1: 48214b_4824b0_4825ae_45d3dc_4614bc_4592c8 (264 13.68 12 8.00 7 36.00){0.00 8.00 8.00 8.00 8.80 1}{8.80 9.00 10.27 14.00 17.60 204}{17.60 21.00 25.07 26.00 26.40 56}{26.40 27.00 29.50 32.00 35.20 2}{35.20 36.00 36.00 36.00 44.00 1}
LOOP0: iter: ( 12 )[ 1 -1 0 24 1 ] mem: ( 1 )[ 1 -1 0 24 1 ]
10 1000 
12 1 
14 10 
18 2 1 
19 0 

RANKS: 1 -1 0 24 1
EVENT39: 1010 470bed_470de3_470e43_461d7f_4592c8
COMP 51-0: 48214b_4824b0_4825ae_45d3dc_4614bc_4592c8 (24 18.72 15 11.00 1 40.00){0.00 11.00 12.25 12.67 13.20 8}{13.20 13.50 15.09 24.00 26.40 11}{26.40 28.00 32.75 39.00 39.60 4}{39.60 40.00 40.00 40.00 52.80 1}{52.80 0.00 0.00 0.00 66.00 0}
10 1000 

RANKS: 1 -1 0 24 1
EVENT40: 1171 491686_491ab6_491b7b_46a744_461e8f_4592c8
COMP 51-0: 470bed_470de3_470e43_461d7f_4592c8 (24 24.04 14 15.00 7 51.00){0.00 15.00 15.00 15.00 15.20 1}{15.20 17.00 18.72 24.00 30.40 18}{30.40 38.00 40.00 44.00 45.60 4}{45.60 51.00 51.00 51.00 60.80 1}{60.80 0.00 0.00 0.00 76.00 0}
COMM 51-0: 470bed_470de3_470e43_461d7f_4592c8 (24 39303.56 3 38691.00 10 40652.00){0.00 0.00 0.00 0.00 15658.00 0}{15658.00 0.00 0.00 0.00 31316.00 0}{31316.00 38691.00 39310.17 40652.00 46974.00 24}{46974.00 0.00 0.00 0.00 62632.00 0}{62632.00 0.00 0.00 0.00 78290.00 0}
10 1000 
3a :interleave.dat  
3b 41 
3c 1002 
52 45274 

RANKS: 1 -1 0 1 0
EVENT41: 1169 4a4ea5_4a5137_4a51d4_462003_4592c8
COMP 51-0: 491686_491ab6_491b7b_46a744_461e8f_4592c8 (1 34.00 0 34.00 0 34.00){0.00 0.00 0.00 0.00 13.60 0}{13.60 0.00 0.00 0.00 27.20 0}{27.20 34.00 34.00 34.00 40.80 1}{40.80 0.00 0.00 0.00 54.40 0}{54.40 0.00 0.00 0.00 68.00 0}
11 1 
12 34 
49 0 

RANKS: 1 -1 0 24 1
EVENT42: 1180 495934_495c58_495d39_46b48b_46551c_462061_4592c8
COMP 51-0: 491686_491ab6_491b7b_46a744_461e8f_4592c8 (23 466.67 21 211.00 3 1146.00){0.00 0.00 0.00 0.00 185.20 0}{185.20 211.00 279.43 354.00 370.40 7}{370.40 385.00 499.31 535.80 555.60 13}{555.60 564.00 572.00 580.00 926.00 2}{926.00 1146.00 1146.00 1146.00 1366.00 1}
COMP 51-1: 495934_495c58_495d39_46b48b_46551c_462061_4592c8 (360 31.63 15 12.00 13 846.00){0.00 12.00 15.14 17.00 17.60 7}{17.60 19.82 28.25 46.00 52.80 339}{52.80 53.00 59.36 77.00 88.00 11}{88.00 94.00 96.50 99.00 110.00 2}{110.00 846.00 846.00 846.00 1582.00 1}
COMP 51-2: 4a4ea5_4a5137_4a51d4_462003_4592c8 (1 961.00 0 961.00 0 961.00){0.00 0.00 0.00 0.00 384.40 0}{384.40 0.00 0.00 0.00 768.80 0}{768.80 961.00 961.00 961.00 1153.20 1}{1153.20 0.00 0.00 0.00 1537.60 0}{1537.60 0.00 0.00 0.00 1922.00 0}
LOOP0: iter: ( 16 )[ 1 -1 0 24 1 ] mem: ( 1 )[ 1 -1 0 24 1 ]
12 131072 
14 12 
3c 1002 
3d ( 0 3145728 6291456 9437184 12582912 15728640 18874368 22020096 25165824 28311552 31457280 34603008 37748736 40894464 44040192 47185920 )[ 1 -1 0 1 0 ]
3d ( 131072 3276800 6422528 9568256 12713984 15859712 19005440 22151168 25296896 28442624 31588352 34734080 37879808 41025536 44171264 47316992 )[ 1 -1 1 1 0 ]
3d ( 393216 3538944 6684672 9830400 12976128 16121856 19267584 22413312 25559040 28704768 31850496 34996224 38141952 41287680 44433408 47579136 )[ 1 -1 3 1 0 ]
3d ( 917504 4063232 7208960 10354688 13500416 16646144 19791872 22937600 26083328 29229056 32374784 35520512 38666240 41811968 44957696 48103424 )[ 1 -1 7 1 0 ]
3d ( 1966080 5111808 8257536 11403264 14548992 17694720 20840448 23986176 27131904 30277632 33423360 36569088 39714816 42860544 46006272 49152000 )[ 1 -1 15 1 0 ]
3d ( 3014656 6160384 9306112 12451840 15597568 18743296 21889024 25034752 28180480 31326208 34471936 37617664 40763392 43909120 47054848 50200576 )[ 1 -1 23 1 0 ]
3d ( 1441792 4587520 7733248 10878976 14024704 17170432 20316160 23461888 26607616 29753344 32899072 36044800 39190528 42336256 45481984 48627712 )[ 1 -1 11 1 0 ]
3d ( 2490368 5636096 8781824 11927552 15073280 18219008 21364736 24510464 27656192 30801920 33947648 37093376 40239104 43384832 46530560 49676288 )[ 1 -1 19 1 0 ]
3d ( 655360 3801088 6946816 10092544 13238272 16384000 19529728 22675456 25821184 28966912 32112640 35258368 38404096 41549824 44695552 47841280 )[ 1 -1 5 1 0 ]
3d ( 1179648 4325376 7471104 10616832 13762560 16908288 20054016 23199744 26345472 29491200 32636928 35782656 38928384 42074112 45219840 48365568 )[ 1 -1 9 1 0 ]
3d ( 2228224 5373952 8519680 11665408 14811136 17956864 21102592 24248320 27394048 30539776 33685504 36831232 39976960 43122688 46268416 49414144 )[ 1 -1 17 1 0 ]
3d ( 1703936 4849664 7995392 11141120 14286848 17432576 20578304 23724032 26869760 30015488 33161216 36306944 39452672 42598400 45744128 48889856 )[ 1 -1 13 1 0 ]
3d ( 2752512 5898240 9043968 12189696 15335424 18481152 21626880 24772608 27918336 31064064 34209792 37355520 40501248 43646976 46792704 49938432 )[ 1 -1 21 1 0 ]
3d ( 262144 3407872 6553600 9699328 12845056 15990784 19136512 22282240 25427968 28573696 31719424 34865152 38010880 41156608 44302336 47448064 )[ 1 -1 2 1 0 ]
3d ( 524288 3670016 6815744 9961472 13107200 16252928 19398656 22544384 25690112 28835840 31981568 35127296 38273024 41418752 44564480 47710208 )[ 1 -1 4 1 0 ]
3d ( 1048576 4194304 7340032 10485760 13631488 16777216 19922944 23068672 26214400 29360128 32505856 35651584 38797312 41943040 45088768 48234496 )[ 1 -1 8 1 0 ]
3d ( 2097152 5242880 8388608 11534336 14680064 17825792 20971520 24117248 27262976 30408704 33554432 36700160 39845888 42991616 46137344 49283072 )[ 1 -1 16 1 0 ]
3d ( 1572864 4718592 7864320 11010048 14155776 17301504 20447232 23592960 26738688 29884416 33030144 36175872 39321600 42467328 45613056 48758784 )[ 1 -1 12 1 0 ]
3d ( 2621440 5767168 8912896 12058624 15204352 18350080 21495808 24641536 27787264 30932992 34078720 37224448 40370176 43515904 46661632 49807360 )[ 1 -1 20 1 0 ]
3d ( 786432 3932160 7077888 10223616 13369344 16515072 19660800 22806528 25952256 29097984 32243712 35389440 38535168 41680896 44826624 47972352 )[ 1 -1 6 1 0 ]
3d ( 1310720 4456448 7602176 10747904 13893632 17039360 20185088 23330816 26476544 29622272 32768000 35913728 39059456 42205184 45350912 48496640 )[ 1 -1 10 1 0 ]
3d ( 2359296 5505024 8650752 11796480 14942208 18087936 21233664 24379392 27525120 30670848 33816576 36962304 40108032 43253760 46399488 49545216 )[ 1 -1 18 1 0 ]
3d ( 1835008 4980736 8126464 11272192 14417920 17563648 20709376 23855104 27000832 30146560 33292288 36438016 39583744 42729472 45875200 49020928 )[ 1 -1 14 1 0 ]
3d ( 2883584 6029312 9175040 12320768 15466496 18612224 21757952 24903680 28049408 31195136 34340864 37486592 40632320 43778048 46923776 50069504 )[ 1 -1 22 1 0 ]

RANKS: 1 -1 0 24 1
EVENT43: 1183 496b2e_496d6d_496dcd_46b6dc_4621ad_4592c8
COMP 51-0: 495934_495c58_495d39_46b48b_46551c_462061_4592c8 (24 111.64 15 41.00 3 248.00){0.00 0.00 0.00 0.00 37.20 0}{37.20 41.00 52.00 63.00 74.40 2}{74.40 77.00 99.64 111.29 111.60 14}{111.60 112.00 135.86 160.00 186.00 7}{186.00 248.00 248.00 248.00 310.00 1}
3c 1002 
52 1578147 

RANKS: 1 -1 0 24 1
EVENT44: 1171 491686_491ab6_491b7b_46be3a_462211_4592c8
COMP 51-0: 496b2e_496d6d_496dcd_46b6dc_4621ad_4592c8 (24 16.76 16 11.00 11 32.00){0.00 0.00 0.00 0.00 10.40 0}{10.40 11.00 13.24 15.00 15.60 17}{15.60 18.00 18.50 19.00 20.80 2}{20.80 24.00 24.50 25.00 26.00 2}{26.00 31.00 31.67 32.00 38.00 3}
COMM 51-0: 496b2e_496d6d_496dcd_46b6dc_4621ad_4592c8 (24 65716.24 18 58502.00 11 78267.00){0.00 0.00 0.00 0.00 23438.00 0}{23438.00 0.00 0.00 0.00 46876.00 0}{46876.00 58502.00 59414.00 68606.00 70314.00 13}{70314.00 73366.20 73811.73 78267.00 93752.00 11}{93752.00 0.00 0.00 0.00 117190.00 0}
10 1000 
3a :interleave.dat  
3b 2 
3c 1003 
52 66115 

RANKS: 1 -1 0 24 1
EVENT45: 1183 496b2e_496d6d_496dcd_46bfdd_462211_4592c8
COMP 51-0: 491686_491ab6_491b7b_46be3a_462211_4592c8 (24 609191.60 3 608109.00 14 610140.00){0.00 0.00 0.00 0.00 243385.60 0}{243385.60 0.00 0.00 0.00 486771.20 0}{486771.20 608109.00 609221.92 610140.00 730156.80 24}{730156.80 0.00 0.00 0.00 973542.40 0}{973542.40 0.00 0.00 0.00 1216928.00 0}
3c 1003 
52 610604 

RANKS: 1 -1 0 24 1
EVENT46: 1004 46e310_46e630_46e710_46c1e0_462211_4592c8
COMP 51-0: 496b2e_496d6d_496dcd_46bfdd_462211_4592c8 (24 27.72 0 27.00 2 31.00){0.00 0.00 0.00 0.00 10.80 0}{10.80 0.00 0.00 0.00 21.60 0}{21.60 27.00 27.75 31.00 32.40 24}{32.40 0.00 0.00 0.00 43.20 0}{43.20 0.00 0.00 0.00 54.00 0}
10 1000 
12 1 
14 38 
18 2 

RANKS: 1 -1 0 24 1
EVENT47: 1004 46e310_46e630_46e710_46c2e0_462211_4592c8
COMP 51-0: 46e310_46e630_46e710_46c1e0_462211_4592c8 (24 25.12 3 23.00 3 27.00){0.00 0.00 0.00 0.00 9.60 0}{9.60 0.00 0.00 0.00 19.20 0}{19.20 23.00 25.17 27.00 28.80 24}{28.80 0.00 0.00 0.00 38.40 0}{38.40 0.00 0.00 0.00 48.00 0}
10 1000 
12 1 
14 38 
18 1 

RANKS: 1 -1 0 24 1
EVENT48: 1004 46e310_46e630_46e710_459de7_462227_4592c8
COMP 51-0: 46e310_46e630_46e710_46c2e0_462211_4592c8 (24 25.20 0 23.00 1 27.00){0.00 0.00 0.00 0.00 9.20 0}{9.20 0.00 0.00 0.00 18.40 0}{18.40 23.00 25.29 27.00 27.60 24}{27.60 0.00 0.00 0.00 36.80 0}{36.80 0.00 0.00 0.00 46.00 0}
10 1000 
12 1 
14 38 
18 3 

RANKS: 1 -1 0 24 1
EVENT49: 1104 48214b_4824b0_4825ae_45d3dc_462268_4592c8
COMP 51-0: 46e310_46e630_46e710_459de7_462227_4592c8 (24 27.00 2 25.00 3 30.00){0.00 0.00 0.00 0.00 10.40 0}{10.40 0.00 0.00 0.00 20.80 0}{20.80 25.00 27.04 30.00 31.20 24}{31.20 0.00 0.00 0.00 41.60 0}{41.60 0.00 0.00 0.00 52.00 0}
COMP 51-1: 48214b_4824b0_4825ae_45d3dc_462268_4592c8 (264 33.31 13 21.00 15 2050.00){0.00 0.00 0.00 0.00 9.60 0}{9.60 0.00 0.00 0.00 19.20 0}{19.20 21.00 25.34 28.00 28.80 255}{28.80 32.00 36.50 38.00 48.00 8}{48.00 2050.00 2050.00 2050.00 4052.00 1}
LOOP0: iter: ( 12 )[ 1 -1 0 24 1 ] mem: ( 1 )[ 1 -1 0 24 1 ]
10 1000 
12 1 
14 10 
18 2 1 
19 0 

RANKS: 1 -1 0 24 1
EVENT50: 1010 470bed_470de3_470e43_462676_4592c8
COMP 51-0: 48214b_4824b0_4825ae_45d3dc_462268_4592c8 (24 26.84 7 24.00 4 37.00){0.00 0.00 0.00 0.00 14.00 0}{14.00 24.00 25.43 27.00 28.00 21}{28.00 30.00 34.00 37.00 42.00 3}{42.00 0.00 0.00 0.00 56.00 0}{56.00 0.00 0.00 0.00 70.00 0}
10 1000 

RANKS: 1 -1 0 1 0
EVENT51: 1184 497051_4972e3_497353_46b9a3_45db5e_462786_4592c8
COMP 51-0: 470bed_470de3_470e43_462676_4592c8 (1 55.00 0 55.00 0 55.00){0.00 0.00 0.00 0.00 22.00 0}{22.00 0.00 0.00 0.00 44.00 0}{44.00 55.00 55.00 55.00 66.00 1}{66.00 0.00 0.00 0.00 88.00 0}{88.00 0.00 0.00 0.00 110.00 0}
3a :interleave.dat  

RANKS: 1 -1 0 24 1
EVENT52: 1010 470bed_470de3_470e43_4627a3_4592c8
COMP 51-0: 470bed_470de3_470e43_462676_4592c8 (23 24.00 3 22.00 3 26.00){0.00 0.00 0.00 0.00 9.20 0}{9.20 0.00 0.00 0.00 18.40 0}{18.40 22.00 24.04 26.00 27.60 23}{27.60 0.00 0.00 0.00 36.80 0}{36.80 0.00 0.00 0.00 46.00 0}
COMP 51-1: 497051_4972e3_497353_46b9a3_45db5e_462786_4592c8 (1 15.00 0 15.00 0 15.00){0.00 0.00 0.00 0.00 6.00 0}{6.00 0.00 0.00 0.00 12.00 0}{12.00 15.00 15.00 15.00 18.00 1}{18.00 0.00 0.00 0.00 24.00 0}{24.00 0.00 0.00 0.00 30.00 0}
10 1000 

RANKS: 1 -1 0 1 0
EVENT53: 1169 4a4ea5_4a5137_4a51d4_45f333_4628d3_4592c8
COMP 51-0: 470bed_470de3_470e43_4627a3_4592c8 (1 29.00 0 29.00 0 29.00){0.00 0.00 0.00 0.00 11.60 0}{11.60 0.00 0.00 0.00 23.20 0}{23.20 29.00 29.00 29.00 34.80 1}{34.80 0.00 0.00 0.00 46.40 0}{46.40 0.00 0.00 0.00 58.00 0}
11 1 
12 109 
49 0 

RANKS: 1 -1 0 1 0
EVENT54: 1169 4a4ea5_4a5137_4a51d4_45f358_4628d3_4592c8
COMP 51-0: 4a4ea5_4a5137_4a51d4_45f333_4628d3_4592c8 (1 8.00 0 8.00 0 8.00){0.00 0.00 0.00 0.00 3.20 0}{3.20 0.00 0.00 0.00 6.40 0}{6.40 8.00 8.00 8.00 9.60 1}{9.60 0.00 0.00 0.00 12.80 0}{12.80 0.00 0.00 0.00 16.00 0}
11 1 
12 87 
49 0 

RANKS: 1 -1 0 1 0
EVENT55: 1169 4a4ea5_4a5137_4a51d4_45f384_4628d3_4592c8
COMP 51-0: 4a4ea5_4a5137_4a51d4_45f358_4628d3_4592c8 (1 11.00 0 11.00 0 11.00){0.00 0.00 0.00 0.00 4.40 0}{4.40 0.00 0.00 0.00 8.80 0}{8.80 11.00 11.00 11.00 13.20 1}{13.20 0.00 0.00 0.00 17.60 0}{17.60 0.00 0.00 0.00 22.00 0}
11 1 
12 108 
49 0 

RANKS: 1 -1 0 1 0
EVENT56: 1169 4a4ea5_4a5137_4a51d4_45f764_4628d3_4592c8
COMP 51-0: 4a4ea5_4a5137_4a51d4_45f384_4628d3_4592c8 (1 38.00 0 38.00 0 38.00){0.00 0.00 0.00 0.00 15.20 0}{15.20 0.00 0.00 0.00 30.40 0}{30.40 38.00 38.00 38.00 45.60 1}{45.60 0.00 0.00 0.00 60.80 0}{60.80 0.00 0.00 0.00 76.00 0}
11 1 
12 6 
49 0 

RANKS: 1 -1 0 1 0
EVENT57: 1169 4a4ea5_4a5137_4a51d4_45fb4a_4628d3_4592c8
COMP 51-0: 4a4ea5_4a5137_4a51d4_45f764_4628d3_4592c8 (1 25.00 0 25.00 0 25.00){0.00 0.00 0.00 0.00 10.00 0}{10.00 0.00 0.00 0.00 20.00 0}{20.00 25.00 25.00 25.00 30.00 1}{30.00 0.00 0.00 0.00 40.00 0}{40.00 0.00 0.00 0.00 50.00 0}
11 1 
12 6 
49 0 

RANKS: 1 -1 0 24 1
EVENT58: 1028 474931_474af2_474b52_4628dd_4592c8
COMP 51-0: 470bed_470de3_470e43_4627a3_4592c8 (23 175.33 9 42.00 3 464.00){0.00 0.00 0.00 0.00 36.80 0}{36.80 42.00 48.40 64.00 73.60 5}{73.60 90.50 90.50 90.50 92.00 2}{92.00 93.00 136.00 213.00 230.00 9}{230.00 284.00 359.29 464.00 698.00 7}
COMP 51-1: 4a4ea5_4a5137_4a51d4_45fb4a_4628d3_4592c8 (1 25.00 0 25.00 0 25.00){0.00 0.00 0.00 0.00 10.00 0}{10.00 0.00 0.00 0.00 20.00 0}{20.00 25.00 25.00 25.00 30.00 1}{30.00 0.00 0.00 0.00 40.00 0}{40.00 0.00 0.00 0.00 50.00 0}
10 1000 

RANKS: 1 -1 0 24 1
EVENT59: 1010 470bed_470de3_470e43_462a58_4592c8
COMP 51-0: 474931_474af2_474b52_4628dd_4592c8 (24 11.08 1 10.00 4 13.00){0.00 0.00 0.00 0.00 4.40 0}{4.40 0.00 0.00 0.00 8.80 0}{8.80 10.00 11.08 13.00 13.20 24}{13.20 0.00 0.00 0.00 17.60 0}{17.60 0.00 0.00 0.00 22.00 0}
10 2 

RANKS: 1 -1 0 24 1
EVENT60: 1045 476acc_476b3d_476b81_459315
COMP 51-0: 470bed_470de3_470e43_462a58_4592c8 (24 267.88 9 30.00 10 1286.00){0.00 30.00 30.00 30.00 76.00 1}{76.00 139.00 139.00 139.00 152.00 1}{152.00 184.00 195.10 228.00 304.00 20}{304.00 0.00 0.00 0.00 380.00 0}{380.00 1150.00 1218.00 1286.00 2192.00 2}
52 64511 

