RANKS: 1 -1 0 32 1
EVENT0: 1084 47cb68_47cc13_47cc5f_458fad
33 2 
34 0 

RANKS: 1 -1 0 1 0
EVENT1: 1102 4810ba_481457_481550_45ae8b_45db7f_459218
COMP 51-0: 47cb68_47cc13_47cc5f_458fad (1 61.00 0 61.00 0 61.00){0.00 0.00 0.00 0.00 24.40 0}{24.40 0.00 0.00 0.00 48.80 0}{48.80 61.00 61.00 61.00 73.20 1}{73.20 0.00 0.00 0.00 97.60 0}{97.60 0.00 0.00 0.00 122.00 0}
COMP 51-1: 4810ba_481457_481550_45ae8b_45db7f_459218 (30 10.84 0 9.00 0 16.00){0.00 0.00 0.00 0.00 4.80 0}{4.80 9.00 9.00 9.00 9.60 2}{9.60 10.00 10.54 14.00 14.40 26}{14.40 16.00 16.00 16.00 19.20 2}{19.20 0.00 0.00 0.00 24.00 0}
LOOP0: iter: ( 31 )[ 1 -1 0 1 0 ] mem: ( 1 )[ 1 -1 0 1 0 ]
10 2 
12 1024 
14 1 
1b 0 
2b 2147483647 

RANKS: 1 -1 1 31 1
EVENT2: 1113 485d8d_4860ce_4861a5_45afe1_45db7f_459218
COMP 51-0: 47cb68_47cc13_47cc5f_458fad (31 50.56 23 35.00 24 75.00){0.00 0.00 0.00 0.00 28.80 0}{28.80 35.00 45.04 57.00 57.60 25}{57.60 61.00 70.00 75.00 86.40 6}{86.40 0.00 0.00 0.00 115.20 0}{115.20 0.00 0.00 0.00 144.00 0}
10 2 
12 1024 
14 1 
1a ( 31 )[ 1 -1 1 1 0 ]
1a ( 29 )[ 1 -1 3 1 0 ]
1a ( 25 )[ 1 -1 7 1 0 ]
1a ( 17 )[ 1 -1 15 1 0 ]
1a ( 1 )[ 1 -1 31 1 0 ]
1a ( 9 )[ 1 -1 23 1 0 ]
1a ( 21 )[ 1 -1 11 1 0 ]
1a ( 13 )[ 1 -1 19 1 0 ]
1a ( 5 )[ 1 -1 27 1 0 ]
1a ( 27 )[ 1 -1 5 1 0 ]
1a ( 23 )[ 1 -1 9 1 0 ]
1a ( 15 )[ 1 -1 17 1 0 ]
1a ( 7 )[ 1 -1 25 1 0 ]
1a ( 19 )[ 1 -1 13 1 0 ]
1a ( 11 )[ 1 -1 21 1 0 ]
1a ( 3 )[ 1 -1 29 1 0 ]
1a ( 30 )[ 1 -1 2 1 0 ]
1a ( 28 )[ 1 -1 4 1 0 ]
1a ( 24 )[ 1 -1 8 1 0 ]
1a ( 16 )[ 1 -1 16 1 0 ]
1a ( 8 )[ 1 -1 24 1 0 ]
1a ( 20 )[ 1 -1 12 1 0 ]
1a ( 12 )[ 1 -1 20 1 0 ]
1a ( 4 )[ 1 -1 28 1 0 ]
1a ( 26 )[ 1 -1 6 1 0 ]
1a ( 22 )[ 1 -1 10 1 0 ]
1a ( 14 )[ 1 -1 18 1 0 ]
1a ( 6 )[ 1 -1 26 1 0 ]
1a ( 18 )[ 1 -1 14 1 0 ]
1a ( 10 )[ 1 -1 22 1 0 ]
1a ( 2 )[ 1 -1 30 1 0 ]
1b 0 

RANKS: 1 -1 0 32 1
EVENT3: 1011 471052_47133e_4713fd_45b0e2_45db7f_459218
COMP 51-0: 4810ba_481457_481550_45ae8b_45db7f_459218 (1 17.00 0 17.00 0 17.00){0.00 0.00 0.00 0.00 6.80 0}{6.80 0.00 0.00 0.00 13.60 0}{13.60 17.00 17.00 17.00 20.40 1}{20.40 0.00 0.00 0.00 27.20 0}{27.20 0.00 0.00 0.00 34.00 0}
COMP 51-1: 485d8d_4860ce_4861a5_45afe1_45db7f_459218 (31 21.59 2 13.00 25 38.00){0.00 0.00 0.00 0.00 12.80 0}{12.80 13.00 16.67 19.00 19.20 12}{19.20 20.00 23.14 25.00 25.60 14}{25.60 26.00 28.25 31.00 32.00 4}{32.00 38.00 38.00 38.00 44.00 1}
10 2 
12 1 
14 3 
19 0 

RANKS: 1 -1 0 32 1
EVENT4: 1167 4a4646_4a4872_4a48cc_468bac_468df4_45db91_459218
COMP 51-0: 471052_47133e_4713fd_45b0e2_45db7f_459218 (32 4684.85 25 2267.00 13 9232.00){0.00 0.00 0.00 0.00 2090.80 0}{2090.80 2267.00 2853.74 3605.00 4181.60 19}{4181.60 5216.00 5680.80 6247.00 6272.40 5}{6272.40 6662.00 7643.67 8182.00 8363.20 3}{8363.20 8604.33 8763.40 9232.00 10454.00 5}
49 0 
52 256826 

RANKS: 1 -1 0 32 1
EVENT5: 1011 471052_47133e_4713fd_45b7a0_45dba2_459218
COMP 51-0: 4a4646_4a4872_4a48cc_468bac_468df4_45db91_459218 (32 21.55 16 11.00 23 198.00){0.00 11.00 14.04 15.00 15.20 28}{15.20 18.00 22.00 26.00 30.40 2}{30.40 38.00 38.00 38.00 60.80 1}{60.80 0.00 0.00 0.00 76.00 0}{76.00 198.00 198.00 198.00 320.00 1}
10 2 
12 4 
14 12 
19 0 

RANKS: 1 -1 0 32 1
EVENT6: 1010 470bed_470de3_470e43_462b44_45dbc8_459218
COMP 51-0: 471052_47133e_4713fd_45b7a0_45dba2_459218 (32 33.82 16 21.00 23 126.00){0.00 0.00 0.00 0.00 10.00 0}{10.00 0.00 0.00 0.00 20.00 0}{20.00 21.00 24.50 28.00 30.00 14}{30.00 31.00 36.59 41.00 50.00 17}{50.00 126.00 126.00 126.00 202.00 1}
10 2 

RANKS: 1 -1 0 32 1
EVENT7: 1104 48214b_4824b0_4825ae_462c42_45dbc8_459218
COMP 51-0: 470bed_470de3_470e43_462b44_45dbc8_459218 (32 20.91 17 18.00 17 24.00){0.00 0.00 0.00 0.00 8.40 0}{8.40 0.00 0.00 0.00 16.80 0}{16.80 18.00 20.91 24.00 25.20 32}{25.20 0.00 0.00 0.00 33.60 0}{33.60 0.00 0.00 0.00 42.00 0}
10 2 
12 1 
14 10 
18 2 
19 0 

RANKS: 1 -1 0 32 1
EVENT8: 1104 48214b_4824b0_4825ae_462d4c_45dbc8_459218
COMP 51-0: 48214b_4824b0_4825ae_462c42_45dbc8_459218 (32 9.67 3 9.00 5 13.00){0.00 0.00 0.00 0.00 4.40 0}{4.40 0.00 0.00 0.00 8.80 0}{8.80 9.00 9.62 13.00 13.20 32}{13.20 0.00 0.00 0.00 17.60 0}{17.60 0.00 0.00 0.00 22.00 0}
10 2 
12 1 
14 10 
18 1 
19 0 

RANKS: 1 -1 0 32 1
EVENT9: 1011 471052_47133e_4713fd_462e50_45dbc8_459218
COMP 51-0: 48214b_4824b0_4825ae_462d4c_45dbc8_459218 (32 12.18 1 9.00 7 14.00){0.00 0.00 0.00 0.00 4.80 0}{4.80 9.00 9.25 9.33 9.60 8}{9.60 12.00 13.17 14.00 14.40 24}{14.40 0.00 0.00 0.00 19.20 0}{19.20 0.00 0.00 0.00 24.00 0}
10 2 
12 1 
14 10 
19 0 

RANKS: 1 -1 0 32 1
EVENT10: 1011 471052_47133e_4713fd_4675bc_45dbe2_459218
COMP 51-0: 471052_47133e_4713fd_462e50_45dbc8_459218 (32 10.88 3 9.00 12 16.00){0.00 0.00 0.00 0.00 4.00 0}{4.00 0.00 0.00 0.00 8.00 0}{8.00 9.00 10.08 11.00 12.00 25}{12.00 13.25 13.86 16.00 16.00 7}{16.00 0.00 0.00 0.00 20.00 0}
10 2 
12 1 
14 3 
19 0 

RANKS: 1 -1 0 1 0
EVENT11: 1169 4a4ea5_4a5137_4a51d4_45dd54_4592a1
COMP 51-0: 471052_47133e_4713fd_4675bc_45dbe2_459218 (1 117.00 0 117.00 0 117.00){0.00 0.00 0.00 0.00 46.80 0}{46.80 0.00 0.00 0.00 93.60 0}{93.60 117.00 117.00 117.00 140.40 1}{140.40 0.00 0.00 0.00 187.20 0}{187.20 0.00 0.00 0.00 234.00 0}
11 1 
12 18 
49 0 

RANKS: 1 -1 0 32 1
EVENT12: 1030 474d46_474f75_474fe5_45fced_4592c8
COMP 51-0: 471052_47133e_4713fd_4675bc_45dbe2_459218 (31 19.56 16 16.00 5 26.00){0.00 0.00 0.00 0.00 8.00 0}{8.00 16.00 16.00 16.00 16.00 1}{16.00 17.00 19.21 24.00 24.00 28}{24.00 26.00 26.00 26.00 32.00 2}{32.00 0.00 0.00 0.00 40.00 0}
COMP 51-1: 4a4ea5_4a5137_4a51d4_45dd54_4592a1 (1 7084.00 0 7084.00 0 7084.00){0.00 0.00 0.00 0.00 2833.60 0}{2833.60 0.00 0.00 0.00 5667.20 0}{5667.20 7084.00 7084.00 7084.00 8500.80 1}{8500.80 0.00 0.00 0.00 11334.40 0}{11334.40 0.00 0.00 0.00 14168.00 0}
10 2 

RANKS: 1 -1 0 32 1
EVENT13: 1066 47b541_47b880_47b91f_45fdf8_4592c8
COMP 51-0: 474d46_474f75_474fe5_45fced_4592c8 (32 14.03 31 11.00 1 17.00){0.00 0.00 0.00 0.00 4.80 0}{4.80 0.00 0.00 0.00 9.60 0}{9.60 11.00 12.55 14.00 14.40 11}{14.40 14.50 14.90 17.00 19.20 21}{19.20 0.00 0.00 0.00 24.00 0}
b 0 31 1 
12 1 
21 1000 

RANKS: 1 -1 0 32 1
EVENT14: 1026 473ecc_47414c_4741cf_45fede_4592c8
COMP 51-0: 47b541_47b880_47b91f_45fdf8_4592c8 (32 10.85 26 9.00 2 14.00){0.00 0.00 0.00 0.00 4.40 0}{4.40 0.00 0.00 0.00 8.80 0}{8.80 9.00 10.52 12.00 13.20 29}{13.20 14.00 14.00 14.00 17.60 3}{17.60 0.00 0.00 0.00 22.00 0}
10 2 
21 1001 

RANKS: 1 -1 0 1 0
EVENT15: 1102 4810ba_481457_481550_45ae8b_460142_4592c8
COMP 51-0: 473ecc_47414c_4741cf_45fede_4592c8 (1 24.00 0 24.00 0 24.00){0.00 0.00 0.00 0.00 9.60 0}{9.60 0.00 0.00 0.00 19.20 0}{19.20 24.00 24.00 24.00 28.80 1}{28.80 0.00 0.00 0.00 38.40 0}{38.40 0.00 0.00 0.00 48.00 0}
COMP 51-1: 4810ba_481457_481550_45ae8b_460142_4592c8 (30 9.77 0 9.00 0 11.00){0.00 0.00 0.00 0.00 3.60 0}{3.60 0.00 0.00 0.00 7.20 0}{7.20 9.00 9.67 10.00 10.80 27}{10.80 11.00 11.00 11.00 14.40 3}{14.40 0.00 0.00 0.00 18.00 0}
LOOP0: iter: ( 31 )[ 1 -1 0 1 0 ] mem: ( 1 )[ 1 -1 0 1 0 ]
10 1000 
12 1024 
14 1 
1b 0 
2b 2147483647 

RANKS: 1 -1 1 31 1
EVENT16: 1113 485d8d_4860ce_4861a5_45afe1_460142_4592c8
COMP 51-0: 473ecc_47414c_4741cf_45fede_4592c8 (31 17.31 19 13.00 24 38.00){0.00 0.00 0.00 0.00 11.20 0}{11.20 13.00 14.91 16.67 16.80 23}{16.80 18.00 19.80 20.67 22.40 5}{22.40 23.00 23.00 23.00 28.00 1}{28.00 37.00 37.50 38.00 48.00 2}
10 1000 
12 1024 
14 1 
1a ( 31 )[ 1 -1 1 1 0 ]
1a ( 29 )[ 1 -1 3 1 0 ]
1a ( 25 )[ 1 -1 7 1 0 ]
1a ( 17 )[ 1 -1 15 1 0 ]
1a ( 1 )[ 1 -1 31 1 0 ]
1a ( 9 )[ 1 -1 23 1 0 ]
1a ( 21 )[ 1 -1 11 1 0 ]
1a ( 13 )[ 1 -1 19 1 0 ]
1a ( 5 )[ 1 -1 27 1 0 ]
1a ( 27 )[ 1 -1 5 1 0 ]
1a ( 23 )[ 1 -1 9 1 0 ]
1a ( 15 )[ 1 -1 17 1 0 ]
1a ( 7 )[ 1 -1 25 1 0 ]
1a ( 19 )[ 1 -1 13 1 0 ]
1a ( 11 )[ 1 -1 21 1 0 ]
1a ( 3 )[ 1 -1 29 1 0 ]
1a ( 30 )[ 1 -1 2 1 0 ]
1a ( 28 )[ 1 -1 4 1 0 ]
1a ( 24 )[ 1 -1 8 1 0 ]
1a ( 16 )[ 1 -1 16 1 0 ]
1a ( 8 )[ 1 -1 24 1 0 ]
1a ( 20 )[ 1 -1 12 1 0 ]
1a ( 12 )[ 1 -1 20 1 0 ]
1a ( 4 )[ 1 -1 28 1 0 ]
1a ( 26 )[ 1 -1 6 1 0 ]
1a ( 22 )[ 1 -1 10 1 0 ]
1a ( 14 )[ 1 -1 18 1 0 ]
1a ( 6 )[ 1 -1 26 1 0 ]
1a ( 18 )[ 1 -1 14 1 0 ]
1a ( 10 )[ 1 -1 22 1 0 ]
1a ( 2 )[ 1 -1 30 1 0 ]
1b 0 

RANKS: 1 -1 0 32 1
EVENT17: 1011 471052_47133e_4713fd_45b0e2_460142_4592c8
COMP 51-0: 4810ba_481457_481550_45ae8b_460142_4592c8 (1 10.00 0 10.00 0 10.00){0.00 0.00 0.00 0.00 4.00 0}{4.00 0.00 0.00 0.00 8.00 0}{8.00 10.00 10.00 10.00 12.00 1}{12.00 0.00 0.00 0.00 16.00 0}{16.00 0.00 0.00 0.00 20.00 0}
COMP 51-1: 485d8d_4860ce_4861a5_45afe1_460142_4592c8 (31 9.44 1 9.00 4 13.00){0.00 0.00 0.00 0.00 3.60 0}{3.60 0.00 0.00 0.00 7.20 0}{7.20 9.00 9.24 10.00 10.80 29}{10.80 12.00 12.50 13.00 14.40 2}{14.40 0.00 0.00 0.00 18.00 0}
10 1000 
12 1 
14 3 
19 0 

RANKS: 1 -1 0 1 0
EVENT18: 1169 4a4ea5_4a5137_4a51d4_45e063_4608cf_4592c8
COMP 51-0: 471052_47133e_4713fd_45b0e2_460142_4592c8 (1 17.00 0 17.00 0 17.00){0.00 0.00 0.00 0.00 6.80 0}{6.80 0.00 0.00 0.00 13.60 0}{13.60 17.00 17.00 17.00 20.40 1}{20.40 0.00 0.00 0.00 27.20 0}{27.20 0.00 0.00 0.00 34.00 0}
11 1 
12 10 
49 0 

RANKS: 1 -1 0 1 0
EVENT19: 1169 4a4ea5_4a5137_4a51d4_45e0c0_4608cf_4592c8
COMP 51-0: 4a4ea5_4a5137_4a51d4_45e063_4608cf_4592c8 (1 21.00 0 21.00 0 21.00){0.00 0.00 0.00 0.00 8.40 0}{8.40 0.00 0.00 0.00 16.80 0}{16.80 21.00 21.00 21.00 25.20 1}{25.20 0.00 0.00 0.00 33.60 0}{33.60 0.00 0.00 0.00 42.00 0}
11 1 
12 22 
49 0 

RANKS: 1 -1 0 1 0
EVENT20: 1169 4a4ea5_4a5137_4a51d4_45e106_4608cf_4592c8
COMP 51-0: 4a4ea5_4a5137_4a51d4_45e0c0_4608cf_4592c8 (1 9.00 0 9.00 0 9.00){0.00 0.00 0.00 0.00 3.60 0}{3.60 0.00 0.00 0.00 7.20 0}{7.20 9.00 9.00 9.00 10.80 1}{10.80 0.00 0.00 0.00 14.40 0}{14.40 0.00 0.00 0.00 18.00 0}
11 1 
12 18 
49 0 

RANKS: 1 -1 0 1 0
EVENT21: 1169 4a4ea5_4a5137_4a51d4_45e16f_4608cf_4592c8
COMP 51-0: 4a4ea5_4a5137_4a51d4_45e106_4608cf_4592c8 (1 9.00 0 9.00 0 9.00){0.00 0.00 0.00 0.00 3.60 0}{3.60 0.00 0.00 0.00 7.20 0}{7.20 9.00 9.00 9.00 10.80 1}{10.80 0.00 0.00 0.00 14.40 0}{14.40 0.00 0.00 0.00 18.00 0}
11 1 
12 12 
49 0 

RANKS: 1 -1 0 1 0
EVENT22: 1169 4a4ea5_4a5137_4a51d4_45e1f6_4608cf_4592c8
COMP 51-0: 4a4ea5_4a5137_4a51d4_45e16f_4608cf_4592c8 (1 20.00 0 20.00 0 20.00){0.00 0.00 0.00 0.00 8.00 0}{8.00 0.00 0.00 0.00 16.00 0}{16.00 20.00 20.00 20.00 24.00 1}{24.00 0.00 0.00 0.00 32.00 0}{32.00 0.00 0.00 0.00 40.00 0}
11 1 
12 21 
49 0 

RANKS: 1 -1 0 1 0
EVENT23: 1169 4a4ea5_4a5137_4a51d4_45e21f_4608cf_4592c8
COMP 51-0: 4a4ea5_4a5137_4a51d4_45e1f6_4608cf_4592c8 (1 9.00 0 9.00 0 9.00){0.00 0.00 0.00 0.00 3.60 0}{3.60 0.00 0.00 0.00 7.20 0}{7.20 9.00 9.00 9.00 10.80 1}{10.80 0.00 0.00 0.00 14.40 0}{14.40 0.00 0.00 0.00 18.00 0}
11 1 
12 20 
49 0 

RANKS: 1 -1 0 1 0
EVENT24: 1169 4a4ea5_4a5137_4a51d4_45e257_4608cf_4592c8
COMP 51-0: 4a4ea5_4a5137_4a51d4_45e21f_4608cf_4592c8 (1 9.00 0 9.00 0 9.00){0.00 0.00 0.00 0.00 3.60 0}{3.60 0.00 0.00 0.00 7.20 0}{7.20 9.00 9.00 9.00 10.80 1}{10.80 0.00 0.00 0.00 14.40 0}{14.40 0.00 0.00 0.00 18.00 0}
11 1 
12 21 
49 0 

RANKS: 1 -1 0 1 0
EVENT25: 1169 4a4ea5_4a5137_4a51d4_45e28e_4608cf_4592c8
COMP 51-0: 4a4ea5_4a5137_4a51d4_45e257_4608cf_4592c8 (1 9.00 0 9.00 0 9.00){0.00 0.00 0.00 0.00 3.60 0}{3.60 0.00 0.00 0.00 7.20 0}{7.20 9.00 9.00 9.00 10.80 1}{10.80 0.00 0.00 0.00 14.40 0}{14.40 0.00 0.00 0.00 18.00 0}
11 1 
12 18 
49 0 

RANKS: 1 -1 0 32 1
EVENT26: 1011 471052_47133e_4713fd_460ac3_4592c8
COMP 51-0: 471052_47133e_4713fd_45b0e2_460142_4592c8 (31 14.16 15 12.00 1 18.00){0.00 0.00 0.00 0.00 7.20 0}{7.20 12.00 12.74 13.08 14.40 19}{14.40 15.00 16.08 18.00 21.60 12}{21.60 0.00 0.00 0.00 28.80 0}{28.80 0.00 0.00 0.00 36.00 0}
COMP 51-1: 4a4ea5_4a5137_4a51d4_45e28e_4608cf_4592c8 (1 30.00 0 30.00 0 30.00){0.00 0.00 0.00 0.00 12.00 0}{12.00 0.00 0.00 0.00 24.00 0}{24.00 30.00 30.00 30.00 36.00 1}{36.00 0.00 0.00 0.00 48.00 0}{48.00 0.00 0.00 0.00 60.00 0}
10 1000 
12 1 
14 7 
19 0 

RANKS: 1 -1 0 32 1
EVENT27: 1010 470bed_470de3_470e43_460d4a_4592c8
COMP 51-0: 471052_47133e_4713fd_460ac3_4592c8 (32 75.18 10 14.00 0 925.00){0.00 14.00 20.35 27.00 370.00 31}{370.00 0.00 0.00 0.00 740.00 0}{740.00 925.00 925.00 925.00 1110.00 1}{1110.00 0.00 0.00 0.00 1480.00 0}{1480.00 0.00 0.00 0.00 1850.00 0}
10 1000 

RANKS: 1 -1 0 32 1
EVENT28: 1171 491686_491ab6_491b7b_46a744_46a481_460e5a_4592c8
COMP 51-0: 470bed_470de3_470e43_460d4a_4592c8 (32 98.09 29 21.00 15 818.00){0.00 0.00 0.00 0.00 12.40 0}{12.40 21.00 21.00 21.00 24.80 1}{24.80 25.00 40.54 43.42 62.00 26}{62.00 82.00 87.00 92.00 102.00 2}{102.00 561.00 652.33 818.00 1054.00 3}
COMM 51-0: 470bed_470de3_470e43_460d4a_4592c8 (32 106924.94 26 104024.00 11 108674.00){0.00 0.00 0.00 0.00 43089.20 0}{43089.20 0.00 0.00 0.00 86178.40 0}{86178.40 104024.00 106900.00 108674.00 129267.60 32}{129267.60 0.00 0.00 0.00 172356.80 0}{172356.80 0.00 0.00 0.00 215446.00 0}
10 1000 
3a :interleave.dat  
3b 41 
3c 1000 
52 139886 

RANKS: 1 -1 0 1 0
EVENT29: 1169 4a4ea5_4a5137_4a51d4_460f96_4592c8
COMP 51-0: 491686_491ab6_491b7b_46a744_46a481_460e5a_4592c8 (1 20.00 0 20.00 0 20.00){0.00 0.00 0.00 0.00 8.00 0}{8.00 0.00 0.00 0.00 16.00 0}{16.00 20.00 20.00 20.00 24.00 1}{24.00 0.00 0.00 0.00 32.00 0}{32.00 0.00 0.00 0.00 40.00 0}
11 1 
12 35 
49 0 

RANKS: 1 -1 0 32 1
EVENT30: 1176 493ca4_493fc8_4940a9_46b48b_465436_460ff4_4592c8
COMP 51-0: 491686_491ab6_491b7b_46a744_46a481_460e5a_4592c8 (31 273.53 26 211.00 29 973.00){0.00 0.00 0.00 0.00 196.80 0}{196.80 211.00 231.07 254.00 393.60 28}{393.60 455.00 455.00 455.00 492.00 1}{492.00 609.00 609.00 609.00 726.00 1}{726.00 973.00 973.00 973.00 1220.00 1}
COMP 51-1: 493ca4_493fc8_4940a9_46b48b_465436_460ff4_4592c8 (480 43.10 16 12.00 6 5753.00){0.00 12.00 30.14 46.00 48.00 471}{48.00 49.00 61.33 74.00 74.00 3}{74.00 82.67 91.25 117.00 160.00 4}{160.00 217.00 217.00 217.00 274.00 1}{274.00 5753.00 5753.00 5753.00 11232.00 1}
COMP 51-2: 4a4ea5_4a5137_4a51d4_460f96_4592c8 (1 247.00 0 247.00 0 247.00){0.00 0.00 0.00 0.00 98.80 0}{98.80 0.00 0.00 0.00 197.60 0}{197.60 247.00 247.00 247.00 296.40 1}{296.40 0.00 0.00 0.00 395.20 0}{395.20 0.00 0.00 0.00 494.00 0}
LOOP0: iter: ( 16 )[ 1 -1 0 32 1 ] mem: ( 1 )[ 1 -1 0 32 1 ]
12 131072 
14 12 
3c 1000 
3d ( 0 4194304 8388608 12582912 16777216 20971520 25165824 29360128 33554432 37748736 41943040 46137344 50331648 54525952 58720256 62914560 )[ 1 -1 0 1 0 ]
3d ( 131072 4325376 8519680 12713984 16908288 21102592 25296896 29491200 33685504 37879808 42074112 46268416 50462720 54657024 58851328 63045632 )[ 1 -1 1 1 0 ]
3d ( 393216 4587520 8781824 12976128 17170432 21364736 25559040 29753344 33947648 38141952 42336256 46530560 50724864 54919168 59113472 63307776 )[ 1 -1 3 1 0 ]
3d ( 917504 5111808 9306112 13500416 17694720 21889024 26083328 30277632 34471936 38666240 42860544 47054848 51249152 55443456 59637760 63832064 )[ 1 -1 7 1 0 ]
3d ( 1966080 6160384 10354688 14548992 18743296 22937600 27131904 31326208 35520512 39714816 43909120 48103424 52297728 56492032 60686336 64880640 )[ 1 -1 15 1 0 ]
3d ( 4063232 8257536 12451840 16646144 20840448 25034752 29229056 33423360 37617664 41811968 46006272 50200576 54394880 58589184 62783488 66977792 )[ 1 -1 31 1 0 ]
3d ( 3014656 7208960 11403264 15597568 19791872 23986176 28180480 32374784 36569088 40763392 44957696 49152000 53346304 57540608 61734912 65929216 )[ 1 -1 23 1 0 ]
3d ( 1441792 5636096 9830400 14024704 18219008 22413312 26607616 30801920 34996224 39190528 43384832 47579136 51773440 55967744 60162048 64356352 )[ 1 -1 11 1 0 ]
3d ( 2490368 6684672 10878976 15073280 19267584 23461888 27656192 31850496 36044800 40239104 44433408 48627712 52822016 57016320 61210624 65404928 )[ 1 -1 19 1 0 ]
3d ( 3538944 7733248 11927552 16121856 20316160 24510464 28704768 32899072 37093376 41287680 45481984 49676288 53870592 58064896 62259200 66453504 )[ 1 -1 27 1 0 ]
3d ( 655360 4849664 9043968 13238272 17432576 21626880 25821184 30015488 34209792 38404096 42598400 46792704 50987008 55181312 59375616 63569920 )[ 1 -1 5 1 0 ]
3d ( 1179648 5373952 9568256 13762560 17956864 22151168 26345472 30539776 34734080 38928384 43122688 47316992 51511296 55705600 59899904 64094208 )[ 1 -1 9 1 0 ]
3d ( 2228224 6422528 10616832 14811136 19005440 23199744 27394048 31588352 35782656 39976960 44171264 48365568 52559872 56754176 60948480 65142784 )[ 1 -1 17 1 0 ]
3d ( 3276800 7471104 11665408 15859712 20054016 24248320 28442624 32636928 36831232 41025536 45219840 49414144 53608448 57802752 61997056 66191360 )[ 1 -1 25 1 0 ]
3d ( 1703936 5898240 10092544 14286848 18481152 22675456 26869760 31064064 35258368 39452672 43646976 47841280 52035584 56229888 60424192 64618496 )[ 1 -1 13 1 0 ]
3d ( 2752512 6946816 11141120 15335424 19529728 23724032 27918336 32112640 36306944 40501248 44695552 48889856 53084160 57278464 61472768 65667072 )[ 1 -1 21 1 0 ]
3d ( 3801088 7995392 12189696 16384000 20578304 24772608 28966912 33161216 37355520 41549824 45744128 49938432 54132736 58327040 62521344 66715648 )[ 1 -1 29 1 0 ]
3d ( 262144 4456448 8650752 12845056 17039360 21233664 25427968 29622272 33816576 38010880 42205184 46399488 50593792 54788096 58982400 63176704 )[ 1 -1 2 1 0 ]
3d ( 524288 4718592 8912896 13107200 17301504 21495808 25690112 29884416 34078720 38273024 42467328 46661632 50855936 55050240 59244544 63438848 )[ 1 -1 4 1 0 ]
3d ( 1048576 5242880 9437184 13631488 17825792 22020096 26214400 30408704 34603008 38797312 42991616 47185920 51380224 55574528 59768832 63963136 )[ 1 -1 8 1 0 ]
3d ( 2097152 6291456 10485760 14680064 18874368 23068672 27262976 31457280 35651584 39845888 44040192 48234496 52428800 56623104 60817408 65011712 )[ 1 -1 16 1 0 ]
3d ( 3145728 7340032 11534336 15728640 19922944 24117248 28311552 32505856 36700160 40894464 45088768 49283072 53477376 57671680 61865984 66060288 )[ 1 -1 24 1 0 ]
3d ( 1572864 5767168 9961472 14155776 18350080 22544384 26738688 30932992 35127296 39321600 43515904 47710208 51904512 56098816 60293120 64487424 )[ 1 -1 12 1 0 ]
3d ( 2621440 6815744 11010048 15204352 19398656 23592960 27787264 31981568 36175872 40370176 44564480 48758784 52953088 57147392 61341696 65536000 )[ 1 -1 20 1 0 ]
3d ( 3670016 7864320 12058624 16252928 20447232 24641536 28835840 33030144 37224448 41418752 45613056 49807360 54001664 58195968 62390272 66584576 )[ 1 -1 28 1 0 ]
3d ( 786432 4980736 9175040 13369344 17563648 21757952 25952256 30146560 34340864 38535168 42729472 46923776 51118080 55312384 59506688 63700992 )[ 1 -1 6 1 0 ]
3d ( 1310720 5505024 9699328 13893632 18087936 22282240 26476544 30670848 34865152 39059456 43253760 47448064 51642368 55836672 60030976 64225280 )[ 1 -1 10 1 0 ]
3d ( 2359296 6553600 10747904 14942208 19136512 23330816 27525120 31719424 35913728 40108032 44302336 48496640 52690944 56885248 61079552 65273856 )[ 1 -1 18 1 0 ]
3d ( 3407872 7602176 11796480 15990784 20185088 24379392 28573696 32768000 36962304 41156608 45350912 49545216 53739520 57933824 62128128 66322432 )[ 1 -1 26 1 0 ]
3d ( 1835008 6029312 10223616 14417920 18612224 22806528 27000832 31195136 35389440 39583744 43778048 47972352 52166656 56360960 60555264 64749568 )[ 1 -1 14 1 0 ]
3d ( 2883584 7077888 11272192 15466496 19660800 23855104 28049408 32243712 36438016 40632320 44826624 49020928 53215232 57409536 61603840 65798144 )[ 1 -1 22 1 0 ]
3d ( 3932160 8126464 12320768 16515072 20709376 24903680 29097984 33292288 37486592 41680896 45875200 50069504 54263808 58458112 62652416 66846720 )[ 1 -1 30 1 0 ]

RANKS: 1 -1 0 32 1
EVENT31: 1183 496b2e_496d6d_496dcd_46b6dc_461140_4592c8
COMP 51-0: 493ca4_493fc8_4940a9_46b48b_465436_460ff4_4592c8 (32 117.76 6 46.00 14 421.00){0.00 0.00 0.00 0.00 40.40 0}{40.40 46.00 59.33 80.00 80.80 9}{80.80 97.50 123.81 150.00 202.00 21}{202.00 230.00 230.00 230.00 258.00 1}{258.00 421.00 421.00 421.00 584.00 1}
3c 1000 
52 2879414 

RANKS: 1 -1 0 32 1
EVENT32: 1010 470bed_470de3_470e43_4612a4_4592c8
COMP 51-0: 496b2e_496d6d_496dcd_46b6dc_461140_4592c8 (32 21.00 17 11.00 4 38.00){0.00 11.00 11.00 11.00 11.20 1}{11.20 12.00 12.27 13.00 22.40 15}{22.40 27.00 28.80 33.00 33.60 15}{33.60 38.00 38.00 38.00 44.80 1}{44.80 0.00 0.00 0.00 56.00 0}
10 1000 

RANKS: 1 -1 0 32 1
EVENT33: 1171 491686_491ab6_491b7b_46be3a_461465_4592c8
COMP 51-0: 470bed_470de3_470e43_4612a4_4592c8 (32 16.76 13 11.00 27 135.00){0.00 0.00 0.00 0.00 5.20 0}{5.20 0.00 0.00 0.00 10.40 0}{10.40 11.00 12.20 14.00 20.80 30}{20.80 0.00 0.00 0.00 26.00 0}{26.00 39.00 87.00 135.00 244.00 2}
COMM 51-0: 470bed_470de3_470e43_4612a4_4592c8 (32 53950.18 18 53345.00 18 54903.00){0.00 0.00 0.00 0.00 21514.80 0}{21514.80 0.00 0.00 0.00 43029.60 0}{43029.60 53345.00 53955.28 54903.00 64544.40 32}{64544.40 0.00 0.00 0.00 86059.20 0}{86059.20 0.00 0.00 0.00 107574.00 0}
10 1000 
3a :interleave.dat  
3b 2 
3c 1001 
52 55318 

RANKS: 1 -1 0 32 1
EVENT34: 1183 496b2e_496d6d_496dcd_46bfdd_461465_4592c8
COMP 51-0: 491686_491ab6_491b7b_46be3a_461465_4592c8 (32 539589.48 4 1986.00 17 615130.00){0.00 1986.00 52333.25 203137.00 242672.00 4}{242672.00 0.00 0.00 0.00 485344.00 0}{485344.00 605646.00 606801.43 615130.00 728016.00 28}{728016.00 0.00 0.00 0.00 970688.00 0}{970688.00 0.00 0.00 0.00 1213360.00 0}
3c 1001 
52 616369 

RANKS: 1 -1 0 32 1
EVENT35: 1004 46e310_46e630_46e710_46c1e0_461465_4592c8
COMP 51-0: 496b2e_496d6d_496dcd_46bfdd_461465_4592c8 (32 47.27 4 14.00 18 261.00){0.00 14.00 16.33 18.00 28.00 3}{28.00 29.80 34.12 41.00 42.00 24}{42.00 45.00 49.00 53.00 70.00 2}{70.00 138.00 149.00 160.00 206.00 2}{206.00 261.00 261.00 261.00 316.00 1}
10 1000 
12 1 
14 38 
18 2 

RANKS: 1 -1 0 32 1
EVENT36: 1004 46e310_46e630_46e710_46c2e0_461465_4592c8
COMP 51-0: 46e310_46e630_46e710_46c1e0_461465_4592c8 (32 23.30 20 10.00 18 28.00){0.00 10.00 10.00 10.00 10.40 2}{10.40 11.00 11.00 11.00 20.80 4}{20.80 24.00 26.12 28.00 31.20 26}{31.20 0.00 0.00 0.00 41.60 0}{41.60 0.00 0.00 0.00 52.00 0}
10 1000 
12 1 
14 38 
18 1 

RANKS: 1 -1 0 32 1
EVENT37: 1004 46e310_46e630_46e710_459de7_46147b_4592c8
COMP 51-0: 46e310_46e630_46e710_46c2e0_461465_4592c8 (32 23.88 4 10.00 2 38.00){0.00 10.00 10.50 11.00 11.20 6}{11.20 0.00 0.00 0.00 22.40 0}{22.40 24.00 26.36 29.00 33.60 25}{33.60 38.00 38.00 38.00 44.80 1}{44.80 0.00 0.00 0.00 56.00 0}
10 1000 
12 1 
14 38 
18 3 

RANKS: 1 -1 0 32 1
EVENT38: 1104 48214b_4824b0_4825ae_45d3dc_4614bc_4592c8
COMP 51-0: 46e310_46e630_46e710_459de7_46147b_4592c8 (32 34.18 4 15.00 18 45.00){0.00 0.00 0.00 0.00 10.80 0}{10.80 15.00 17.17 20.00 21.60 6}{21.60 27.00 27.00 27.00 32.40 1}{32.40 34.00 38.58 41.00 43.20 24}{43.20 45.00 45.00 45.00 54.00 1}
COMP 51-1: 48214b_4824b0_4825ae_45d3dc_4614bc_4592c8 (352 20.20 3 8.00 7 39.00){0.00 8.00 8.67 9.00 9.60 3}{9.60 10.00 10.29 16.00 19.20 121}{19.20 20.00 25.47 28.00 28.80 225}{28.80 32.00 34.00 36.00 38.40 2}{38.40 39.00 39.00 39.00 48.00 1}
LOOP0: iter: ( 12 )[ 1 -1 0 32 1 ] mem: ( 1 )[ 1 -1 0 32 1 ]
10 1000 
12 1 
14 10 
18 2 1 
19 0 

RANKS: 1 -1 0 32 1
EVENT39: 1010 470bed_470de3_470e43_461d7f_4592c8
COMP 51-0: 48214b_4824b0_4825ae_45d3dc_4614bc_4592c8 (32 18.64 15 11.00 29 33.00){0.00 0.00 0.00 0.00 4.80 0}{4.80 0.00 0.00 0.00 9.60 0}{9.60 11.00 12.25 15.00 19.20 20}{19.20 22.00 22.00 22.00 24.00 1}{24.00 27.00 30.55 33.00 42.00 11}
10 1000 

RANKS: 1 -1 0 32 1
EVENT40: 1171 491686_491ab6_491b7b_46a744_461e8f_4592c8
COMP 51-0: 470bed_470de3_470e43_461d7f_4592c8 (32 17.39 17 15.00 7 20.00){0.00 0.00 0.00 0.00 6.80 0}{6.80 0.00 0.00 0.00 13.60 0}{13.60 15.00 17.41 20.00 20.40 32}{20.40 0.00 0.00 0.00 27.20 0}{27.20 0.00 0.00 0.00 34.00 0}
COMM 51-0: 470bed_470de3_470e43_461d7f_4592c8 (32 65819.42 10 64862.00 9 69759.00){0.00 0.00 0.00 0.00 26084.80 0}{26084.80 0.00 0.00 0.00 52169.60 0}{52169.60 64862.00 65838.41 69759.00 78254.40 32}{78254.40 0.00 0.00 0.00 104339.20 0}{104339.20 0.00 0.00 0.00 130424.00 0}
10 1000 
3a :interleave.dat  
3b 41 
3c 1002 
52 76922 

RANKS: 1 -1 0 1 0
EVENT41: 1169 4a4ea5_4a5137_4a51d4_462003_4592c8
COMP 51-0: 491686_491ab6_491b7b_46a744_461e8f_4592c8 (1 19.00 0 19.00 0 19.00){0.00 0.00 0.00 0.00 7.60 0}{7.60 0.00 0.00 0.00 15.20 0}{15.20 19.00 19.00 19.00 22.80 1}{22.80 0.00 0.00 0.00 30.40 0}{30.40 0.00 0.00 0.00 38.00 0}
11 1 
12 34 
49 0 

RANKS: 1 -1 0 32 1
EVENT42: 1180 495934_495c58_495d39_46b48b_46551c_462061_4592c8
COMP 51-0: 491686_491ab6_491b7b_46a744_461e8f_4592c8 (31 409.06 14 210.00 10 4812.00){0.00 0.00 0.00 0.00 185.60 0}{185.60 210.00 234.52 315.00 371.20 27}{371.20 456.00 456.00 456.00 464.00 1}{464.00 620.00 629.00 638.00 776.00 2}{776.00 4812.00 4812.00 4812.00 8848.00 1}
COMP 51-1: 495934_495c58_495d39_46b48b_46551c_462061_4592c8 (480 32.16 25 12.00 7 632.00){0.00 0.00 0.00 0.00 11.20 0}{11.20 12.00 17.64 22.00 22.40 166}{22.40 27.00 33.01 52.00 52.00 297}{52.00 67.50 130.75 295.00 356.00 16}{356.00 632.00 632.00 632.00 908.00 1}
COMP 51-2: 4a4ea5_4a5137_4a51d4_462003_4592c8 (1 751.00 0 751.00 0 751.00){0.00 0.00 0.00 0.00 300.40 0}{300.40 0.00 0.00 0.00 600.80 0}{600.80 751.00 751.00 751.00 901.20 1}{901.20 0.00 0.00 0.00 1201.60 0}{1201.60 0.00 0.00 0.00 1502.00 0}
LOOP0: iter: ( 16 )[ 1 -1 0 32 1 ] mem: ( 1 )[ 1 -1 0 32 1 ]
12 131072 
14 12 
3c 1002 
3d ( 0 4194304 8388608 12582912 16777216 20971520 25165824 29360128 33554432 37748736 41943040 46137344 50331648 54525952 58720256 62914560 )[ 1 -1 0 1 0 ]
3d ( 131072 4325376 8519680 12713984 16908288 21102592 25296896 29491200 33685504 37879808 42074112 46268416 50462720 54657024 58851328 63045632 )[ 1 -1 1 1 0 ]
3d ( 393216 4587520 8781824 12976128 17170432 21364736 25559040 29753344 33947648 38141952 42336256 46530560 50724864 54919168 59113472 63307776 )[ 1 -1 3 1 0 ]
3d ( 917504 5111808 9306112 13500416 17694720 21889024 26083328 30277632 34471936 38666240 42860544 47054848 51249152 55443456 59637760 63832064 )[ 1 -1 7 1 0 ]
3d ( 1966080 6160384 10354688 14548992 18743296 22937600 27131904 31326208 35520512 39714816 43909120 48103424 52297728 56492032 60686336 64880640 )[ 1 -1 15 1 0 ]
3d ( 4063232 8257536 12451840 16646144 20840448 25034752 29229056 33423360 37617664 41811968 46006272 50200576 54394880 58589184 62783488 66977792 )[ 1 -1 31 1 0 ]
3d ( 3014656 7208960 11403264 15597568 19791872 23986176 28180480 32374784 36569088 40763392 44957696 49152000 53346304 57540608 61734912 65929216 )[ 1 -1 23 1 0 ]
3d ( 1441792 5636096 9830400 14024704 18219008 22413312 26607616 30801920 34996224 39190528 43384832 47579136 51773440 55967744 60162048 64356352 )[ 1 -1 11 1 0 ]
3d ( 2490368 6684672 10878976 15073280 19267584 23461888 27656192 31850496 36044800 40239104 44433408 48627712 52822016 57016320 61210624 65404928 )[ 1 -1 19 1 0 ]
3d ( 3538944 7733248 11927552 16121856 20316160 24510464 28704768 32899072 37093376 41287680 45481984 49676288 53870592 58064896 62259200 66453504 )[ 1 -1 27 1 0 ]
3d ( 655360 4849664 9043968 13238272 17432576 21626880 25821184 30015488 34209792 38404096 42598400 46792704 50987008 55181312 59375616 63569920 )[ 1 -1 5 1 0 ]
3d ( 1179648 5373952 9568256 13762560 17956864 22151168 26345472 30539776 34734080 38928384 43122688 47316992 51511296 55705600 59899904 64094208 )[ 1 -1 9 1 0 ]
3d ( 2228224 6422528 10616832 14811136 19005440 23199744 27394048 31588352 35782656 39976960 44171264 48365568 52559872 56754176 60948480 65142784 )[ 1 -1 17 1 0 ]
3d ( 3276800 7471104 11665408 15859712 20054016 24248320 28442624 32636928 36831232 41025536 45219840 49414144 53608448 57802752 61997056 66191360 )[ 1 -1 25 1 0 ]
3d ( 1703936 5898240 10092544 14286848 18481152 22675456 26869760 31064064 35258368 39452672 43646976 47841280 52035584 56229888 60424192 64618496 )[ 1 -1 13 1 0 ]
3d ( 2752512 6946816 11141120 15335424 19529728 23724032 27918336 32112640 36306944 40501248 44695552 48889856 53084160 57278464 61472768 65667072 )[ 1 -1 21 1 0 ]
3d ( 3801088 7995392 12189696 16384000 20578304 24772608 28966912 33161216 37355520 41549824 45744128 49938432 54132736 58327040 62521344 66715648 )[ 1 -1 29 1 0 ]
3d ( 262144 4456448 8650752 12845056 17039360 21233664 25427968 29622272 33816576 38010880 42205184 46399488 50593792 54788096 58982400 63176704 )[ 1 -1 2 1 0 ]
3d ( 524288 4718592 8912896 13107200 17301504 21495808 25690112 29884416 34078720 38273024 42467328 46661632 50855936 55050240 59244544 63438848 )[ 1 -1 4 1 0 ]
3d ( 1048576 5242880 9437184 13631488 17825792 22020096 26214400 30408704 34603008 38797312 42991616 47185920 51380224 55574528 59768832 63963136 )[ 1 -1 8 1 0 ]
3d ( 2097152 6291456 10485760 14680064 18874368 23068672 27262976 31457280 35651584 39845888 44040192 48234496 52428800 56623104 60817408 65011712 )[ 1 -1 16 1 0 ]
3d ( 3145728 7340032 11534336 15728640 19922944 24117248 28311552 32505856 36700160 40894464 45088768 49283072 53477376 57671680 61865984 66060288 )[ 1 -1 24 1 0 ]
3d ( 1572864 5767168 9961472 14155776 18350080 22544384 26738688 30932992 35127296 39321600 43515904 47710208 51904512 56098816 60293120 64487424 )[ 1 -1 12 1 0 ]
3d ( 2621440 6815744 11010048 15204352 19398656 23592960 27787264 31981568 36175872 40370176 44564480 48758784 52953088 57147392 61341696 65536000 )[ 1 -1 20 1 0 ]
3d ( 3670016 7864320 12058624 16252928 20447232 24641536 28835840 33030144 37224448 41418752 45613056 49807360 54001664 58195968 62390272 66584576 )[ 1 -1 28 1 0 ]
3d ( 786432 4980736 9175040 13369344 17563648 21757952 25952256 30146560 34340864 38535168 42729472 46923776 51118080 55312384 59506688 63700992 )[ 1 -1 6 1 0 ]
3d ( 1310720 5505024 9699328 13893632 18087936 22282240 26476544 30670848 34865152 39059456 43253760 47448064 51642368 55836672 60030976 64225280 )[ 1 -1 10 1 0 ]
3d ( 2359296 6553600 10747904 14942208 19136512 23330816 27525120 31719424 35913728 40108032 44302336 48496640 52690944 56885248 61079552 65273856 )[ 1 -1 18 1 0 ]
3d ( 3407872 7602176 11796480 15990784 20185088 24379392 28573696 32768000 36962304 41156608 45350912 49545216 53739520 57933824 62128128 66322432 )[ 1 -1 26 1 0 ]
3d ( 1835008 6029312 10223616 14417920 18612224 22806528 27000832 31195136 35389440 39583744 43778048 47972352 52166656 56360960 60555264 64749568 )[ 1 -1 14 1 0 ]
3d ( 2883584 7077888 11272192 15466496 19660800 23855104 28049408 32243712 36438016 40632320 44826624 49020928 53215232 57409536 61603840 65798144 )[ 1 -1 22 1 0 ]
3d ( 3932160 8126464 12320768 16515072 20709376 24903680 29097984 33292288 37486592 41680896 45875200 50069504 54263808 58458112 62652416 66846720 )[ 1 -1 30 1 0 ]

RANKS: 1 -1 0 32 1
EVENT43: 1183 496b2e_496d6d_496dcd_46b6dc_4621ad_4592c8
COMP 51-0: 495934_495c58_495d39_46b48b_46551c_462061_4592c8 (32 75.18 22 46.00 25 130.00){0.00 46.00 46.00 46.00 48.00 1}{48.00 51.00 62.87 72.00 72.00 15}{72.00 75.62 77.80 92.00 96.00 10}{96.00 98.00 104.80 119.00 120.00 5}{120.00 130.00 130.00 130.00 140.00 1}
3c 1002 
52 1760117 

RANKS: 1 -1 0 32 1
EVENT44: 1171 491686_491ab6_491b7b_46be3a_462211_4592c8
COMP 51-0: 496b2e_496d6d_496dcd_46b6dc_4621ad_4592c8 (32 13.58 0 12.00 21 20.00){0.00 0.00 0.00 0.00 4.80 0}{4.80 0.00 0.00 0.00 9.60 0}{9.60 12.00 13.07 14.00 14.40 29}{14.40 18.00 18.50 19.00 19.20 2}{19.20 20.00 20.00 20.00 24.00 1}
COMM 51-0: 496b2e_496d6d_496dcd_46b6dc_4621ad_4592c8 (32 100842.88 1 89538.00 16 105071.00){0.00 0.00 0.00 0.00 36363.20 0}{36363.20 0.00 0.00 0.00 72726.40 0}{72726.40 89538.00 101153.34 105071.00 109089.60 32}{109089.60 0.00 0.00 0.00 145452.80 0}{145452.80 0.00 0.00 0.00 181816.00 0}
10 1000 
3a :interleave.dat  
3b 2 
3c 1003 
52 101227 

RANKS: 1 -1 0 32 1
EVENT45: 1183 496b2e_496d6d_496dcd_46bfdd_462211_4592c8
COMP 51-0: 491686_491ab6_491b7b_46be3a_462211_4592c8 (32 410796.52 8 1581.00 27 1411043.00){0.00 0.00 0.00 0.00 1433.60 0}{1433.60 1581.00 2028.67 2546.00 2867.20 15}{2867.20 2899.00 3196.00 3493.00 3584.00 2}{3584.00 204411.00 715949.00 1142192.67 1208620.00 11}{1208620.00 1410110.00 1410558.00 1411043.00 1613466.00 4}
3c 1003 
52 1377491 

RANKS: 1 -1 0 32 1
EVENT46: 1004 46e310_46e630_46e710_46c1e0_462211_4592c8
COMP 51-0: 496b2e_496d6d_496dcd_46bfdd_462211_4592c8 (32 12.70 1 11.00 5 18.00){0.00 0.00 0.00 0.00 4.80 0}{4.80 0.00 0.00 0.00 9.60 0}{9.60 11.00 12.43 14.00 14.40 30}{14.40 16.00 17.00 18.00 19.20 2}{19.20 0.00 0.00 0.00 24.00 0}
10 1000 
12 1 
14 38 
18 2 

RANKS: 1 -1 0 32 1
EVENT47: 1004 46e310_46e630_46e710_46c2e0_462211_4592c8
COMP 51-0: 46e310_46e630_46e710_46c1e0_462211_4592c8 (32 10.76 14 9.00 7 12.00){0.00 0.00 0.00 0.00 4.40 0}{4.40 0.00 0.00 0.00 8.80 0}{8.80 9.00 10.75 12.00 13.20 32}{13.20 0.00 0.00 0.00 17.60 0}{17.60 0.00 0.00 0.00 22.00 0}
10 1000 
12 1 
14 38 
18 1 

RANKS: 1 -1 0 32 1
EVENT48: 1004 46e310_46e630_46e710_459de7_462227_4592c8
COMP 51-0: 46e310_46e630_46e710_46c2e0_462211_4592c8 (32 13.61 1 10.00 5 66.00){0.00 0.00 0.00 0.00 8.80 0}{8.80 10.00 10.96 12.00 13.20 27}{13.20 16.00 16.50 17.00 17.60 2}{17.60 21.00 21.50 22.00 22.00 2}{22.00 66.00 66.00 66.00 110.00 1}
10 1000 
12 1 
14 38 
18 3 

RANKS: 1 -1 0 32 1
EVENT49: 1104 48214b_4824b0_4825ae_45d3dc_462268_4592c8
COMP 51-0: 46e310_46e630_46e710_459de7_462227_4592c8 (32 12.12 31 10.00 31 14.00){0.00 0.00 0.00 0.00 4.40 0}{4.40 0.00 0.00 0.00 8.80 0}{8.80 10.00 12.03 12.77 13.20 30}{13.20 14.00 14.00 14.00 17.60 2}{17.60 0.00 0.00 0.00 22.00 0}
COMP 51-1: 48214b_4824b0_4825ae_45d3dc_462268_4592c8 (352 10.36 1 8.00 17 18.00){0.00 0.00 0.00 0.00 4.40 0}{4.40 8.00 8.00 8.00 8.80 2}{8.80 9.00 10.23 12.00 13.20 342}{13.20 14.00 15.86 17.00 17.60 7}{17.60 18.00 18.00 18.00 22.00 1}
LOOP0: iter: ( 12 )[ 1 -1 0 32 1 ] mem: ( 1 )[ 1 -1 0 32 1 ]
10 1000 
12 1 
14 10 
18 2 1 
19 0 

RANKS: 1 -1 0 32 1
EVENT50: 1010 470bed_470de3_470e43_462676_4592c8
COMP 51-0: 48214b_4824b0_4825ae_45d3dc_462268_4592c8 (32 10.85 3 9.00 14 19.00){0.00 0.00 0.00 0.00 4.00 0}{4.00 0.00 0.00 0.00 8.00 0}{8.00 9.00 10.61 12.00 12.00 31}{12.00 0.00 0.00 0.00 16.00 0}{16.00 19.00 19.00 19.00 20.00 1}
10 1000 

RANKS: 1 -1 0 1 0
EVENT51: 1184 497051_4972e3_497353_46b9a3_45db5e_462786_4592c8
COMP 51-0: 470bed_470de3_470e43_462676_4592c8 (1 27.00 0 27.00 0 27.00){0.00 0.00 0.00 0.00 10.80 0}{10.80 0.00 0.00 0.00 21.60 0}{21.60 27.00 27.00 27.00 32.40 1}{32.40 0.00 0.00 0.00 43.20 0}{43.20 0.00 0.00 0.00 54.00 0}
3a :interleave.dat  

RANKS: 1 -1 0 32 1
EVENT52: 1010 470bed_470de3_470e43_4627a3_4592c8
COMP 51-0: 470bed_470de3_470e43_462676_4592c8 (31 9.91 3 9.00 15 11.00){0.00 0.00 0.00 0.00 4.00 0}{4.00 0.00 0.00 0.00 8.00 0}{8.00 9.00 9.90 11.00 12.00 31}{12.00 0.00 0.00 0.00 16.00 0}{16.00 0.00 0.00 0.00 20.00 0}
COMP 51-1: 497051_4972e3_497353_46b9a3_45db5e_462786_4592c8 (1 22.00 0 22.00 0 22.00){0.00 0.00 0.00 0.00 8.80 0}{8.80 0.00 0.00 0.00 17.60 0}{17.60 22.00 22.00 22.00 26.40 1}{26.40 0.00 0.00 0.00 35.20 0}{35.20 0.00 0.00 0.00 44.00 0}
10 1000 

RANKS: 1 -1 0 1 0
EVENT53: 1169 4a4ea5_4a5137_4a51d4_45f333_4628d3_4592c8
COMP 51-0: 470bed_470de3_470e43_4627a3_4592c8 (1 32.00 0 32.00 0 32.00){0.00 0.00 0.00 0.00 12.80 0}{12.80 0.00 0.00 0.00 25.60 0}{25.60 32.00 32.00 32.00 38.40 1}{38.40 0.00 0.00 0.00 51.20 0}{51.20 0.00 0.00 0.00 64.00 0}
11 1 
12 109 
49 0 

RANKS: 1 -1 0 1 0
EVENT54: 1169 4a4ea5_4a5137_4a51d4_45f358_4628d3_4592c8
COMP 51-0: 4a4ea5_4a5137_4a51d4_45f333_4628d3_4592c8 (1 12.00 0 12.00 0 12.00){0.00 0.00 0.00 0.00 4.80 0}{4.80 0.00 0.00 0.00 9.60 0}{9.60 12.00 12.00 12.00 14.40 1}{14.40 0.00 0.00 0.00 19.20 0}{19.20 0.00 0.00 0.00 24.00 0}
11 1 
12 87 
49 0 

RANKS: 1 -1 0 1 0
EVENT55: 1169 4a4ea5_4a5137_4a51d4_45f384_4628d3_4592c8
COMP 51-0: 4a4ea5_4a5137_4a51d4_45f358_4628d3_4592c8 (1 12.00 0 12.00 0 12.00){0.00 0.00 0.00 0.00 4.80 0}{4.80 0.00 0.00 0.00 9.60 0}{9.60 12.00 12.00 12.00 14.40 1}{14.40 0.00 0.00 0.00 19.20 0}{19.20 0.00 0.00 0.00 24.00 0}
11 1 
12 108 
49 0 

RANKS: 1 -1 0 1 0
EVENT56: 1169 4a4ea5_4a5137_4a51d4_45f764_4628d3_4592c8
COMP 51-0: 4a4ea5_4a5137_4a51d4_45f384_4628d3_4592c8 (1 39.00 0 39.00 0 39.00){0.00 0.00 0.00 0.00 15.60 0}{15.60 0.00 0.00 0.00 31.20 0}{31.20 39.00 39.00 39.00 46.80 1}{46.80 0.00 0.00 0.00 62.40 0}{62.40 0.00 0.00 0.00 78.00 0}
11 1 
12 6 
49 0 

RANKS: 1 -1 0 1 0
EVENT57: 1169 4a4ea5_4a5137_4a51d4_45fb4a_4628d3_4592c8
COMP 51-0: 4a4ea5_4a5137_4a51d4_45f764_4628d3_4592c8 (1 21.00 0 21.00 0 21.00){0.00 0.00 0.00 0.00 8.40 0}{8.40 0.00 0.00 0.00 16.80 0}{16.80 21.00 21.00 21.00 25.20 1}{25.20 0.00 0.00 0.00 33.60 0}{33.60 0.00 0.00 0.00 42.00 0}
11 1 
12 6 
49 0 

RANKS: 1 -1 0 32 1
EVENT58: 1028 474931_474af2_474b52_4628dd_4592c8
COMP 51-0: 470bed_470de3_470e43_4627a3_4592c8 (31 69.12 23 30.00 4 350.00){0.00 0.00 0.00 0.00 16.80 0}{16.80 30.00 39.33 53.00 84.00 24}{84.00 116.00 140.80 147.00 148.00 5}{148.00 172.00 172.00 172.00 196.00 1}{196.00 350.00 350.00 350.00 504.00 1}
COMP 51-1: 4a4ea5_4a5137_4a51d4_45fb4a_4628d3_4592c8 (1 26.00 0 26.00 0 26.00){0.00 0.00 0.00 0.00 10.40 0}{10.40 0.00 0.00 0.00 20.80 0}{20.80 26.00 26.00 26.00 31.20 1}{31.20 0.00 0.00 0.00 41.60 0}{41.60 0.00 0.00 0.00 52.00 0}
10 1000 

RANKS: 1 -1 0 32 1
EVENT59: 1010 470bed_470de3_470e43_462a58_4592c8
COMP 51-0: 474931_474af2_474b52_4628dd_4592c8 (32 10.85 23 10.00 23 12.00){0.00 0.00 0.00 0.00 4.40 0}{4.40 0.00 0.00 0.00 8.80 0}{8.80 10.00 10.84 12.00 13.20 32}{13.20 0.00 0.00 0.00 17.60 0}{17.60 0.00 0.00 0.00 22.00 0}
10 2 

RANKS: 1 -1 0 32 1
EVENT60: 1045 476acc_476b3d_476b81_459315
COMP 51-0: 470bed_470de3_470e43_462a58_4592c8 (32 891.55 20 283.00 4 2825.00){0.00 0.00 0.00 0.00 248.80 0}{248.80 283.00 337.87 415.00 622.00 15}{622.00 712.00 771.75 929.00 1056.00 4}{1056.00 1212.00 1348.00 1399.00 1496.00 10}{1496.00 2270.00 2491.67 2825.00 3264.00 3}
52 67794 

