RANKS: 1 -1 0 8 1
EVENT0: 1084 47cb68_47cc13_47cc5f_458fad
33 2 
34 0 

RANKS: 1 -1 0 1 0
EVENT1: 1102 4810ba_481457_481550_45ae8b_45db7f_459218
COMP 51-0: 47cb68_47cc13_47cc5f_458fad (1 38.00 0 38.00 0 38.00){0.00 0.00 0.00 0.00 15.20 0}{15.20 0.00 0.00 0.00 30.40 0}{30.40 38.00 38.00 38.00 45.60 1}{45.60 0.00 0.00 0.00 60.80 0}{60.80 0.00 0.00 0.00 76.00 0}
COMP 51-1: 4810ba_481457_481550_45ae8b_45db7f_459218 (6 13.14 0 11.00 0 17.00){0.00 0.00 0.00 0.00 6.00 0}{6.00 11.00 11.25 12.00 12.00 4}{12.00 15.00 16.00 17.00 18.00 2}{18.00 0.00 0.00 0.00 24.00 0}{24.00 0.00 0.00 0.00 30.00 0}
LOOP0: iter: ( 7 )[ 1 -1 0 1 0 ] mem: ( 1 )[ 1 -1 0 1 0 ]
10 2 
12 1024 
14 1 
1b 0 
2b 2147483647 

RANKS: 1 -1 1 7 1
EVENT2: 1113 485d8d_4860ce_4861a5_45afe1_45db7f_459218
COMP 51-0: 47cb68_47cc13_47cc5f_458fad (7 107.38 6 34.00 3 158.00){0.00 34.00 34.00 34.00 54.40 1}{54.40 72.00 85.00 103.00 108.80 3}{108.80 136.00 144.67 158.00 163.20 3}{163.20 0.00 0.00 0.00 217.60 0}{217.60 0.00 0.00 0.00 272.00 0}
10 2 
12 1024 
14 1 
1a ( 7 )[ 1 -1 1 1 0 ]
1a ( 5 )[ 1 -1 3 1 0 ]
1a ( 1 )[ 1 -1 7 1 0 ]
1a ( 3 )[ 1 -1 5 1 0 ]
1a ( 6 )[ 1 -1 2 1 0 ]
1a ( 4 )[ 1 -1 4 1 0 ]
1a ( 2 )[ 1 -1 6 1 0 ]
1b 0 

RANKS: 1 -1 0 8 1
EVENT3: 1011 471052_47133e_4713fd_45b0e2_45db7f_459218
COMP 51-0: 4810ba_481457_481550_45ae8b_45db7f_459218 (1 17.00 0 17.00 0 17.00){0.00 0.00 0.00 0.00 6.80 0}{6.80 0.00 0.00 0.00 13.60 0}{13.60 17.00 17.00 17.00 20.40 1}{20.40 0.00 0.00 0.00 27.20 0}{27.20 0.00 0.00 0.00 34.00 0}
COMP 51-1: 485d8d_4860ce_4861a5_45afe1_45db7f_459218 (7 40.12 6 20.00 7 51.00){0.00 0.00 0.00 0.00 16.80 0}{16.80 20.00 26.50 33.00 33.60 2}{33.60 37.00 43.75 49.00 50.40 4}{50.40 51.00 51.00 51.00 67.20 1}{67.20 0.00 0.00 0.00 84.00 0}
10 2 
12 1 
14 3 
19 0 

RANKS: 1 -1 0 8 1
EVENT4: 1167 4a4646_4a4872_4a48cc_468bac_468df4_45db91_459218
COMP 51-0: 471052_47133e_4713fd_45b0e2_45db7f_459218 (8 2050.33 7 1801.00 7 2308.00){0.00 0.00 0.00 0.00 796.80 0}{796.80 0.00 0.00 0.00 1593.60 0}{1593.60 1801.00 2057.62 2308.00 2390.40 8}{2390.40 0.00 0.00 0.00 3187.20 0}{3187.20 0.00 0.00 0.00 3984.00 0}
49 0 
52 50077 

RANKS: 1 -1 0 8 1
EVENT5: 1011 471052_47133e_4713fd_45b7a0_45dba2_459218
COMP 51-0: 4a4646_4a4872_4a48cc_468bac_468df4_45db91_459218 (8 26.56 1 14.00 3 43.00){0.00 0.00 0.00 0.00 6.40 0}{6.40 0.00 0.00 0.00 12.80 0}{12.80 14.00 15.00 16.00 25.60 4}{25.60 0.00 0.00 0.00 32.00 0}{32.00 38.00 40.75 43.00 54.00 4}
10 2 
12 4 
14 12 
19 0 

RANKS: 1 -1 0 8 1
EVENT6: 1010 470bed_470de3_470e43_462b44_45dbc8_459218
COMP 51-0: 471052_47133e_4713fd_45b7a0_45dba2_459218 (8 54.67 0 27.00 4 110.00){0.00 0.00 0.00 0.00 10.80 0}{10.80 0.00 0.00 0.00 21.60 0}{21.60 27.00 29.75 34.00 54.00 4}{54.00 64.00 64.50 65.00 74.00 2}{74.00 107.00 108.50 110.00 140.00 2}
10 2 

RANKS: 1 -1 0 8 1
EVENT7: 1104 48214b_4824b0_4825ae_462c42_45dbc8_459218
COMP 51-0: 470bed_470de3_470e43_462b44_45dbc8_459218 (8 34.22 0 19.00 3 53.00){0.00 0.00 0.00 0.00 7.60 0}{7.60 0.00 0.00 0.00 15.20 0}{15.20 19.00 21.00 23.00 30.40 4}{30.40 0.00 0.00 0.00 38.00 0}{38.00 48.00 51.25 53.00 68.00 4}
10 2 
12 1 
14 10 
18 2 
19 0 

RANKS: 1 -1 0 8 1
EVENT8: 1104 48214b_4824b0_4825ae_462d4c_45dbc8_459218
COMP 51-0: 48214b_4824b0_4825ae_462c42_45dbc8_459218 (8 16.44 0 9.00 5 29.00){0.00 0.00 0.00 0.00 3.60 0}{3.60 0.00 0.00 0.00 7.20 0}{7.20 9.00 10.00 12.00 18.00 4}{18.00 23.00 23.33 24.00 28.00 3}{28.00 29.00 29.00 29.00 30.00 1}
10 2 
12 1 
14 10 
18 1 
19 0 

RANKS: 1 -1 0 8 1
EVENT9: 1011 471052_47133e_4713fd_462e50_45dbc8_459218
COMP 51-0: 48214b_4824b0_4825ae_462d4c_45dbc8_459218 (8 16.44 6 9.00 4 28.00){0.00 0.00 0.00 0.00 4.00 0}{4.00 0.00 0.00 0.00 8.00 0}{8.00 9.00 10.75 12.00 20.00 4}{20.00 22.00 22.33 23.00 26.00 3}{26.00 28.00 28.00 28.00 30.00 1}
10 2 
12 1 
14 10 
19 0 

RANKS: 1 -1 0 8 1
EVENT10: 1011 471052_47133e_4713fd_4675bc_45dbe2_459218
COMP 51-0: 471052_47133e_4713fd_462e50_45dbc8_459218 (8 15.33 1 9.00 7 23.00){0.00 0.00 0.00 0.00 4.40 0}{4.40 0.00 0.00 0.00 8.80 0}{8.80 9.00 9.50 11.00 17.60 4}{17.60 21.00 21.50 22.00 22.00 2}{22.00 23.00 23.00 23.00 24.00 2}
10 2 
12 1 
14 3 
19 0 

RANKS: 1 -1 0 1 0
EVENT11: 1169 4a4ea5_4a5137_4a51d4_45dd54_4592a1
COMP 51-0: 471052_47133e_4713fd_4675bc_45dbe2_459218 (1 107.00 0 107.00 0 107.00){0.00 0.00 0.00 0.00 42.80 0}{42.80 0.00 0.00 0.00 85.60 0}{85.60 107.00 107.00 107.00 128.40 1}{128.40 0.00 0.00 0.00 171.20 0}{171.20 0.00 0.00 0.00 214.00 0}
11 1 
12 18 
49 0 

RANKS: 1 -1 0 8 1
EVENT12: 1030 474d46_474f75_474fe5_45fced_4592c8
COMP 51-0: 471052_47133e_4713fd_4675bc_45dbe2_459218 (7 32.50 1 17.00 3 47.00){0.00 0.00 0.00 0.00 6.80 0}{6.80 0.00 0.00 0.00 13.60 0}{13.60 17.00 20.00 24.00 27.20 3}{27.20 0.00 0.00 0.00 34.00 0}{34.00 42.00 45.75 47.00 60.00 4}
COMP 51-1: 4a4ea5_4a5137_4a51d4_45dd54_4592a1 (1 7119.00 0 7119.00 0 7119.00){0.00 0.00 0.00 0.00 2847.60 0}{2847.60 0.00 0.00 0.00 5695.20 0}{5695.20 7119.00 7119.00 7119.00 8542.80 1}{8542.80 0.00 0.00 0.00 11390.40 0}{11390.40 0.00 0.00 0.00 14238.00 0}
10 2 

RANKS: 1 -1 0 8 1
EVENT13: 1066 47b541_47b880_47b91f_45fdf8_4592c8
COMP 51-0: 474d46_474f75_474fe5_45fced_4592c8 (8 20.00 1 12.00 4 30.00){0.00 0.00 0.00 0.00 5.20 0}{5.20 0.00 0.00 0.00 10.40 0}{10.40 12.00 12.50 13.00 20.80 4}{20.80 0.00 0.00 0.00 26.00 0}{26.00 29.00 29.25 30.00 32.00 4}
b 0 7 1 
12 1 
21 1000 

RANKS: 1 -1 0 8 1
EVENT14: 1026 473ecc_47414c_4741cf_45fede_4592c8
COMP 51-0: 47b541_47b880_47b91f_45fdf8_4592c8 (8 20.56 0 11.00 3 35.00){0.00 0.00 0.00 0.00 4.40 0}{4.40 0.00 0.00 0.00 8.80 0}{8.80 11.00 12.00 14.00 17.60 4}{17.60 0.00 0.00 0.00 22.00 0}{22.00 27.00 31.50 35.00 48.00 4}
10 2 
21 1001 

RANKS: 1 -1 0 1 0
EVENT15: 1102 4810ba_481457_481550_45ae8b_460142_4592c8
COMP 51-0: 473ecc_47414c_4741cf_45fede_4592c8 (1 19.00 0 19.00 0 19.00){0.00 0.00 0.00 0.00 7.60 0}{7.60 0.00 0.00 0.00 15.20 0}{15.20 19.00 19.00 19.00 22.80 1}{22.80 0.00 0.00 0.00 30.40 0}{30.40 0.00 0.00 0.00 38.00 0}
COMP 51-1: 4810ba_481457_481550_45ae8b_460142_4592c8 (6 10.43 0 9.00 0 12.00){0.00 0.00 0.00 0.00 4.80 0}{4.80 9.00 9.00 9.00 9.60 2}{9.60 10.00 10.75 12.00 14.40 4}{14.40 0.00 0.00 0.00 19.20 0}{19.20 0.00 0.00 0.00 24.00 0}
LOOP0: iter: ( 7 )[ 1 -1 0 1 0 ] mem: ( 1 )[ 1 -1 0 1 0 ]
10 1000 
12 1024 
14 1 
1b 0 
2b 2147483647 

RANKS: 1 -1 1 7 1
EVENT16: 1113 485d8d_4860ce_4861a5_45afe1_460142_4592c8
COMP 51-0: 473ecc_47414c_4741cf_45fede_4592c8 (7 26.12 6 13.00 4 42.00){0.00 0.00 0.00 0.00 6.80 0}{6.80 13.00 13.00 13.00 13.60 1}{13.60 17.00 17.00 17.00 27.20 2}{27.20 33.00 34.33 36.00 38.00 3}{38.00 42.00 42.00 42.00 46.00 1}
10 1000 
12 1024 
14 1 
1a ( 7 )[ 1 -1 1 1 0 ]
1a ( 5 )[ 1 -1 3 1 0 ]
1a ( 1 )[ 1 -1 7 1 0 ]
1a ( 3 )[ 1 -1 5 1 0 ]
1a ( 6 )[ 1 -1 2 1 0 ]
1a ( 4 )[ 1 -1 4 1 0 ]
1a ( 2 )[ 1 -1 6 1 0 ]
1b 0 

RANKS: 1 -1 0 8 1
EVENT17: 1011 471052_47133e_4713fd_45b0e2_460142_4592c8
COMP 51-0: 4810ba_481457_481550_45ae8b_460142_4592c8 (1 10.00 0 10.00 0 10.00){0.00 0.00 0.00 0.00 4.00 0}{4.00 0.00 0.00 0.00 8.00 0}{8.00 10.00 10.00 10.00 12.00 1}{12.00 0.00 0.00 0.00 16.00 0}{16.00 0.00 0.00 0.00 20.00 0}
COMP 51-1: 485d8d_4860ce_4861a5_45afe1_460142_4592c8 (7 15.88 1 9.00 3 23.00){0.00 0.00 0.00 0.00 3.60 0}{3.60 0.00 0.00 0.00 7.20 0}{7.20 9.00 9.00 9.00 14.40 3}{14.40 0.00 0.00 0.00 18.00 0}{18.00 22.00 22.75 23.00 28.00 4}
10 1000 
12 1 
14 3 
19 0 

RANKS: 1 -1 0 1 0
EVENT18: 1169 4a4ea5_4a5137_4a51d4_45e063_4608cf_4592c8
COMP 51-0: 471052_47133e_4713fd_45b0e2_460142_4592c8 (1 15.00 0 15.00 0 15.00){0.00 0.00 0.00 0.00 6.00 0}{6.00 0.00 0.00 0.00 12.00 0}{12.00 15.00 15.00 15.00 18.00 1}{18.00 0.00 0.00 0.00 24.00 0}{24.00 0.00 0.00 0.00 30.00 0}
11 1 
12 10 
49 0 

RANKS: 1 -1 0 1 0
EVENT19: 1169 4a4ea5_4a5137_4a51d4_45e0c0_4608cf_4592c8
COMP 51-0: 4a4ea5_4a5137_4a51d4_45e063_4608cf_4592c8 (1 16.00 0 16.00 0 16.00){0.00 0.00 0.00 0.00 6.40 0}{6.40 0.00 0.00 0.00 12.80 0}{12.80 16.00 16.00 16.00 19.20 1}{19.20 0.00 0.00 0.00 25.60 0}{25.60 0.00 0.00 0.00 32.00 0}
11 1 
12 22 
49 0 

RANKS: 1 -1 0 1 0
EVENT20: 1169 4a4ea5_4a5137_4a51d4_45e106_4608cf_4592c8
COMP 51-0: 4a4ea5_4a5137_4a51d4_45e0c0_4608cf_4592c8 (1 12.00 0 12.00 0 12.00){0.00 0.00 0.00 0.00 4.80 0}{4.80 0.00 0.00 0.00 9.60 0}{9.60 12.00 12.00 12.00 14.40 1}{14.40 0.00 0.00 0.00 19.20 0}{19.20 0.00 0.00 0.00 24.00 0}
11 1 
12 18 
49 0 

RANKS: 1 -1 0 1 0
EVENT21: 1169 4a4ea5_4a5137_4a51d4_45e16f_4608cf_4592c8
COMP 51-0: 4a4ea5_4a5137_4a51d4_45e106_4608cf_4592c8 (1 9.00 0 9.00 0 9.00){0.00 0.00 0.00 0.00 3.60 0}{3.60 0.00 0.00 0.00 7.20 0}{7.20 9.00 9.00 9.00 10.80 1}{10.80 0.00 0.00 0.00 14.40 0}{14.40 0.00 0.00 0.00 18.00 0}
11 1 
12 12 
49 0 

RANKS: 1 -1 0 1 0
EVENT22: 1169 4a4ea5_4a5137_4a51d4_45e1f6_4608cf_4592c8
COMP 51-0: 4a4ea5_4a5137_4a51d4_45e16f_4608cf_4592c8 (1 23.00 0 23.00 0 23.00){0.00 0.00 0.00 0.00 9.20 0}{9.20 0.00 0.00 0.00 18.40 0}{18.40 23.00 23.00 23.00 27.60 1}{27.60 0.00 0.00 0.00 36.80 0}{36.80 0.00 0.00 0.00 46.00 0}
11 1 
12 21 
49 0 

RANKS: 1 -1 0 1 0
EVENT23: 1169 4a4ea5_4a5137_4a51d4_45e21f_4608cf_4592c8
COMP 51-0: 4a4ea5_4a5137_4a51d4_45e1f6_4608cf_4592c8 (1 9.00 0 9.00 0 9.00){0.00 0.00 0.00 0.00 3.60 0}{3.60 0.00 0.00 0.00 7.20 0}{7.20 9.00 9.00 9.00 10.80 1}{10.80 0.00 0.00 0.00 14.40 0}{14.40 0.00 0.00 0.00 18.00 0}
11 1 
12 20 
49 0 

RANKS: 1 -1 0 1 0
EVENT24: 1169 4a4ea5_4a5137_4a51d4_45e257_4608cf_4592c8
COMP 51-0: 4a4ea5_4a5137_4a51d4_45e21f_4608cf_4592c8 (1 9.00 0 9.00 0 9.00){0.00 0.00 0.00 0.00 3.60 0}{3.60 0.00 0.00 0.00 7.20 0}{7.20 9.00 9.00 9.00 10.80 1}{10.80 0.00 0.00 0.00 14.40 0}{14.40 0.00 0.00 0.00 18.00 0}
11 1 
12 21 
49 0 

RANKS: 1 -1 0 1 0
EVENT25: 1169 4a4ea5_4a5137_4a51d4_45e28e_4608cf_4592c8
COMP 51-0: 4a4ea5_4a5137_4a51d4_45e257_4608cf_4592c8 (1 11.00 0 11.00 0 11.00){0.00 0.00 0.00 0.00 4.40 0}{4.40 0.00 0.00 0.00 8.80 0}{8.80 11.00 11.00 11.00 13.20 1}{13.20 0.00 0.00 0.00 17.60 0}{17.60 0.00 0.00 0.00 22.00 0}
11 1 
12 18 
49 0 

RANKS: 1 -1 0 8 1
EVENT26: 1011 471052_47133e_4713fd_460ac3_4592c8
COMP 51-0: 471052_47133e_4713fd_45b0e2_460142_4592c8 (7 22.75 1 12.00 3 36.00){0.00 0.00 0.00 0.00 4.80 0}{4.80 0.00 0.00 0.00 9.60 0}{9.60 12.00 13.00 15.00 19.20 3}{19.20 0.00 0.00 0.00 24.00 0}{24.00 29.00 32.75 36.00 48.00 4}
COMP 51-1: 4a4ea5_4a5137_4a51d4_45e28e_4608cf_4592c8 (1 30.00 0 30.00 0 30.00){0.00 0.00 0.00 0.00 12.00 0}{12.00 0.00 0.00 0.00 24.00 0}{24.00 30.00 30.00 30.00 36.00 1}{36.00 0.00 0.00 0.00 48.00 0}{48.00 0.00 0.00 0.00 60.00 0}
10 1000 
12 1 
14 7 
19 0 

RANKS: 1 -1 0 8 1
EVENT27: 1010 470bed_470de3_470e43_460d4a_4592c8
COMP 51-0: 471052_47133e_4713fd_460ac3_4592c8 (8 109.11 1 13.00 0 356.00){0.00 13.00 38.57 100.00 142.40 7}{142.40 0.00 0.00 0.00 284.80 0}{284.80 356.00 356.00 356.00 427.20 1}{427.20 0.00 0.00 0.00 569.60 0}{569.60 0.00 0.00 0.00 712.00 0}
10 1000 

RANKS: 1 -1 0 8 1
EVENT28: 1171 491686_491ab6_491b7b_46a744_46a481_460e5a_4592c8
COMP 51-0: 470bed_470de3_470e43_460d4a_4592c8 (8 38.00 6 21.00 4 62.00){0.00 0.00 0.00 0.00 9.60 0}{9.60 0.00 0.00 0.00 19.20 0}{19.20 21.00 23.75 25.00 38.40 4}{38.40 0.00 0.00 0.00 48.00 0}{48.00 52.00 55.75 62.00 64.00 4}
COMM 51-0: 470bed_470de3_470e43_460d4a_4592c8 (8 20192.00 4 20155.00 0 20220.00){0.00 0.00 0.00 0.00 8088.00 0}{8088.00 0.00 0.00 0.00 16176.00 0}{16176.00 20155.00 20188.50 20220.00 24264.00 8}{24264.00 0.00 0.00 0.00 32352.00 0}{32352.00 0.00 0.00 0.00 40440.00 0}
10 1000 
3a :interleave.dat  
3b 41 
3c 1000 
52 30076 

RANKS: 1 -1 0 1 0
EVENT29: 1169 4a4ea5_4a5137_4a51d4_460f96_4592c8
COMP 51-0: 491686_491ab6_491b7b_46a744_46a481_460e5a_4592c8 (1 39.00 0 39.00 0 39.00){0.00 0.00 0.00 0.00 15.60 0}{15.60 0.00 0.00 0.00 31.20 0}{31.20 39.00 39.00 39.00 46.80 1}{46.80 0.00 0.00 0.00 62.40 0}{62.40 0.00 0.00 0.00 78.00 0}
11 1 
12 35 
49 0 

RANKS: 1 -1 0 8 1
EVENT30: 1176 493ca4_493fc8_4940a9_46b48b_465436_460ff4_4592c8
COMP 51-0: 491686_491ab6_491b7b_46a744_46a481_460e5a_4592c8 (7 374.38 6 225.00 4 596.00){0.00 0.00 0.00 0.00 94.80 0}{94.80 0.00 0.00 0.00 189.60 0}{189.60 225.00 248.25 301.00 379.20 4}{379.20 0.00 0.00 0.00 474.00 0}{474.00 582.00 588.33 596.00 690.00 3}
COMP 51-1: 493ca4_493fc8_4940a9_46b48b_465436_460ff4_4592c8 (120 42.07 1 16.00 4 242.00){0.00 16.00 17.00 19.00 20.40 7}{20.40 27.00 39.28 40.41 40.80 101}{40.80 41.00 48.70 77.00 81.60 10}{81.60 0.00 0.00 0.00 102.00 0}{102.00 225.00 233.50 242.00 348.00 2}
COMP 51-2: 4a4ea5_4a5137_4a51d4_460f96_4592c8 (1 744.00 0 744.00 0 744.00){0.00 0.00 0.00 0.00 297.60 0}{297.60 0.00 0.00 0.00 595.20 0}{595.20 744.00 744.00 744.00 892.80 1}{892.80 0.00 0.00 0.00 1190.40 0}{1190.40 0.00 0.00 0.00 1488.00 0}
LOOP0: iter: ( 16 )[ 1 -1 0 8 1 ] mem: ( 1 )[ 1 -1 0 8 1 ]
12 131072 
14 12 
3c 1000 
3d ( 0 1048576 2097152 3145728 4194304 5242880 6291456 7340032 8388608 9437184 10485760 11534336 12582912 13631488 14680064 15728640 )[ 1 -1 0 1 0 ]
3d ( 131072 1179648 2228224 3276800 4325376 5373952 6422528 7471104 8519680 9568256 10616832 11665408 12713984 13762560 14811136 15859712 )[ 1 -1 1 1 0 ]
3d ( 393216 1441792 2490368 3538944 4587520 5636096 6684672 7733248 8781824 9830400 10878976 11927552 12976128 14024704 15073280 16121856 )[ 1 -1 3 1 0 ]
3d ( 917504 1966080 3014656 4063232 5111808 6160384 7208960 8257536 9306112 10354688 11403264 12451840 13500416 14548992 15597568 16646144 )[ 1 -1 7 1 0 ]
3d ( 655360 1703936 2752512 3801088 4849664 5898240 6946816 7995392 9043968 10092544 11141120 12189696 13238272 14286848 15335424 16384000 )[ 1 -1 5 1 0 ]
3d ( 262144 1310720 2359296 3407872 4456448 5505024 6553600 7602176 8650752 9699328 10747904 11796480 12845056 13893632 14942208 15990784 )[ 1 -1 2 1 0 ]
3d ( 524288 1572864 2621440 3670016 4718592 5767168 6815744 7864320 8912896 9961472 11010048 12058624 13107200 14155776 15204352 16252928 )[ 1 -1 4 1 0 ]
3d ( 786432 1835008 2883584 3932160 4980736 6029312 7077888 8126464 9175040 10223616 11272192 12320768 13369344 14417920 15466496 16515072 )[ 1 -1 6 1 0 ]

RANKS: 1 -1 0 8 1
EVENT31: 1183 496b2e_496d6d_496dcd_46b6dc_461140_4592c8
COMP 51-0: 493ca4_493fc8_4940a9_46b48b_465436_460ff4_4592c8 (8 153.56 4 63.00 5 336.00){0.00 0.00 0.00 0.00 56.00 0}{56.00 63.00 63.00 63.00 112.00 1}{112.00 133.00 140.50 154.00 224.00 6}{224.00 0.00 0.00 0.00 280.00 0}{280.00 336.00 336.00 336.00 392.00 1}
3c 1000 
52 313709 

RANKS: 1 -1 0 8 1
EVENT32: 1010 470bed_470de3_470e43_4612a4_4592c8
COMP 51-0: 496b2e_496d6d_496dcd_46b6dc_461140_4592c8 (8 25.56 4 12.00 1 28.00){0.00 0.00 0.00 0.00 10.80 0}{10.80 12.00 12.00 12.00 21.60 1}{21.60 26.00 27.29 28.00 32.40 7}{32.40 0.00 0.00 0.00 43.20 0}{43.20 0.00 0.00 0.00 54.00 0}
10 1000 

RANKS: 1 -1 0 8 1
EVENT33: 1171 491686_491ab6_491b7b_46be3a_461465_4592c8
COMP 51-0: 470bed_470de3_470e43_4612a4_4592c8 (8 25.00 4 12.00 1 27.00){0.00 0.00 0.00 0.00 10.40 0}{10.40 12.00 12.00 12.00 20.80 1}{20.80 26.00 26.71 27.00 31.20 7}{31.20 0.00 0.00 0.00 41.60 0}{41.60 0.00 0.00 0.00 52.00 0}
COMM 51-0: 470bed_470de3_470e43_4612a4_4592c8 (8 14933.56 5 14873.00 6 15368.00){0.00 0.00 0.00 0.00 5949.60 0}{5949.60 0.00 0.00 0.00 11899.20 0}{11899.20 14873.00 14941.00 15368.00 17848.80 8}{17848.80 0.00 0.00 0.00 23798.40 0}{23798.40 0.00 0.00 0.00 29748.00 0}
10 1000 
3a :interleave.dat  
3b 2 
3c 1001 
52 15222 

RANKS: 1 -1 0 8 1
EVENT34: 1183 496b2e_496d6d_496dcd_46bfdd_461465_4592c8
COMP 51-0: 491686_491ab6_491b7b_46be3a_461465_4592c8 (8 1504.67 4 1316.00 5 1823.00){0.00 0.00 0.00 0.00 567.20 0}{567.20 0.00 0.00 0.00 1134.40 0}{1134.40 1316.00 1471.57 1586.00 1701.60 7}{1701.60 1823.00 1823.00 1823.00 2268.80 1}{2268.80 0.00 0.00 0.00 2836.00 0}
3c 1001 
52 1870 

RANKS: 1 -1 0 8 1
EVENT35: 1004 46e310_46e630_46e710_46c1e0_461465_4592c8
COMP 51-0: 496b2e_496d6d_496dcd_46bfdd_461465_4592c8 (8 39.78 4 16.00 1 60.00){0.00 0.00 0.00 0.00 15.60 0}{15.60 16.00 16.00 16.00 31.20 1}{31.20 37.00 38.80 43.00 46.80 5}{46.80 49.00 54.50 60.00 62.40 2}{62.40 0.00 0.00 0.00 78.00 0}
10 1000 
12 1 
14 38 
18 2 

RANKS: 1 -1 0 8 1
EVENT36: 1004 46e310_46e630_46e710_46c2e0_461465_4592c8
COMP 51-0: 46e310_46e630_46e710_46c1e0_461465_4592c8 (8 22.78 4 10.00 0 25.00){0.00 10.00 10.00 10.00 10.00 1}{10.00 0.00 0.00 0.00 20.00 0}{20.00 24.00 24.29 25.00 30.00 7}{30.00 0.00 0.00 0.00 40.00 0}{40.00 0.00 0.00 0.00 50.00 0}
10 1000 
12 1 
14 38 
18 1 

RANKS: 1 -1 0 8 1
EVENT37: 1004 46e310_46e630_46e710_459de7_46147b_4592c8
COMP 51-0: 46e310_46e630_46e710_46c2e0_461465_4592c8 (8 22.44 4 10.00 0 25.00){0.00 10.00 10.00 10.00 10.00 1}{10.00 0.00 0.00 0.00 20.00 0}{20.00 23.00 23.86 25.00 30.00 7}{30.00 0.00 0.00 0.00 40.00 0}{40.00 0.00 0.00 0.00 50.00 0}
10 1000 
12 1 
14 38 
18 3 

RANKS: 1 -1 0 8 1
EVENT38: 1104 48214b_4824b0_4825ae_45d3dc_4614bc_4592c8
COMP 51-0: 46e310_46e630_46e710_459de7_46147b_4592c8 (8 33.22 4 15.00 5 58.00){0.00 0.00 0.00 0.00 11.20 0}{11.20 15.00 15.00 15.00 22.40 1}{22.40 28.00 30.50 33.00 33.60 2}{33.60 34.00 34.25 35.00 56.00 4}{56.00 58.00 58.00 58.00 60.00 1}
COMP 51-1: 48214b_4824b0_4825ae_45d3dc_4614bc_4592c8 (88 24.51 4 9.00 7 53.00){0.00 9.00 9.00 9.00 9.60 1}{9.60 10.37 10.80 13.00 19.20 10}{19.20 22.00 25.40 26.00 28.80 72}{28.80 30.00 35.00 44.00 48.00 3}{48.00 53.00 53.00 53.00 58.00 2}
LOOP0: iter: ( 12 )[ 1 -1 0 8 1 ] mem: ( 1 )[ 1 -1 0 8 1 ]
10 1000 
12 1 
14 10 
18 2 1 
19 0 

RANKS: 1 -1 0 8 1
EVENT39: 1010 470bed_470de3_470e43_461d7f_4592c8
COMP 51-0: 48214b_4824b0_4825ae_45d3dc_4614bc_4592c8 (8 29.00 4 14.00 0 32.00){0.00 0.00 0.00 0.00 12.80 0}{12.80 14.00 14.00 14.00 25.60 1}{25.60 30.00 30.71 32.00 38.40 7}{38.40 0.00 0.00 0.00 51.20 0}{51.20 0.00 0.00 0.00 64.00 0}
10 1000 

RANKS: 1 -1 0 8 1
EVENT40: 1171 491686_491ab6_491b7b_46a744_461e8f_4592c8
COMP 51-0: 470bed_470de3_470e43_461d7f_4592c8 (8 35.33 4 20.00 2 44.00){0.00 0.00 0.00 0.00 14.80 0}{14.80 20.00 20.00 20.00 29.60 1}{29.60 35.00 37.29 44.00 44.40 7}{44.40 0.00 0.00 0.00 59.20 0}{59.20 0.00 0.00 0.00 74.00 0}
COMM 51-0: 470bed_470de3_470e43_461d7f_4592c8 (8 14076.33 2 14060.00 2 14111.00){0.00 0.00 0.00 0.00 5626.40 0}{5626.40 0.00 0.00 0.00 11252.80 0}{11252.80 14060.00 14077.62 14111.00 16879.20 8}{16879.20 0.00 0.00 0.00 22505.60 0}{22505.60 0.00 0.00 0.00 28132.00 0}
10 1000 
3a :interleave.dat  
3b 41 
3c 1002 
52 17204 

RANKS: 1 -1 0 1 0
EVENT41: 1169 4a4ea5_4a5137_4a51d4_462003_4592c8
COMP 51-0: 491686_491ab6_491b7b_46a744_461e8f_4592c8 (1 37.00 0 37.00 0 37.00){0.00 0.00 0.00 0.00 14.80 0}{14.80 0.00 0.00 0.00 29.60 0}{29.60 37.00 37.00 37.00 44.40 1}{44.40 0.00 0.00 0.00 59.20 0}{59.20 0.00 0.00 0.00 74.00 0}
11 1 
12 34 
49 0 

RANKS: 1 -1 0 8 1
EVENT42: 1180 495934_495c58_495d39_46b48b_46551c_462061_4592c8
COMP 51-0: 491686_491ab6_491b7b_46a744_461e8f_4592c8 (7 580.25 7 548.00 1 595.00){0.00 0.00 0.00 0.00 238.00 0}{238.00 0.00 0.00 0.00 476.00 0}{476.00 548.00 578.14 595.00 714.00 7}{714.00 0.00 0.00 0.00 952.00 0}{952.00 0.00 0.00 0.00 1190.00 0}
COMP 51-1: 495934_495c58_495d39_46b48b_46551c_462061_4592c8 (120 40.10 6 29.00 1 78.00){0.00 0.00 0.00 0.00 16.80 0}{16.80 29.00 30.14 32.00 33.60 7}{33.60 36.09 38.91 42.00 50.40 106}{50.40 52.00 57.33 62.00 67.20 3}{67.20 71.00 75.75 78.00 84.00 4}
COMP 51-2: 4a4ea5_4a5137_4a51d4_462003_4592c8 (1 663.00 0 663.00 0 663.00){0.00 0.00 0.00 0.00 265.20 0}{265.20 0.00 0.00 0.00 530.40 0}{530.40 663.00 663.00 663.00 795.60 1}{795.60 0.00 0.00 0.00 1060.80 0}{1060.80 0.00 0.00 0.00 1326.00 0}
LOOP0: iter: ( 16 )[ 1 -1 0 8 1 ] mem: ( 1 )[ 1 -1 0 8 1 ]
12 131072 
14 12 
3c 1002 
3d ( 0 1048576 2097152 3145728 4194304 5242880 6291456 7340032 8388608 9437184 10485760 11534336 12582912 13631488 14680064 15728640 )[ 1 -1 0 1 0 ]
3d ( 131072 1179648 2228224 3276800 4325376 5373952 6422528 7471104 8519680 9568256 10616832 11665408 12713984 13762560 14811136 15859712 )[ 1 -1 1 1 0 ]
3d ( 393216 1441792 2490368 3538944 4587520 5636096 6684672 7733248 8781824 9830400 10878976 11927552 12976128 14024704 15073280 16121856 )[ 1 -1 3 1 0 ]
3d ( 917504 1966080 3014656 4063232 5111808 6160384 7208960 8257536 9306112 10354688 11403264 12451840 13500416 14548992 15597568 16646144 )[ 1 -1 7 1 0 ]
3d ( 655360 1703936 2752512 3801088 4849664 5898240 6946816 7995392 9043968 10092544 11141120 12189696 13238272 14286848 15335424 16384000 )[ 1 -1 5 1 0 ]
3d ( 262144 1310720 2359296 3407872 4456448 5505024 6553600 7602176 8650752 9699328 10747904 11796480 12845056 13893632 14942208 15990784 )[ 1 -1 2 1 0 ]
3d ( 524288 1572864 2621440 3670016 4718592 5767168 6815744 7864320 8912896 9961472 11010048 12058624 13107200 14155776 15204352 16252928 )[ 1 -1 4 1 0 ]
3d ( 786432 1835008 2883584 3932160 4980736 6029312 7077888 8126464 9175040 10223616 11272192 12320768 13369344 14417920 15466496 16515072 )[ 1 -1 6 1 0 ]

RANKS: 1 -1 0 8 1
EVENT43: 1183 496b2e_496d6d_496dcd_46b6dc_4621ad_4592c8
COMP 51-0: 495934_495c58_495d39_46b48b_46551c_462061_4592c8 (8 146.33 4 91.00 0 189.00){0.00 0.00 0.00 0.00 75.60 0}{75.60 91.00 123.80 137.00 151.20 5}{151.20 153.00 169.67 189.00 226.80 3}{226.80 0.00 0.00 0.00 302.40 0}{302.40 0.00 0.00 0.00 378.00 0}
3c 1002 
52 233815 

RANKS: 1 -1 0 8 1
EVENT44: 1171 491686_491ab6_491b7b_46be3a_462211_4592c8
COMP 51-0: 496b2e_496d6d_496dcd_46b6dc_4621ad_4592c8 (8 29.33 3 28.00 0 31.00){0.00 0.00 0.00 0.00 12.40 0}{12.40 0.00 0.00 0.00 24.80 0}{24.80 28.00 29.12 31.00 37.20 8}{37.20 0.00 0.00 0.00 49.60 0}{49.60 0.00 0.00 0.00 62.00 0}
COMM 51-0: 496b2e_496d6d_496dcd_46b6dc_4621ad_4592c8 (8 20710.33 1 20549.00 1 20912.00){0.00 0.00 0.00 0.00 8258.40 0}{8258.40 0.00 0.00 0.00 16516.80 0}{16516.80 20549.00 20718.38 20912.00 24775.20 8}{24775.20 0.00 0.00 0.00 33033.60 0}{33033.60 0.00 0.00 0.00 41292.00 0}
10 1000 
3a :interleave.dat  
3b 2 
3c 1003 
52 20879 

RANKS: 1 -1 0 8 1
EVENT45: 1183 496b2e_496d6d_496dcd_46bfdd_462211_4592c8
COMP 51-0: 491686_491ab6_491b7b_46be3a_462211_4592c8 (8 1662.67 5 1297.00 1 1919.00){0.00 0.00 0.00 0.00 659.20 0}{659.20 1297.00 1297.00 1297.00 1318.40 1}{1318.40 1409.00 1717.00 1919.00 1977.60 7}{1977.60 0.00 0.00 0.00 2636.80 0}{2636.80 0.00 0.00 0.00 3296.00 0}
3c 1003 
52 3923 

RANKS: 1 -1 0 8 1
EVENT46: 1004 46e310_46e630_46e710_46c1e0_462211_4592c8
COMP 51-0: 496b2e_496d6d_496dcd_46bfdd_462211_4592c8 (8 28.00 1 27.00 0 30.00){0.00 0.00 0.00 0.00 12.00 0}{12.00 0.00 0.00 0.00 24.00 0}{24.00 27.00 27.75 30.00 36.00 8}{36.00 0.00 0.00 0.00 48.00 0}{48.00 0.00 0.00 0.00 60.00 0}
10 1000 
12 1 
14 38 
18 2 

RANKS: 1 -1 0 8 1
EVENT47: 1004 46e310_46e630_46e710_46c2e0_462211_4592c8
COMP 51-0: 46e310_46e630_46e710_46c1e0_462211_4592c8 (8 25.56 7 24.00 0 27.00){0.00 0.00 0.00 0.00 10.80 0}{10.80 0.00 0.00 0.00 21.60 0}{21.60 24.00 25.38 27.00 32.40 8}{32.40 0.00 0.00 0.00 43.20 0}{43.20 0.00 0.00 0.00 54.00 0}
10 1000 
12 1 
14 38 
18 1 

RANKS: 1 -1 0 8 1
EVENT48: 1004 46e310_46e630_46e710_459de7_462227_4592c8
COMP 51-0: 46e310_46e630_46e710_46c2e0_462211_4592c8 (8 25.56 7 24.00 7 27.00){0.00 0.00 0.00 0.00 10.40 0}{10.40 0.00 0.00 0.00 20.80 0}{20.80 24.00 25.50 27.00 31.20 8}{31.20 0.00 0.00 0.00 41.60 0}{41.60 0.00 0.00 0.00 52.00 0}
10 1000 
12 1 
14 38 
18 3 

RANKS: 1 -1 0 8 1
EVENT49: 1104 48214b_4824b0_4825ae_45d3dc_462268_4592c8
COMP 51-0: 46e310_46e630_46e710_459de7_462227_4592c8 (8 36.00 7 27.00 1 59.00){0.00 0.00 0.00 0.00 16.00 0}{16.00 27.00 28.00 30.00 32.00 4}{32.00 35.00 37.67 40.00 48.00 3}{48.00 59.00 59.00 59.00 64.00 1}{64.00 0.00 0.00 0.00 80.00 0}
COMP 51-1: 48214b_4824b0_4825ae_45d3dc_462268_4592c8 (88 26.64 2 23.00 2 60.00){0.00 0.00 0.00 0.00 14.80 0}{14.80 23.00 25.30 28.00 29.60 81}{29.60 30.00 34.40 38.00 44.40 5}{44.40 53.00 53.00 53.00 59.20 1}{59.20 60.00 60.00 60.00 74.00 1}
LOOP0: iter: ( 12 )[ 1 -1 0 8 1 ] mem: ( 1 )[ 1 -1 0 8 1 ]
10 1000 
12 1 
14 10 
18 2 1 
19 0 

RANKS: 1 -1 0 8 1
EVENT50: 1010 470bed_470de3_470e43_462676_4592c8
COMP 51-0: 48214b_4824b0_4825ae_45d3dc_462268_4592c8 (8 25.67 1 24.00 1 27.00){0.00 0.00 0.00 0.00 10.00 0}{10.00 0.00 0.00 0.00 20.00 0}{20.00 24.00 25.75 27.00 30.00 8}{30.00 0.00 0.00 0.00 40.00 0}{40.00 0.00 0.00 0.00 50.00 0}
10 1000 

RANKS: 1 -1 0 1 0
EVENT51: 1184 497051_4972e3_497353_46b9a3_45db5e_462786_4592c8
COMP 51-0: 470bed_470de3_470e43_462676_4592c8 (1 58.00 0 58.00 0 58.00){0.00 0.00 0.00 0.00 23.20 0}{23.20 0.00 0.00 0.00 46.40 0}{46.40 58.00 58.00 58.00 69.60 1}{69.60 0.00 0.00 0.00 92.80 0}{92.80 0.00 0.00 0.00 116.00 0}
3a :interleave.dat  

RANKS: 1 -1 0 8 1
EVENT52: 1010 470bed_470de3_470e43_4627a3_4592c8
COMP 51-0: 470bed_470de3_470e43_462676_4592c8 (7 21.50 1 21.00 3 22.00){0.00 0.00 0.00 0.00 8.40 0}{8.40 0.00 0.00 0.00 16.80 0}{16.80 21.00 21.57 22.00 25.20 7}{25.20 0.00 0.00 0.00 33.60 0}{33.60 0.00 0.00 0.00 42.00 0}
COMP 51-1: 497051_4972e3_497353_46b9a3_45db5e_462786_4592c8 (1 50.00 0 50.00 0 50.00){0.00 0.00 0.00 0.00 20.00 0}{20.00 0.00 0.00 0.00 40.00 0}{40.00 50.00 50.00 50.00 60.00 1}{60.00 0.00 0.00 0.00 80.00 0}{80.00 0.00 0.00 0.00 100.00 0}
10 1000 

RANKS: 1 -1 0 1 0
EVENT53: 1169 4a4ea5_4a5137_4a51d4_45f333_4628d3_4592c8
COMP 51-0: 470bed_470de3_470e43_4627a3_4592c8 (1 58.00 0 58.00 0 58.00){0.00 0.00 0.00 0.00 23.20 0}{23.20 0.00 0.00 0.00 46.40 0}{46.40 58.00 58.00 58.00 69.60 1}{69.60 0.00 0.00 0.00 92.80 0}{92.80 0.00 0.00 0.00 116.00 0}
11 1 
12 109 
49 0 

RANKS: 1 -1 0 1 0
EVENT54: 1169 4a4ea5_4a5137_4a51d4_45f358_4628d3_4592c8
COMP 51-0: 4a4ea5_4a5137_4a51d4_45f333_4628d3_4592c8 (1 22.00 0 22.00 0 22.00){0.00 0.00 0.00 0.00 8.80 0}{8.80 0.00 0.00 0.00 17.60 0}{17.60 22.00 22.00 22.00 26.40 1}{26.40 0.00 0.00 0.00 35.20 0}{35.20 0.00 0.00 0.00 44.00 0}
11 1 
12 87 
49 0 

RANKS: 1 -1 0 1 0
EVENT55: 1169 4a4ea5_4a5137_4a51d4_45f384_4628d3_4592c8
COMP 51-0: 4a4ea5_4a5137_4a51d4_45f358_4628d3_4592c8 (1 28.00 0 28.00 0 28.00){0.00 0.00 0.00 0.00 11.20 0}{11.20 0.00 0.00 0.00 22.40 0}{22.40 28.00 28.00 28.00 33.60 1}{33.60 0.00 0.00 0.00 44.80 0}{44.80 0.00 0.00 0.00 56.00 0}
11 1 
12 108 
49 0 

RANKS: 1 -1 0 1 0
EVENT56: 1169 4a4ea5_4a5137_4a51d4_45f764_4628d3_4592c8
COMP 51-0: 4a4ea5_4a5137_4a51d4_45f384_4628d3_4592c8 (1 83.00 0 83.00 0 83.00){0.00 0.00 0.00 0.00 33.20 0}{33.20 0.00 0.00 0.00 66.40 0}{66.40 83.00 83.00 83.00 99.60 1}{99.60 0.00 0.00 0.00 132.80 0}{132.80 0.00 0.00 0.00 166.00 0}
11 1 
12 6 
49 0 

RANKS: 1 -1 0 1 0
EVENT57: 1169 4a4ea5_4a5137_4a51d4_45fb4a_4628d3_4592c8
COMP 51-0: 4a4ea5_4a5137_4a51d4_45f764_4628d3_4592c8 (1 55.00 0 55.00 0 55.00){0.00 0.00 0.00 0.00 22.00 0}{22.00 0.00 0.00 0.00 44.00 0}{44.00 55.00 55.00 55.00 66.00 1}{66.00 0.00 0.00 0.00 88.00 0}{88.00 0.00 0.00 0.00 110.00 0}
11 1 
12 6 
49 0 

RANKS: 1 -1 0 8 1
EVENT58: 1028 474931_474af2_474b52_4628dd_4592c8
COMP 51-0: 470bed_470de3_470e43_4627a3_4592c8 (7 56.00 1 36.00 7 103.00){0.00 0.00 0.00 0.00 14.40 0}{14.40 0.00 0.00 0.00 28.80 0}{28.80 36.00 36.50 37.00 43.20 2}{43.20 45.00 54.00 65.00 72.00 3}{72.00 74.00 88.50 103.00 134.00 2}
COMP 51-1: 4a4ea5_4a5137_4a51d4_45fb4a_4628d3_4592c8 (1 62.00 0 62.00 0 62.00){0.00 0.00 0.00 0.00 24.80 0}{24.80 0.00 0.00 0.00 49.60 0}{49.60 62.00 62.00 62.00 74.40 1}{74.40 0.00 0.00 0.00 99.20 0}{99.20 0.00 0.00 0.00 124.00 0}
10 1000 

RANKS: 1 -1 0 8 1
EVENT59: 1010 470bed_470de3_470e43_462a58_4592c8
COMP 51-0: 474931_474af2_474b52_4628dd_4592c8 (8 14.78 1 11.00 0 27.00){0.00 0.00 0.00 0.00 10.80 0}{10.80 11.00 11.29 12.00 21.60 7}{21.60 27.00 27.00 27.00 32.40 1}{32.40 0.00 0.00 0.00 43.20 0}{43.20 0.00 0.00 0.00 54.00 0}
10 2 

RANKS: 1 -1 0 8 1
EVENT60: 1045 476acc_476b3d_476b81_459315
COMP 51-0: 470bed_470de3_470e43_462a58_4592c8 (8 102.22 0 97.00 3 105.00){0.00 0.00 0.00 0.00 38.80 0}{38.80 0.00 0.00 0.00 77.60 0}{77.60 97.00 102.87 105.00 116.40 8}{116.40 0.00 0.00 0.00 155.20 0}{155.20 0.00 0.00 0.00 194.00 0}
52 34581 

