RANKS: 1 -1 0 16 1
EVENT0: 1084 47cb68_47cc13_47cc5f_458f9f
33 2 
34 0 

RANKS: 1 -1 0 1 0
EVENT1: 1102 4810ba_481457_481550_45ae8b_45db7f_459218
COMP 51-0: 47cb68_47cc13_47cc5f_458f9f (1 58.00 0 58.00 0 58.00){0.00 0.00 0.00 0.00 23.20 0}{23.20 0.00 0.00 0.00 46.40 0}{46.40 58.00 58.00 58.00 69.60 1}{69.60 0.00 0.00 0.00 92.80 0}{92.80 0.00 0.00 0.00 116.00 0}
COMP 51-1: 4810ba_481457_481550_45ae8b_45db7f_459218 (14 10.27 0 9.00 0 13.00){0.00 0.00 0.00 0.00 5.20 0}{5.20 9.00 9.55 10.00 10.40 11}{10.40 11.00 12.00 13.00 15.60 3}{15.60 0.00 0.00 0.00 20.80 0}{20.80 0.00 0.00 0.00 26.00 0}
LOOP0: iter: ( 15 )[ 1 -1 0 1 0 ] mem: ( 1 )[ 1 -1 0 1 0 ]
10 2 
12 1024 
14 1 
1b 0 
2b 2147483647 

RANKS: 1 -1 1 15 1
EVENT2: 1113 485d8d_4860ce_4861a5_45afe1_45db7f_459218
COMP 51-0: 47cb68_47cc13_47cc5f_458f9f (15 60.75 10 35.00 12 108.00){0.00 0.00 0.00 0.00 18.00 0}{18.00 35.00 43.83 49.00 54.00 6}{54.00 60.00 66.83 72.00 72.00 6}{72.00 77.00 77.50 78.00 90.00 2}{90.00 108.00 108.00 108.00 126.00 1}
10 2 
12 1024 
14 1 
1a ( 15 )[ 1 -1 1 1 0 ]
1a ( 13 )[ 1 -1 3 1 0 ]
1a ( 9 )[ 1 -1 7 1 0 ]
1a ( 1 )[ 1 -1 15 1 0 ]
1a ( 5 )[ 1 -1 11 1 0 ]
1a ( 11 )[ 1 -1 5 1 0 ]
1a ( 7 )[ 1 -1 9 1 0 ]
1a ( 3 )[ 1 -1 13 1 0 ]
1a ( 14 )[ 1 -1 2 1 0 ]
1a ( 12 )[ 1 -1 4 1 0 ]
1a ( 8 )[ 1 -1 8 1 0 ]
1a ( 4 )[ 1 -1 12 1 0 ]
1a ( 10 )[ 1 -1 6 1 0 ]
1a ( 6 )[ 1 -1 10 1 0 ]
1a ( 2 )[ 1 -1 14 1 0 ]
1b 0 

RANKS: 1 -1 0 16 1
EVENT3: 1011 471052_47133e_4713fd_45b0e2_45db7f_459218
COMP 51-0: 4810ba_481457_481550_45ae8b_45db7f_459218 (1 15.00 0 15.00 0 15.00){0.00 0.00 0.00 0.00 6.00 0}{6.00 0.00 0.00 0.00 12.00 0}{12.00 15.00 15.00 15.00 18.00 1}{18.00 0.00 0.00 0.00 24.00 0}{24.00 0.00 0.00 0.00 30.00 0}
COMP 51-1: 485d8d_4860ce_4861a5_45afe1_45db7f_459218 (15 22.12 1 16.00 10 50.00){0.00 0.00 0.00 0.00 6.40 0}{6.40 0.00 0.00 0.00 12.80 0}{12.80 16.00 18.00 19.00 19.20 3}{19.20 20.00 21.27 25.00 32.00 11}{32.00 50.00 50.00 50.00 68.00 1}
10 2 
12 1 
14 3 
19 0 

RANKS: 1 -1 0 16 1
EVENT4: 1167 4a4646_4a4872_4a48cc_468bac_468df4_45db91_459218
COMP 51-0: 471052_47133e_4713fd_45b0e2_45db7f_459218 (16 2590.35 1 2143.00 10 3318.00){0.00 0.00 0.00 0.00 873.60 0}{873.60 0.00 0.00 0.00 1747.20 0}{1747.20 2143.00 2298.29 2461.00 2620.80 7}{2620.80 2631.00 2862.67 3318.00 3494.40 9}{3494.40 0.00 0.00 0.00 4368.00 0}
49 0 
52 98689 

RANKS: 1 -1 0 16 1
EVENT5: 1011 471052_47133e_4713fd_45b7a0_45dba2_459218
COMP 51-0: 4a4646_4a4872_4a48cc_468bac_468df4_45db91_459218 (16 21.00 4 14.00 11 44.00){0.00 0.00 0.00 0.00 8.80 0}{8.80 14.00 15.50 16.00 17.60 8}{17.60 18.00 21.17 24.00 26.40 6}{26.40 0.00 0.00 0.00 35.20 0}{35.20 40.00 42.00 44.00 44.00 2}
10 2 
12 4 
14 12 
19 0 

RANKS: 1 -1 0 16 1
EVENT6: 1010 470bed_470de3_470e43_462b44_45dbc8_459218
COMP 51-0: 471052_47133e_4713fd_45b7a0_45dba2_459218 (16 45.65 15 23.00 3 116.00){0.00 0.00 0.00 0.00 17.20 0}{17.20 23.00 30.71 34.33 34.40 7}{34.40 35.00 43.33 66.00 68.80 6}{68.80 70.00 71.00 72.00 86.00 2}{86.00 116.00 116.00 116.00 146.00 1}
10 2 

RANKS: 1 -1 0 16 1
EVENT7: 1104 48214b_4824b0_4825ae_462c42_45dbc8_459218
COMP 51-0: 470bed_470de3_470e43_462b44_45dbc8_459218 (16 28.47 6 20.00 11 53.00){0.00 0.00 0.00 0.00 13.60 0}{13.60 20.00 23.42 26.00 27.20 12}{27.20 30.00 32.00 34.00 40.80 2}{40.80 52.00 52.50 53.00 54.40 2}{54.40 0.00 0.00 0.00 68.00 0}
10 2 
12 1 
14 10 
18 2 
19 0 

RANKS: 1 -1 0 16 1
EVENT8: 1104 48214b_4824b0_4825ae_462d4c_45dbc8_459218
COMP 51-0: 48214b_4824b0_4825ae_462c42_45dbc8_459218 (16 11.94 3 9.00 11 23.00){0.00 0.00 0.00 0.00 4.00 0}{4.00 0.00 0.00 0.00 8.00 0}{8.00 9.00 10.17 12.00 12.00 12}{12.00 13.00 13.00 13.00 20.00 2}{20.00 22.00 22.50 23.00 26.00 2}
10 2 
12 1 
14 10 
18 1 
19 0 

RANKS: 1 -1 0 16 1
EVENT9: 1011 471052_47133e_4713fd_462e50_45dbc8_459218
COMP 51-0: 48214b_4824b0_4825ae_462d4c_45dbc8_459218 (16 11.18 7 8.00 11 23.00){0.00 0.00 0.00 0.00 4.00 0}{4.00 8.00 8.00 8.00 8.00 1}{8.00 9.00 9.69 12.00 16.00 13}{16.00 0.00 0.00 0.00 20.00 0}{20.00 23.00 23.00 23.00 26.00 2}
10 2 
12 1 
14 10 
19 0 

RANKS: 1 -1 0 16 1
EVENT10: 1011 471052_47133e_4713fd_4675bc_45dbe2_459218
COMP 51-0: 471052_47133e_4713fd_462e50_45dbc8_459218 (16 11.65 3 9.00 11 24.00){0.00 0.00 0.00 0.00 5.20 0}{5.20 9.00 9.36 10.00 10.40 11}{10.40 11.00 11.67 13.00 15.60 3}{15.60 0.00 0.00 0.00 20.80 0}{20.80 23.00 23.50 24.00 26.00 2}
10 2 
12 1 
14 3 
19 0 

RANKS: 1 -1 0 1 0
EVENT11: 1169 4a4ea5_4a5137_4a51d4_45dd54_4592a1
COMP 51-0: 471052_47133e_4713fd_4675bc_45dbe2_459218 (1 135.00 0 135.00 0 135.00){0.00 0.00 0.00 0.00 54.00 0}{54.00 0.00 0.00 0.00 108.00 0}{108.00 135.00 135.00 135.00 162.00 1}{162.00 0.00 0.00 0.00 216.00 0}{216.00 0.00 0.00 0.00 270.00 0}
11 1 
12 18 
49 0 

RANKS: 1 -1 0 16 1
EVENT12: 1030 474d46_474f75_474fe5_45fced_4592c8
COMP 51-0: 471052_47133e_4713fd_4675bc_45dbe2_459218 (15 23.87 1 18.00 11 47.00){0.00 0.00 0.00 0.00 7.20 0}{7.20 0.00 0.00 0.00 14.40 0}{14.40 18.00 19.50 21.00 21.60 8}{21.60 22.00 22.80 24.00 36.00 5}{36.00 47.00 47.00 47.00 58.00 2}
COMP 51-1: 4a4ea5_4a5137_4a51d4_45dd54_4592a1 (1 7316.00 0 7316.00 0 7316.00){0.00 0.00 0.00 0.00 2926.40 0}{2926.40 0.00 0.00 0.00 5852.80 0}{5852.80 7316.00 7316.00 7316.00 8779.20 1}{8779.20 0.00 0.00 0.00 11705.60 0}{11705.60 0.00 0.00 0.00 14632.00 0}
10 2 

RANKS: 1 -1 0 16 1
EVENT13: 1066 47b541_47b880_47b91f_45fdf8_4592c8
COMP 51-0: 474d46_474f75_474fe5_45fced_4592c8 (16 15.24 15 11.00 11 29.00){0.00 0.00 0.00 0.00 5.60 0}{5.60 11.00 11.00 11.00 11.20 1}{11.20 13.00 13.54 14.00 22.40 13}{22.40 0.00 0.00 0.00 28.00 0}{28.00 29.00 29.00 29.00 30.00 2}
b 0 15 1 
12 1 
21 1000 

RANKS: 1 -1 0 16 1
EVENT14: 1026 473ecc_47414c_4741cf_45fede_4592c8
COMP 51-0: 47b541_47b880_47b91f_45fdf8_4592c8 (16 14.24 15 9.00 11 32.00){0.00 0.00 0.00 0.00 4.40 0}{4.40 0.00 0.00 0.00 8.80 0}{8.80 9.00 11.00 13.00 13.20 10}{13.20 14.00 14.25 15.00 22.00 4}{22.00 32.00 32.00 32.00 42.00 2}
10 2 
21 1001 

RANKS: 1 -1 0 1 0
EVENT15: 1102 4810ba_481457_481550_45ae8b_460142_4592c8
COMP 51-0: 473ecc_47414c_4741cf_45fede_4592c8 (1 24.00 0 24.00 0 24.00){0.00 0.00 0.00 0.00 9.60 0}{9.60 0.00 0.00 0.00 19.20 0}{19.20 24.00 24.00 24.00 28.80 1}{28.80 0.00 0.00 0.00 38.40 0}{38.40 0.00 0.00 0.00 48.00 0}
COMP 51-1: 4810ba_481457_481550_45ae8b_460142_4592c8 (14 10.13 0 9.00 0 12.00){0.00 0.00 0.00 0.00 4.80 0}{4.80 9.00 9.00 9.00 9.60 3}{9.60 10.00 10.27 12.00 14.40 11}{14.40 0.00 0.00 0.00 19.20 0}{19.20 0.00 0.00 0.00 24.00 0}
LOOP0: iter: ( 15 )[ 1 -1 0 1 0 ] mem: ( 1 )[ 1 -1 0 1 0 ]
10 1000 
12 1024 
14 1 
1b 0 
2b 2147483647 

RANKS: 1 -1 1 15 1
EVENT16: 1113 485d8d_4860ce_4861a5_45afe1_460142_4592c8
COMP 51-0: 473ecc_47414c_4741cf_45fede_4592c8 (15 29.62 5 13.00 9 49.00){0.00 13.00 15.00 17.00 17.20 8}{17.20 0.00 0.00 0.00 34.40 0}{34.40 39.00 44.43 49.00 51.60 7}{51.60 0.00 0.00 0.00 68.80 0}{68.80 0.00 0.00 0.00 86.00 0}
10 1000 
12 1024 
14 1 
1a ( 15 )[ 1 -1 1 1 0 ]
1a ( 13 )[ 1 -1 3 1 0 ]
1a ( 9 )[ 1 -1 7 1 0 ]
1a ( 1 )[ 1 -1 15 1 0 ]
1a ( 5 )[ 1 -1 11 1 0 ]
1a ( 11 )[ 1 -1 5 1 0 ]
1a ( 7 )[ 1 -1 9 1 0 ]
1a ( 3 )[ 1 -1 13 1 0 ]
1a ( 14 )[ 1 -1 2 1 0 ]
1a ( 12 )[ 1 -1 4 1 0 ]
1a ( 8 )[ 1 -1 8 1 0 ]
1a ( 4 )[ 1 -1 12 1 0 ]
1a ( 10 )[ 1 -1 6 1 0 ]
1a ( 6 )[ 1 -1 10 1 0 ]
1a ( 2 )[ 1 -1 14 1 0 ]
1b 0 

RANKS: 1 -1 0 16 1
EVENT17: 1011 471052_47133e_4713fd_45b0e2_460142_4592c8
COMP 51-0: 4810ba_481457_481550_45ae8b_460142_4592c8 (1 10.00 0 10.00 0 10.00){0.00 0.00 0.00 0.00 4.00 0}{4.00 0.00 0.00 0.00 8.00 0}{8.00 10.00 10.00 10.00 12.00 1}{12.00 0.00 0.00 0.00 16.00 0}{16.00 0.00 0.00 0.00 20.00 0}
COMP 51-1: 485d8d_4860ce_4861a5_45afe1_460142_4592c8 (15 13.50 4 9.00 11 29.00){0.00 0.00 0.00 0.00 4.00 0}{4.00 0.00 0.00 0.00 8.00 0}{8.00 9.00 11.38 13.00 16.00 13}{16.00 0.00 0.00 0.00 20.00 0}{20.00 29.00 29.00 29.00 38.00 2}
10 1000 
12 1 
14 3 
19 0 

RANKS: 1 -1 0 1 0
EVENT18: 1169 4a4ea5_4a5137_4a51d4_45e063_4608cf_4592c8
COMP 51-0: 471052_47133e_4713fd_45b0e2_460142_4592c8 (1 19.00 0 19.00 0 19.00){0.00 0.00 0.00 0.00 7.60 0}{7.60 0.00 0.00 0.00 15.20 0}{15.20 19.00 19.00 19.00 22.80 1}{22.80 0.00 0.00 0.00 30.40 0}{30.40 0.00 0.00 0.00 38.00 0}
11 1 
12 10 
49 0 

RANKS: 1 -1 0 1 0
EVENT19: 1169 4a4ea5_4a5137_4a51d4_45e0c0_4608cf_4592c8
COMP 51-0: 4a4ea5_4a5137_4a51d4_45e063_4608cf_4592c8 (1 17.00 0 17.00 0 17.00){0.00 0.00 0.00 0.00 6.80 0}{6.80 0.00 0.00 0.00 13.60 0}{13.60 17.00 17.00 17.00 20.40 1}{20.40 0.00 0.00 0.00 27.20 0}{27.20 0.00 0.00 0.00 34.00 0}
11 1 
12 22 
49 0 

RANKS: 1 -1 0 1 0
EVENT20: 1169 4a4ea5_4a5137_4a51d4_45e0e9_4608cf_4592c8
COMP 51-0: 4a4ea5_4a5137_4a51d4_45e0c0_4608cf_4592c8 (1 9.00 0 9.00 0 9.00){0.00 0.00 0.00 0.00 3.60 0}{3.60 0.00 0.00 0.00 7.20 0}{7.20 9.00 9.00 9.00 10.80 1}{10.80 0.00 0.00 0.00 14.40 0}{14.40 0.00 0.00 0.00 18.00 0}
11 1 
12 16 
49 0 

RANKS: 1 -1 0 1 0
EVENT21: 1169 4a4ea5_4a5137_4a51d4_45e152_4608cf_4592c8
COMP 51-0: 4a4ea5_4a5137_4a51d4_45e0e9_4608cf_4592c8 (1 12.00 0 12.00 0 12.00){0.00 0.00 0.00 0.00 4.80 0}{4.80 0.00 0.00 0.00 9.60 0}{9.60 12.00 12.00 12.00 14.40 1}{14.40 0.00 0.00 0.00 19.20 0}{19.20 0.00 0.00 0.00 24.00 0}
11 1 
12 13 
49 0 

RANKS: 1 -1 0 1 0
EVENT22: 1169 4a4ea5_4a5137_4a51d4_45e1db_4608cf_4592c8
COMP 51-0: 4a4ea5_4a5137_4a51d4_45e152_4608cf_4592c8 (1 13.00 0 13.00 0 13.00){0.00 0.00 0.00 0.00 5.20 0}{5.20 0.00 0.00 0.00 10.40 0}{10.40 13.00 13.00 13.00 15.60 1}{15.60 0.00 0.00 0.00 20.80 0}{20.80 0.00 0.00 0.00 26.00 0}
11 1 
12 44 
49 0 

RANKS: 1 -1 0 1 0
EVENT23: 1169 4a4ea5_4a5137_4a51d4_45e1f6_4608cf_4592c8
COMP 51-0: 4a4ea5_4a5137_4a51d4_45e1db_4608cf_4592c8 (1 11.00 0 11.00 0 11.00){0.00 0.00 0.00 0.00 4.40 0}{4.40 0.00 0.00 0.00 8.80 0}{8.80 11.00 11.00 11.00 13.20 1}{13.20 0.00 0.00 0.00 17.60 0}{17.60 0.00 0.00 0.00 22.00 0}
11 1 
12 21 
49 0 

RANKS: 1 -1 0 1 0
EVENT24: 1169 4a4ea5_4a5137_4a51d4_45e21f_4608cf_4592c8
COMP 51-0: 4a4ea5_4a5137_4a51d4_45e1f6_4608cf_4592c8 (1 9.00 0 9.00 0 9.00){0.00 0.00 0.00 0.00 3.60 0}{3.60 0.00 0.00 0.00 7.20 0}{7.20 9.00 9.00 9.00 10.80 1}{10.80 0.00 0.00 0.00 14.40 0}{14.40 0.00 0.00 0.00 18.00 0}
11 1 
12 20 
49 0 

RANKS: 1 -1 0 1 0
EVENT25: 1169 4a4ea5_4a5137_4a51d4_45e257_4608cf_4592c8
COMP 51-0: 4a4ea5_4a5137_4a51d4_45e21f_4608cf_4592c8 (1 10.00 0 10.00 0 10.00){0.00 0.00 0.00 0.00 4.00 0}{4.00 0.00 0.00 0.00 8.00 0}{8.00 10.00 10.00 10.00 12.00 1}{12.00 0.00 0.00 0.00 16.00 0}{16.00 0.00 0.00 0.00 20.00 0}
11 1 
12 21 
49 0 

RANKS: 1 -1 0 1 0
EVENT26: 1169 4a4ea5_4a5137_4a51d4_45e28e_4608cf_4592c8
COMP 51-0: 4a4ea5_4a5137_4a51d4_45e257_4608cf_4592c8 (1 12.00 0 12.00 0 12.00){0.00 0.00 0.00 0.00 4.80 0}{4.80 0.00 0.00 0.00 9.60 0}{9.60 12.00 12.00 12.00 14.40 1}{14.40 0.00 0.00 0.00 19.20 0}{19.20 0.00 0.00 0.00 24.00 0}
11 1 
12 18 
49 0 

RANKS: 1 -1 0 16 1
EVENT27: 1011 471052_47133e_4713fd_460ac3_4592c8
COMP 51-0: 471052_47133e_4713fd_45b0e2_460142_4592c8 (15 18.06 9 13.00 10 37.00){0.00 0.00 0.00 0.00 6.40 0}{6.40 0.00 0.00 0.00 12.80 0}{12.80 13.00 15.46 17.00 25.60 13}{25.60 0.00 0.00 0.00 32.00 0}{32.00 35.00 36.00 37.00 38.00 2}
COMP 51-1: 4a4ea5_4a5137_4a51d4_45e28e_4608cf_4592c8 (1 31.00 0 31.00 0 31.00){0.00 0.00 0.00 0.00 12.40 0}{12.40 0.00 0.00 0.00 24.80 0}{24.80 31.00 31.00 31.00 37.20 1}{37.20 0.00 0.00 0.00 49.60 0}{49.60 0.00 0.00 0.00 62.00 0}
10 1000 
12 1 
14 7 
19 0 

RANKS: 1 -1 0 16 1
EVENT28: 1010 470bed_470de3_470e43_460d4a_4592c8
COMP 51-0: 471052_47133e_4713fd_460ac3_4592c8 (16 2101.47 0 332.00 15 4503.00){0.00 0.00 0.00 0.00 265.60 0}{265.60 332.00 449.50 567.00 664.00 2}{664.00 802.00 2048.09 3301.00 3464.00 11}{3464.00 3600.00 3600.00 3600.00 3736.00 1}{3736.00 3862.00 4182.50 4503.00 5270.00 2}
10 1000 

RANKS: 1 -1 0 16 1
EVENT29: 1171 491686_491ab6_491b7b_46a744_46a481_460e5a_4592c8
COMP 51-0: 470bed_470de3_470e43_460d4a_4592c8 (16 46.12 2 26.00 4 104.00){0.00 0.00 0.00 0.00 25.60 0}{25.60 26.00 32.30 37.00 38.40 10}{38.40 47.00 47.50 48.00 51.20 2}{51.20 59.00 59.00 59.00 64.00 1}{64.00 85.00 91.67 104.00 108.00 3}
COMM 51-0: 470bed_470de3_470e43_460d4a_4592c8 (16 32003.65 7 16838.00 14 63238.00){0.00 0.00 0.00 0.00 13528.80 0}{13528.80 16838.00 18040.14 21102.00 27057.60 7}{27057.60 31370.00 33499.80 36184.00 40586.40 5}{40586.40 47710.00 49347.00 50984.00 54115.20 2}{54115.20 54528.00 58883.00 63238.00 67644.00 2}
10 1 
3a :chunk.dat.(-1 0 16 1)  
3b 41 
3c 1000 
52 47851 

RANKS: 1 -1 0 1 0
EVENT30: 1169 4a4ea5_4a5137_4a51d4_460f96_4592c8
COMP 51-0: 491686_491ab6_491b7b_46a744_46a481_460e5a_4592c8 (1 39.00 0 39.00 0 39.00){0.00 0.00 0.00 0.00 15.60 0}{15.60 0.00 0.00 0.00 31.20 0}{31.20 39.00 39.00 39.00 46.80 1}{46.80 0.00 0.00 0.00 62.40 0}{62.40 0.00 0.00 0.00 78.00 0}
11 1 
12 35 
49 0 

RANKS: 1 -1 0 16 1
EVENT31: 1173 49278e_492ab2_492b93_46b5b6_465436_460ff4_4592c8
COMP 51-0: 491686_491ab6_491b7b_46a744_46a481_460e5a_4592c8 (15 600.06 1 473.00 14 1018.00){0.00 0.00 0.00 0.00 189.20 0}{189.20 0.00 0.00 0.00 378.40 0}{378.40 473.00 533.71 557.00 567.60 7}{567.60 586.50 624.86 712.00 946.00 7}{946.00 1018.00 1018.00 1018.00 1090.00 1}
COMP 51-1: 49278e_492ab2_492b93_46b5b6_465436_460ff4_4592c8 (240 42.38 1 30.00 1 506.00){0.00 0.00 0.00 0.00 16.00 0}{16.00 30.00 30.30 31.00 32.00 5}{32.00 37.00 39.68 77.00 80.00 230}{80.00 83.00 84.33 87.00 88.00 3}{88.00 137.00 321.50 506.00 924.00 2}
COMP 51-2: 4a4ea5_4a5137_4a51d4_460f96_4592c8 (1 927.00 0 927.00 0 927.00){0.00 0.00 0.00 0.00 370.80 0}{370.80 0.00 0.00 0.00 741.60 0}{741.60 927.00 927.00 927.00 1112.40 1}{1112.40 0.00 0.00 0.00 1483.20 0}{1483.20 0.00 0.00 0.00 1854.00 0}
LOOP0: iter: ( 16 )[ 1 -1 0 16 1 ] mem: ( 1 )[ 1 -1 0 16 1 ]
12 131072 
14 12 
3c 1000 
3d 0 131072 262144 393216 524288 655360 786432 917504 1048576 1179648 1310720 1441792 1572864 1703936 1835008 1966080 

RANKS: 1 -1 0 16 1
EVENT32: 1183 496b2e_496d6d_496dcd_46b6dc_461140_4592c8
COMP 51-0: 49278e_492ab2_492b93_46b5b6_465436_460ff4_4592c8 (16 163.47 13 108.00 15 406.00){0.00 0.00 0.00 0.00 51.20 0}{51.20 0.00 0.00 0.00 102.40 0}{102.40 108.00 141.00 186.00 256.00 14}{256.00 271.00 271.00 271.00 286.00 1}{286.00 406.00 406.00 406.00 526.00 1}
3c 1000 
52 342761 

RANKS: 1 -1 0 16 1
EVENT33: 1010 470bed_470de3_470e43_4612a4_4592c8
COMP 51-0: 496b2e_496d6d_496dcd_46b6dc_461140_4592c8 (16 31.06 13 24.00 1 86.00){0.00 0.00 0.00 0.00 10.80 0}{10.80 0.00 0.00 0.00 21.60 0}{21.60 24.00 26.00 27.00 43.20 14}{43.20 51.00 51.00 51.00 54.00 1}{54.00 86.00 86.00 86.00 118.00 1}
10 1000 

RANKS: 1 -1 0 16 1
EVENT34: 1171 491686_491ab6_491b7b_46be3a_461465_4592c8
COMP 51-0: 470bed_470de3_470e43_4612a4_4592c8 (16 28.59 7 13.00 15 44.00){0.00 0.00 0.00 0.00 11.20 0}{11.20 13.00 13.00 13.00 22.40 2}{22.40 27.00 28.09 29.00 33.60 11}{33.60 38.00 41.00 44.00 44.80 3}{44.80 0.00 0.00 0.00 56.00 0}
COMM 51-0: 470bed_470de3_470e43_4612a4_4592c8 (16 36943.76 10 35013.00 10 38595.00){0.00 0.00 0.00 0.00 14471.60 0}{14471.60 0.00 0.00 0.00 28943.20 0}{28943.20 35013.00 36991.56 38595.00 43414.80 16}{43414.80 0.00 0.00 0.00 57886.40 0}{57886.40 0.00 0.00 0.00 72358.00 0}
10 1000 
3a :chunk.dat.(-1 0 16 1)  
3b 2 
3c 1001 
52 53630 

RANKS: 1 -1 0 16 1
EVENT35: 1183 496b2e_496d6d_496dcd_46bfdd_461465_4592c8
COMP 51-0: 491686_491ab6_491b7b_46be3a_461465_4592c8 (16 60839.76 6 1340.00 10 202883.00){0.00 0.00 0.00 0.00 798.80 0}{798.80 1340.00 1449.67 1588.00 1597.60 3}{1597.60 1609.00 1826.12 2028.00 3195.20 8}{3195.20 0.00 0.00 0.00 3994.00 0}{3994.00 202283.00 202664.20 202883.00 401364.00 5}
3c 1001 
52 203878 

RANKS: 1 -1 0 16 1
EVENT36: 1004 46e310_46e630_46e710_46c0d3_461465_4592c8
COMP 51-0: 496b2e_496d6d_496dcd_46bfdd_461465_4592c8 (16 30.82 8 15.00 6 83.00){0.00 0.00 0.00 0.00 13.60 0}{13.60 15.00 18.33 20.33 20.40 6}{20.40 21.00 23.40 26.00 34.00 5}{34.00 42.00 49.25 53.00 70.00 4}{70.00 83.00 83.00 83.00 96.00 1}
10 1000 
12 1 
14 38 
18 3 

RANKS: 1 -1 0 16 1
EVENT37: 1004 46e310_46e630_46e710_459de7_46147b_4592c8
COMP 51-0: 46e310_46e630_46e710_46c0d3_461465_4592c8 (16 17.06 5 10.00 11 56.00){0.00 0.00 0.00 0.00 4.40 0}{4.40 0.00 0.00 0.00 8.80 0}{8.80 10.00 11.00 12.00 13.20 10}{13.20 15.00 15.00 15.00 22.00 1}{22.00 24.00 30.80 56.00 90.00 5}
10 1000 
12 1 
14 38 
18 3 

RANKS: 1 -1 0 16 1
EVENT38: 1104 48214b_4824b0_4825ae_45d3dc_4614bc_4592c8
COMP 51-0: 46e310_46e630_46e710_459de7_46147b_4592c8 (16 27.06 0 13.00 11 60.00){0.00 0.00 0.00 0.00 10.40 0}{10.40 13.00 13.00 13.00 15.60 1}{15.60 19.00 21.09 26.00 26.00 11}{26.00 41.00 42.50 44.00 56.00 2}{56.00 57.00 58.50 60.00 64.00 2}
COMP 51-1: 48214b_4824b0_4825ae_45d3dc_4614bc_4592c8 (176 20.40 1 9.00 11 1085.00){0.00 0.00 0.00 0.00 8.00 0}{8.00 9.00 10.26 14.00 20.00 129}{20.00 22.00 25.39 28.00 32.00 44}{32.00 34.00 37.00 40.00 44.00 2}{44.00 1085.00 1085.00 1085.00 2126.00 1}
LOOP0: iter: ( 12 )[ 1 -1 0 16 1 ] mem: ( 1 )[ 1 -1 0 16 1 ]
10 1000 
12 1 
14 10 
18 2 1 
19 0 

RANKS: 1 -1 0 16 1
EVENT39: 1010 470bed_470de3_470e43_461d7f_4592c8
COMP 51-0: 48214b_4824b0_4825ae_45d3dc_4614bc_4592c8 (16 24.65 11 17.00 1 41.00){0.00 0.00 0.00 0.00 7.60 0}{7.60 0.00 0.00 0.00 15.20 0}{15.20 17.00 19.00 22.00 22.80 10}{22.80 24.00 29.67 38.00 38.00 3}{38.00 39.00 40.33 41.00 44.00 3}
10 1000 

RANKS: 1 -1 0 16 1
EVENT40: 1171 491686_491ab6_491b7b_46a744_461e8f_4592c8
COMP 51-0: 470bed_470de3_470e43_461d7f_4592c8 (16 27.82 8 17.00 5 53.00){0.00 0.00 0.00 0.00 7.20 0}{7.20 0.00 0.00 0.00 14.40 0}{14.40 17.00 18.71 21.00 21.60 7}{21.60 22.67 24.00 28.00 36.00 4}{36.00 38.00 45.60 53.00 70.00 5}
COMM 51-0: 470bed_470de3_470e43_461d7f_4592c8 (16 59479.53 8 18180.00 5 180540.00){0.00 18180.00 21707.87 34573.00 36748.00 8}{36748.00 55077.00 64960.00 68254.33 73406.00 4}{73406.00 101183.00 101183.00 101183.00 128960.00 1}{128960.00 134651.00 138776.00 142901.00 145460.00 2}{145460.00 180540.00 180540.00 180540.00 215620.00 1}
10 1 
3a :chunk.dat.(-1 0 16 1)  
3b 41 
3c 1002 
52 67090 

RANKS: 1 -1 0 1 0
EVENT41: 1169 4a4ea5_4a5137_4a51d4_462003_4592c8
COMP 51-0: 491686_491ab6_491b7b_46a744_461e8f_4592c8 (1 51.00 0 51.00 0 51.00){0.00 0.00 0.00 0.00 20.40 0}{20.40 0.00 0.00 0.00 40.80 0}{40.80 51.00 51.00 51.00 61.20 1}{61.20 0.00 0.00 0.00 81.60 0}{81.60 0.00 0.00 0.00 102.00 0}
11 1 
12 34 
49 0 

RANKS: 1 -1 0 16 1
EVENT42: 1179 4951ba_4954de_4955bf_46b5b6_46551c_462061_4592c8
COMP 51-0: 491686_491ab6_491b7b_46a744_461e8f_4592c8 (15 718.62 7 524.00 10 2737.00){0.00 0.00 0.00 0.00 226.40 0}{226.40 0.00 0.00 0.00 452.80 0}{452.80 524.00 557.75 591.00 679.20 12}{679.20 697.00 751.00 805.00 1132.00 2}{1132.00 2737.00 2737.00 2737.00 4342.00 1}
COMP 51-1: 4951ba_4954de_4955bf_46b5b6_46551c_462061_4592c8 (240 41.51 5 32.00 7 85.00){0.00 0.00 0.00 0.00 25.60 0}{25.60 32.00 40.17 46.00 51.20 230}{51.20 55.00 62.33 74.00 76.80 6}{76.80 79.50 81.75 85.00 102.40 4}{102.40 0.00 0.00 0.00 128.00 0}
COMP 51-2: 4a4ea5_4a5137_4a51d4_462003_4592c8 (1 712.00 0 712.00 0 712.00){0.00 0.00 0.00 0.00 284.80 0}{284.80 0.00 0.00 0.00 569.60 0}{569.60 712.00 712.00 712.00 854.40 1}{854.40 0.00 0.00 0.00 1139.20 0}{1139.20 0.00 0.00 0.00 1424.00 0}
LOOP0: iter: ( 16 )[ 1 -1 0 16 1 ] mem: ( 1 )[ 1 -1 0 16 1 ]
12 131072 
14 12 
3c 1002 
3d 0 131072 262144 393216 524288 655360 786432 917504 1048576 1179648 1310720 1441792 1572864 1703936 1835008 1966080 

RANKS: 1 -1 0 16 1
EVENT43: 1183 496b2e_496d6d_496dcd_46b6dc_4621ad_4592c8
COMP 51-0: 4951ba_4954de_4955bf_46b5b6_46551c_462061_4592c8 (16 168.53 5 115.00 15 719.00){0.00 0.00 0.00 0.00 50.40 0}{50.40 0.00 0.00 0.00 100.80 0}{100.80 115.00 133.07 144.00 151.20 14}{151.20 157.00 157.00 157.00 252.00 1}{252.00 719.00 719.00 719.00 1186.00 1}
3c 1002 
52 1462735 

RANKS: 1 -1 0 16 1
EVENT44: 1171 491686_491ab6_491b7b_46be3a_462211_4592c8
COMP 51-0: 496b2e_496d6d_496dcd_46b6dc_4621ad_4592c8 (16 39.24 5 22.00 15 219.00){0.00 0.00 0.00 0.00 11.60 0}{11.60 22.00 22.00 22.00 23.20 1}{23.20 27.00 28.36 31.00 46.40 14}{46.40 0.00 0.00 0.00 58.00 0}{58.00 219.00 219.00 219.00 380.00 1}
COMM 51-0: 496b2e_496d6d_496dcd_46b6dc_4621ad_4592c8 (16 66667.88 5 35344.00 2 154629.00){0.00 35344.00 35344.00 35344.00 36253.20 1}{36253.20 41102.00 49894.73 70253.00 72506.40 11}{72506.40 90633.00 91779.50 92926.00 108759.60 2}{108759.60 120347.00 120347.00 120347.00 145012.80 1}{145012.80 154629.00 154629.00 154629.00 181266.00 1}
10 1000 
3a :chunk.dat.(-1 0 16 1)  
3b 2 
3c 1003 
52 65340 

RANKS: 1 -1 0 16 1
EVENT45: 1183 496b2e_496d6d_496dcd_46bfdd_462211_4592c8
COMP 51-0: 491686_491ab6_491b7b_46be3a_462211_4592c8 (16 2434.06 11 1582.00 15 3011.00){0.00 0.00 0.00 0.00 1143.60 0}{1143.60 1582.00 1959.29 2234.00 2287.20 7}{2287.20 2652.00 2756.11 3011.00 3430.80 9}{3430.80 0.00 0.00 0.00 4574.40 0}{4574.40 0.00 0.00 0.00 5718.00 0}
3c 1003 
52 3148 

RANKS: 1 -1 0 16 1
EVENT46: 1004 46e310_46e630_46e710_46c0d3_462211_4592c8
COMP 51-0: 496b2e_496d6d_496dcd_46bfdd_462211_4592c8 (16 27.29 11 26.00 11 30.00){0.00 0.00 0.00 0.00 11.20 0}{11.20 0.00 0.00 0.00 22.40 0}{22.40 26.00 27.25 30.00 33.60 16}{33.60 0.00 0.00 0.00 44.80 0}{44.80 0.00 0.00 0.00 56.00 0}
10 1000 
12 1 
14 38 
18 3 

RANKS: 1 -1 0 16 1
EVENT47: 1004 46e310_46e630_46e710_459de7_462227_4592c8
COMP 51-0: 46e310_46e630_46e710_46c0d3_462211_4592c8 (16 25.29 3 24.00 3 28.00){0.00 0.00 0.00 0.00 10.00 0}{10.00 0.00 0.00 0.00 20.00 0}{20.00 24.00 25.31 28.00 30.00 16}{30.00 0.00 0.00 0.00 40.00 0}{40.00 0.00 0.00 0.00 50.00 0}
10 1000 
12 1 
14 38 
18 3 

RANKS: 1 -1 0 16 1
EVENT48: 1104 48214b_4824b0_4825ae_45d3dc_462268_4592c8
COMP 51-0: 46e310_46e630_46e710_459de7_462227_4592c8 (16 28.88 3 25.00 8 49.00){0.00 0.00 0.00 0.00 11.60 0}{11.60 0.00 0.00 0.00 23.20 0}{23.20 25.00 26.64 29.00 34.80 14}{34.80 40.00 40.00 40.00 46.40 1}{46.40 49.00 49.00 49.00 58.00 1}
COMP 51-1: 48214b_4824b0_4825ae_45d3dc_462268_4592c8 (176 30.29 3 22.00 7 803.00){0.00 0.00 0.00 0.00 10.00 0}{10.00 0.00 0.00 0.00 20.00 0}{20.00 22.00 25.48 39.00 40.00 171}{40.00 42.00 44.00 47.00 50.00 4}{50.00 803.00 803.00 803.00 1556.00 1}
LOOP0: iter: ( 12 )[ 1 -1 0 16 1 ] mem: ( 1 )[ 1 -1 0 16 1 ]
10 1000 
12 1 
14 10 
18 2 1 
19 0 

RANKS: 1 -1 0 16 1
EVENT49: 1010 470bed_470de3_470e43_462676_4592c8
COMP 51-0: 48214b_4824b0_4825ae_45d3dc_462268_4592c8 (16 25.76 0 25.00 1 29.00){0.00 0.00 0.00 0.00 10.00 0}{10.00 0.00 0.00 0.00 20.00 0}{20.00 25.00 25.81 29.00 30.00 16}{30.00 0.00 0.00 0.00 40.00 0}{40.00 0.00 0.00 0.00 50.00 0}
10 1000 

RANKS: 1 -1 0 16 1
EVENT50: 1184 497051_4972e3_497353_46b9a3_45db0a_462786_4592c8
COMP 51-0: 470bed_470de3_470e43_462676_4592c8 (16 187.76 4 58.00 0 462.00){0.00 58.00 79.40 96.00 184.80 10}{184.80 198.00 294.80 324.00 369.60 5}{369.60 462.00 462.00 462.00 554.40 1}{554.40 0.00 0.00 0.00 739.20 0}{739.20 0.00 0.00 0.00 924.00 0}
3a :chunk.dat.(-1 0 16 1)  

RANKS: 1 -1 0 16 1
EVENT51: 1010 470bed_470de3_470e43_4627a3_4592c8
COMP 51-0: 497051_4972e3_497353_46b9a3_45db0a_462786_4592c8 (16 36.18 7 22.00 6 80.00){0.00 0.00 0.00 0.00 14.00 0}{14.00 22.00 22.86 24.00 28.00 7}{28.00 29.00 35.50 39.00 42.00 6}{42.00 53.00 53.00 53.00 70.00 1}{70.00 74.00 77.00 80.00 90.00 2}
10 1000 

RANKS: 1 -1 0 1 0
EVENT52: 1169 4a4ea5_4a5137_4a51d4_45f333_4628d3_4592c8
COMP 51-0: 470bed_470de3_470e43_4627a3_4592c8 (1 73.00 0 73.00 0 73.00){0.00 0.00 0.00 0.00 29.20 0}{29.20 0.00 0.00 0.00 58.40 0}{58.40 73.00 73.00 73.00 87.60 1}{87.60 0.00 0.00 0.00 116.80 0}{116.80 0.00 0.00 0.00 146.00 0}
11 1 
12 109 
49 0 

RANKS: 1 -1 0 1 0
EVENT53: 1169 4a4ea5_4a5137_4a51d4_45f358_4628d3_4592c8
COMP 51-0: 4a4ea5_4a5137_4a51d4_45f333_4628d3_4592c8 (1 23.00 0 23.00 0 23.00){0.00 0.00 0.00 0.00 9.20 0}{9.20 0.00 0.00 0.00 18.40 0}{18.40 23.00 23.00 23.00 27.60 1}{27.60 0.00 0.00 0.00 36.80 0}{36.80 0.00 0.00 0.00 46.00 0}
11 1 
12 87 
49 0 

RANKS: 1 -1 0 1 0
EVENT54: 1169 4a4ea5_4a5137_4a51d4_45f384_4628d3_4592c8
COMP 51-0: 4a4ea5_4a5137_4a51d4_45f358_4628d3_4592c8 (1 29.00 0 29.00 0 29.00){0.00 0.00 0.00 0.00 11.60 0}{11.60 0.00 0.00 0.00 23.20 0}{23.20 29.00 29.00 29.00 34.80 1}{34.80 0.00 0.00 0.00 46.40 0}{46.40 0.00 0.00 0.00 58.00 0}
11 1 
12 108 
49 0 

RANKS: 1 -1 0 1 0
EVENT55: 1169 4a4ea5_4a5137_4a51d4_45f764_4628d3_4592c8
COMP 51-0: 4a4ea5_4a5137_4a51d4_45f384_4628d3_4592c8 (1 80.00 0 80.00 0 80.00){0.00 0.00 0.00 0.00 32.00 0}{32.00 0.00 0.00 0.00 64.00 0}{64.00 80.00 80.00 80.00 96.00 1}{96.00 0.00 0.00 0.00 128.00 0}{128.00 0.00 0.00 0.00 160.00 0}
11 1 
12 6 
49 0 

RANKS: 1 -1 0 1 0
EVENT56: 1169 4a4ea5_4a5137_4a51d4_45fb4a_4628d3_4592c8
COMP 51-0: 4a4ea5_4a5137_4a51d4_45f764_4628d3_4592c8 (1 55.00 0 55.00 0 55.00){0.00 0.00 0.00 0.00 22.00 0}{22.00 0.00 0.00 0.00 44.00 0}{44.00 55.00 55.00 55.00 66.00 1}{66.00 0.00 0.00 0.00 88.00 0}{88.00 0.00 0.00 0.00 110.00 0}
11 1 
12 6 
49 0 

RANKS: 1 -1 0 16 1
EVENT57: 1028 474931_474af2_474b52_4628dd_4592c8
COMP 51-0: 470bed_470de3_470e43_4627a3_4592c8 (15 116.63 9 55.00 6 283.00){0.00 0.00 0.00 0.00 36.00 0}{36.00 55.00 65.00 72.00 72.00 5}{72.00 74.00 87.50 95.00 144.00 6}{144.00 0.00 0.00 0.00 180.00 0}{180.00 202.00 231.50 283.00 286.00 4}
COMP 51-1: 4a4ea5_4a5137_4a51d4_45fb4a_4628d3_4592c8 (1 70.00 0 70.00 0 70.00){0.00 0.00 0.00 0.00 28.00 0}{28.00 0.00 0.00 0.00 56.00 0}{56.00 70.00 70.00 70.00 84.00 1}{84.00 0.00 0.00 0.00 112.00 0}{112.00 0.00 0.00 0.00 140.00 0}
10 1000 

RANKS: 1 -1 0 16 1
EVENT58: 1010 470bed_470de3_470e43_462a58_4592c8
COMP 51-0: 474931_474af2_474b52_4628dd_4592c8 (16 27.24 15 20.00 5 30.00){0.00 0.00 0.00 0.00 11.20 0}{11.20 20.00 21.00 22.00 22.40 2}{22.40 25.00 28.07 30.00 33.60 14}{33.60 0.00 0.00 0.00 44.80 0}{44.80 0.00 0.00 0.00 56.00 0}
10 2 

RANKS: 1 -1 0 16 1
EVENT59: 1045 476acc_476b3d_476b81_4593a5
COMP 51-0: 470bed_470de3_470e43_462a58_4592c8 (16 324.24 1 50.00 7 1437.00){0.00 50.00 50.50 51.00 85.20 2}{85.20 168.00 168.00 168.00 170.40 1}{170.40 187.00 223.80 277.00 340.80 10}{340.80 349.00 349.00 349.00 426.00 1}{426.00 1006.00 1221.50 1437.00 2448.00 2}
52 63347 

