RANKS: 1 -1 0 24 1
EVENT0: 1084 47cb68_47cc13_47cc5f_458f9f
33 2 
34 0 

RANKS: 1 -1 0 1 0
EVENT1: 1102 4810ba_481457_481550_45ae8b_45db7f_459218
COMP 51-0: 47cb68_47cc13_47cc5f_458f9f (1 53.00 0 53.00 0 53.00){0.00 0.00 0.00 0.00 21.20 0}{21.20 0.00 0.00 0.00 42.40 0}{42.40 53.00 53.00 53.00 63.60 1}{63.60 0.00 0.00 0.00 84.80 0}{84.80 0.00 0.00 0.00 106.00 0}
COMP 51-1: 4810ba_481457_481550_45ae8b_45db7f_459218 (22 10.04 0 9.00 0 12.00){0.00 0.00 0.00 0.00 4.80 0}{4.80 9.00 9.00 9.00 9.60 6}{9.60 10.00 10.31 12.00 14.40 16}{14.40 0.00 0.00 0.00 19.20 0}{19.20 0.00 0.00 0.00 24.00 0}
LOOP0: iter: ( 23 )[ 1 -1 0 1 0 ] mem: ( 1 )[ 1 -1 0 1 0 ]
10 2 
12 1024 
14 1 
1b 0 
2b 2147483647 

RANKS: 1 -1 1 23 1
EVENT2: 1113 485d8d_4860ce_4861a5_45afe1_45db7f_459218
COMP 51-0: 47cb68_47cc13_47cc5f_458f9f (23 62.25 8 45.00 21 134.00){0.00 0.00 0.00 0.00 22.40 0}{22.40 0.00 0.00 0.00 44.80 0}{44.80 45.00 54.00 65.00 67.20 18}{67.20 70.00 71.67 75.00 112.00 3}{112.00 117.00 125.50 134.00 156.00 2}
10 2 
12 1024 
14 1 
1a ( 23 )[ 1 -1 1 1 0 ]
1a ( 21 )[ 1 -1 3 1 0 ]
1a ( 17 )[ 1 -1 7 1 0 ]
1a ( 9 )[ 1 -1 15 1 0 ]
1a ( 1 )[ 1 -1 23 1 0 ]
1a ( 13 )[ 1 -1 11 1 0 ]
1a ( 5 )[ 1 -1 19 1 0 ]
1a ( 19 )[ 1 -1 5 1 0 ]
1a ( 15 )[ 1 -1 9 1 0 ]
1a ( 7 )[ 1 -1 17 1 0 ]
1a ( 11 )[ 1 -1 13 1 0 ]
1a ( 3 )[ 1 -1 21 1 0 ]
1a ( 22 )[ 1 -1 2 1 0 ]
1a ( 20 )[ 1 -1 4 1 0 ]
1a ( 16 )[ 1 -1 8 1 0 ]
1a ( 8 )[ 1 -1 16 1 0 ]
1a ( 12 )[ 1 -1 12 1 0 ]
1a ( 4 )[ 1 -1 20 1 0 ]
1a ( 18 )[ 1 -1 6 1 0 ]
1a ( 14 )[ 1 -1 10 1 0 ]
1a ( 6 )[ 1 -1 18 1 0 ]
1a ( 10 )[ 1 -1 14 1 0 ]
1a ( 2 )[ 1 -1 22 1 0 ]
1b 0 

RANKS: 1 -1 0 24 1
EVENT3: 1011 471052_47133e_4713fd_45b0e2_45db7f_459218
COMP 51-0: 4810ba_481457_481550_45ae8b_45db7f_459218 (1 41.00 0 41.00 0 41.00){0.00 0.00 0.00 0.00 16.40 0}{16.40 0.00 0.00 0.00 32.80 0}{32.80 41.00 41.00 41.00 49.20 1}{49.20 0.00 0.00 0.00 65.60 0}{65.60 0.00 0.00 0.00 82.00 0}
COMP 51-1: 485d8d_4860ce_4861a5_45afe1_45db7f_459218 (23 20.96 20 14.00 10 41.00){0.00 0.00 0.00 0.00 12.80 0}{12.80 14.00 15.40 16.00 19.20 10}{19.20 20.00 23.27 28.00 32.00 11}{32.00 36.00 36.00 36.00 40.00 1}{40.00 41.00 41.00 41.00 42.00 1}
10 2 
12 1 
14 3 
19 0 

RANKS: 1 -1 0 24 1
EVENT4: 1167 4a4646_4a4872_4a48cc_468bac_468df4_45db91_459218
COMP 51-0: 471052_47133e_4713fd_45b0e2_45db7f_459218 (24 3101.52 19 1643.00 14 8211.00){0.00 0.00 0.00 0.00 1205.60 0}{1205.60 1643.00 2060.73 2341.00 2411.20 11}{2411.20 2963.00 3158.00 3508.00 3616.80 9}{3616.80 3716.00 3849.50 3983.00 6028.00 2}{6028.00 7524.00 7867.50 8211.00 9020.00 2}
49 0 
52 233416 

RANKS: 1 -1 0 24 1
EVENT5: 1011 471052_47133e_4713fd_45b7a0_45dba2_459218
COMP 51-0: 4a4646_4a4872_4a48cc_468bac_468df4_45db91_459218 (24 16.28 3 12.00 5 36.00){0.00 0.00 0.00 0.00 7.60 0}{7.60 12.00 14.47 15.00 15.20 19}{15.20 16.00 17.33 19.00 22.80 3}{22.80 25.00 25.00 25.00 30.40 1}{30.40 36.00 36.00 36.00 38.00 1}
10 2 
12 4 
14 12 
19 0 

RANKS: 1 -1 0 24 1
EVENT6: 1010 470bed_470de3_470e43_462b44_45dbc8_459218
COMP 51-0: 471052_47133e_4713fd_45b7a0_45dba2_459218 (24 47.60 16 21.00 8 89.00){0.00 21.00 26.25 34.00 34.40 8}{34.40 35.00 38.00 43.00 68.80 10}{68.80 82.00 85.67 89.00 103.20 6}{103.20 0.00 0.00 0.00 137.60 0}{137.60 0.00 0.00 0.00 172.00 0}
10 2 

RANKS: 1 -1 0 24 1
EVENT7: 1104 48214b_4824b0_4825ae_462c42_45dbc8_459218
COMP 51-0: 470bed_470de3_470e43_462b44_45dbc8_459218 (24 23.40 5 19.00 19 60.00){0.00 0.00 0.00 0.00 9.20 0}{9.20 0.00 0.00 0.00 18.40 0}{18.40 19.00 21.83 26.00 36.80 23}{36.80 0.00 0.00 0.00 46.00 0}{46.00 60.00 60.00 60.00 74.00 1}
10 2 
12 1 
14 10 
18 2 
19 0 

RANKS: 1 -1 0 24 1
EVENT8: 1104 48214b_4824b0_4825ae_462d4c_45dbc8_459218
COMP 51-0: 48214b_4824b0_4825ae_462c42_45dbc8_459218 (24 9.64 3 9.00 1 12.00){0.00 0.00 0.00 0.00 4.00 0}{4.00 0.00 0.00 0.00 8.00 0}{8.00 9.00 9.63 12.00 12.00 24}{12.00 0.00 0.00 0.00 16.00 0}{16.00 0.00 0.00 0.00 20.00 0}
10 2 
12 1 
14 10 
18 1 
19 0 

RANKS: 1 -1 0 24 1
EVENT9: 1011 471052_47133e_4713fd_462e50_45dbc8_459218
COMP 51-0: 48214b_4824b0_4825ae_462d4c_45dbc8_459218 (24 10.76 0 9.00 1 12.00){0.00 0.00 0.00 0.00 3.60 0}{3.60 0.00 0.00 0.00 7.20 0}{7.20 9.00 9.12 10.00 10.80 8}{10.80 11.00 11.69 12.00 14.40 16}{14.40 0.00 0.00 0.00 18.00 0}
10 2 
12 1 
14 10 
19 0 

RANKS: 1 -1 0 24 1
EVENT10: 1011 471052_47133e_4713fd_4675bc_45dbe2_459218
COMP 51-0: 471052_47133e_4713fd_462e50_45dbc8_459218 (24 10.88 12 8.00 22 15.00){0.00 0.00 0.00 0.00 4.80 0}{4.80 8.00 9.00 9.33 9.60 5}{9.60 10.00 11.11 13.00 14.40 18}{14.40 15.00 15.00 15.00 19.20 1}{19.20 0.00 0.00 0.00 24.00 0}
10 2 
12 1 
14 3 
19 0 

RANKS: 1 -1 0 1 0
EVENT11: 1169 4a4ea5_4a5137_4a51d4_45dd54_4592a1
COMP 51-0: 471052_47133e_4713fd_4675bc_45dbe2_459218 (1 117.00 0 117.00 0 117.00){0.00 0.00 0.00 0.00 46.80 0}{46.80 0.00 0.00 0.00 93.60 0}{93.60 117.00 117.00 117.00 140.40 1}{140.40 0.00 0.00 0.00 187.20 0}{187.20 0.00 0.00 0.00 234.00 0}
11 1 
12 18 
49 0 

RANKS: 1 -1 0 24 1
EVENT12: 1030 474d46_474f75_474fe5_45fced_4592c8
COMP 51-0: 471052_47133e_4713fd_4675bc_45dbe2_459218 (23 18.63 19 17.00 1 21.00){0.00 0.00 0.00 0.00 8.40 0}{8.40 0.00 0.00 0.00 16.80 0}{16.80 17.00 18.52 21.00 25.20 23}{25.20 0.00 0.00 0.00 33.60 0}{33.60 0.00 0.00 0.00 42.00 0}
COMP 51-1: 4a4ea5_4a5137_4a51d4_45dd54_4592a1 (1 6898.00 0 6898.00 0 6898.00){0.00 0.00 0.00 0.00 2759.20 0}{2759.20 0.00 0.00 0.00 5518.40 0}{5518.40 6898.00 6898.00 6898.00 8277.60 1}{8277.60 0.00 0.00 0.00 11036.80 0}{11036.80 0.00 0.00 0.00 13796.00 0}
10 2 

RANKS: 1 -1 0 24 1
EVENT13: 1066 47b541_47b880_47b91f_45fdf8_4592c8
COMP 51-0: 474d46_474f75_474fe5_45fced_4592c8 (24 15.52 13 11.00 4 23.00){0.00 0.00 0.00 0.00 4.80 0}{4.80 0.00 0.00 0.00 9.60 0}{9.60 11.00 12.80 14.00 14.40 10}{14.40 15.75 16.45 19.00 19.20 11}{19.20 22.00 22.33 23.00 24.00 3}
b 0 23 1 
12 1 
21 1000 

RANKS: 1 -1 0 24 1
EVENT14: 1026 473ecc_47414c_4741cf_45fede_4592c8
COMP 51-0: 47b541_47b880_47b91f_45fdf8_4592c8 (24 10.88 0 10.00 6 13.00){0.00 0.00 0.00 0.00 4.00 0}{4.00 0.00 0.00 0.00 8.00 0}{8.00 10.00 10.83 11.22 12.00 23}{12.00 13.00 13.00 13.00 16.00 1}{16.00 0.00 0.00 0.00 20.00 0}
10 2 
21 1001 

RANKS: 1 -1 0 1 0
EVENT15: 1102 4810ba_481457_481550_45ae8b_460142_4592c8
COMP 51-0: 473ecc_47414c_4741cf_45fede_4592c8 (1 24.00 0 24.00 0 24.00){0.00 0.00 0.00 0.00 9.60 0}{9.60 0.00 0.00 0.00 19.20 0}{19.20 24.00 24.00 24.00 28.80 1}{28.80 0.00 0.00 0.00 38.40 0}{38.40 0.00 0.00 0.00 48.00 0}
COMP 51-1: 4810ba_481457_481550_45ae8b_460142_4592c8 (22 9.52 0 9.00 0 11.00){0.00 0.00 0.00 0.00 3.60 0}{3.60 0.00 0.00 0.00 7.20 0}{7.20 9.00 9.48 10.00 10.80 21}{10.80 11.00 11.00 11.00 14.40 1}{14.40 0.00 0.00 0.00 18.00 0}
LOOP0: iter: ( 23 )[ 1 -1 0 1 0 ] mem: ( 1 )[ 1 -1 0 1 0 ]
10 1000 
12 1024 
14 1 
1b 0 
2b 2147483647 

RANKS: 1 -1 1 23 1
EVENT16: 1113 485d8d_4860ce_4861a5_45afe1_460142_4592c8
COMP 51-0: 473ecc_47414c_4741cf_45fede_4592c8 (23 20.46 6 14.00 7 34.00){0.00 0.00 0.00 0.00 7.60 0}{7.60 14.00 14.00 14.00 15.20 1}{15.20 16.00 18.20 22.00 22.80 15}{22.80 24.00 25.17 28.00 30.40 6}{30.40 34.00 34.00 34.00 38.00 1}
10 1000 
12 1024 
14 1 
1a ( 23 )[ 1 -1 1 1 0 ]
1a ( 21 )[ 1 -1 3 1 0 ]
1a ( 17 )[ 1 -1 7 1 0 ]
1a ( 9 )[ 1 -1 15 1 0 ]
1a ( 1 )[ 1 -1 23 1 0 ]
1a ( 13 )[ 1 -1 11 1 0 ]
1a ( 5 )[ 1 -1 19 1 0 ]
1a ( 19 )[ 1 -1 5 1 0 ]
1a ( 15 )[ 1 -1 9 1 0 ]
1a ( 7 )[ 1 -1 17 1 0 ]
1a ( 11 )[ 1 -1 13 1 0 ]
1a ( 3 )[ 1 -1 21 1 0 ]
1a ( 22 )[ 1 -1 2 1 0 ]
1a ( 20 )[ 1 -1 4 1 0 ]
1a ( 16 )[ 1 -1 8 1 0 ]
1a ( 8 )[ 1 -1 16 1 0 ]
1a ( 12 )[ 1 -1 12 1 0 ]
1a ( 4 )[ 1 -1 20 1 0 ]
1a ( 18 )[ 1 -1 6 1 0 ]
1a ( 14 )[ 1 -1 10 1 0 ]
1a ( 6 )[ 1 -1 18 1 0 ]
1a ( 10 )[ 1 -1 14 1 0 ]
1a ( 2 )[ 1 -1 22 1 0 ]
1b 0 

RANKS: 1 -1 0 24 1
EVENT17: 1011 471052_47133e_4713fd_45b0e2_460142_4592c8
COMP 51-0: 4810ba_481457_481550_45ae8b_460142_4592c8 (1 10.00 0 10.00 0 10.00){0.00 0.00 0.00 0.00 4.00 0}{4.00 0.00 0.00 0.00 8.00 0}{8.00 10.00 10.00 10.00 12.00 1}{12.00 0.00 0.00 0.00 16.00 0}{16.00 0.00 0.00 0.00 20.00 0}
COMP 51-1: 485d8d_4860ce_4861a5_45afe1_460142_4592c8 (23 10.67 1 9.00 23 13.00){0.00 0.00 0.00 0.00 3.60 0}{3.60 0.00 0.00 0.00 7.20 0}{7.20 9.00 9.18 10.00 10.80 11}{10.80 12.00 12.17 13.00 14.40 12}{14.40 0.00 0.00 0.00 18.00 0}
10 1000 
12 1 
14 3 
19 0 

RANKS: 1 -1 0 1 0
EVENT18: 1169 4a4ea5_4a5137_4a51d4_45e063_4608cf_4592c8
COMP 51-0: 471052_47133e_4713fd_45b0e2_460142_4592c8 (1 15.00 0 15.00 0 15.00){0.00 0.00 0.00 0.00 6.00 0}{6.00 0.00 0.00 0.00 12.00 0}{12.00 15.00 15.00 15.00 18.00 1}{18.00 0.00 0.00 0.00 24.00 0}{24.00 0.00 0.00 0.00 30.00 0}
11 1 
12 10 
49 0 

RANKS: 1 -1 0 1 0
EVENT19: 1169 4a4ea5_4a5137_4a51d4_45e0c0_4608cf_4592c8
COMP 51-0: 4a4ea5_4a5137_4a51d4_45e063_4608cf_4592c8 (1 20.00 0 20.00 0 20.00){0.00 0.00 0.00 0.00 8.00 0}{8.00 0.00 0.00 0.00 16.00 0}{16.00 20.00 20.00 20.00 24.00 1}{24.00 0.00 0.00 0.00 32.00 0}{32.00 0.00 0.00 0.00 40.00 0}
11 1 
12 22 
49 0 

RANKS: 1 -1 0 1 0
EVENT20: 1169 4a4ea5_4a5137_4a51d4_45e0e9_4608cf_4592c8
COMP 51-0: 4a4ea5_4a5137_4a51d4_45e0c0_4608cf_4592c8 (1 9.00 0 9.00 0 9.00){0.00 0.00 0.00 0.00 3.60 0}{3.60 0.00 0.00 0.00 7.20 0}{7.20 9.00 9.00 9.00 10.80 1}{10.80 0.00 0.00 0.00 14.40 0}{14.40 0.00 0.00 0.00 18.00 0}
11 1 
12 16 
49 0 

RANKS: 1 -1 0 1 0
EVENT21: 1169 4a4ea5_4a5137_4a51d4_45e152_4608cf_4592c8
COMP 51-0: 4a4ea5_4a5137_4a51d4_45e0e9_4608cf_4592c8 (1 8.00 0 8.00 0 8.00){0.00 0.00 0.00 0.00 3.20 0}{3.20 0.00 0.00 0.00 6.40 0}{6.40 8.00 8.00 8.00 9.60 1}{9.60 0.00 0.00 0.00 12.80 0}{12.80 0.00 0.00 0.00 16.00 0}
11 1 
12 13 
49 0 

RANKS: 1 -1 0 1 0
EVENT22: 1169 4a4ea5_4a5137_4a51d4_45e1db_4608cf_4592c8
COMP 51-0: 4a4ea5_4a5137_4a51d4_45e152_4608cf_4592c8 (1 19.00 0 19.00 0 19.00){0.00 0.00 0.00 0.00 7.60 0}{7.60 0.00 0.00 0.00 15.20 0}{15.20 19.00 19.00 19.00 22.80 1}{22.80 0.00 0.00 0.00 30.40 0}{30.40 0.00 0.00 0.00 38.00 0}
11 1 
12 44 
49 0 

RANKS: 1 -1 0 1 0
EVENT23: 1169 4a4ea5_4a5137_4a51d4_45e1f6_4608cf_4592c8
COMP 51-0: 4a4ea5_4a5137_4a51d4_45e1db_4608cf_4592c8 (1 9.00 0 9.00 0 9.00){0.00 0.00 0.00 0.00 3.60 0}{3.60 0.00 0.00 0.00 7.20 0}{7.20 9.00 9.00 9.00 10.80 1}{10.80 0.00 0.00 0.00 14.40 0}{14.40 0.00 0.00 0.00 18.00 0}
11 1 
12 21 
49 0 

RANKS: 1 -1 0 1 0
EVENT24: 1169 4a4ea5_4a5137_4a51d4_45e21f_4608cf_4592c8
COMP 51-0: 4a4ea5_4a5137_4a51d4_45e1f6_4608cf_4592c8 (1 9.00 0 9.00 0 9.00){0.00 0.00 0.00 0.00 3.60 0}{3.60 0.00 0.00 0.00 7.20 0}{7.20 9.00 9.00 9.00 10.80 1}{10.80 0.00 0.00 0.00 14.40 0}{14.40 0.00 0.00 0.00 18.00 0}
11 1 
12 20 
49 0 

RANKS: 1 -1 0 1 0
EVENT25: 1169 4a4ea5_4a5137_4a51d4_45e257_4608cf_4592c8
COMP 51-0: 4a4ea5_4a5137_4a51d4_45e21f_4608cf_4592c8 (1 9.00 0 9.00 0 9.00){0.00 0.00 0.00 0.00 3.60 0}{3.60 0.00 0.00 0.00 7.20 0}{7.20 9.00 9.00 9.00 10.80 1}{10.80 0.00 0.00 0.00 14.40 0}{14.40 0.00 0.00 0.00 18.00 0}
11 1 
12 21 
49 0 

RANKS: 1 -1 0 1 0
EVENT26: 1169 4a4ea5_4a5137_4a51d4_45e28e_4608cf_4592c8
COMP 51-0: 4a4ea5_4a5137_4a51d4_45e257_4608cf_4592c8 (1 12.00 0 12.00 0 12.00){0.00 0.00 0.00 0.00 4.80 0}{4.80 0.00 0.00 0.00 9.60 0}{9.60 12.00 12.00 12.00 14.40 1}{14.40 0.00 0.00 0.00 19.20 0}{19.20 0.00 0.00 0.00 24.00 0}
11 1 
12 18 
49 0 

RANKS: 1 -1 0 24 1
EVENT27: 1011 471052_47133e_4713fd_460ac3_4592c8
COMP 51-0: 471052_47133e_4713fd_45b0e2_460142_4592c8 (23 15.00 13 12.00 14 22.00){0.00 0.00 0.00 0.00 6.00 0}{6.00 12.00 12.00 12.00 12.00 3}{12.00 13.00 14.83 16.00 18.00 18}{18.00 20.00 21.00 22.00 24.00 2}{24.00 0.00 0.00 0.00 30.00 0}
COMP 51-1: 4a4ea5_4a5137_4a51d4_45e28e_4608cf_4592c8 (1 34.00 0 34.00 0 34.00){0.00 0.00 0.00 0.00 13.60 0}{13.60 0.00 0.00 0.00 27.20 0}{27.20 34.00 34.00 34.00 40.80 1}{40.80 0.00 0.00 0.00 54.40 0}{54.40 0.00 0.00 0.00 68.00 0}
10 1000 
12 1 
14 7 
19 0 

RANKS: 1 -1 0 24 1
EVENT28: 1010 470bed_470de3_470e43_460d4a_4592c8
COMP 51-0: 471052_47133e_4713fd_460ac3_4592c8 (24 3241.80 12 354.00 19 6323.00){0.00 354.00 714.75 1095.00 1095.20 4}{1095.20 1377.00 1710.75 2033.00 2190.40 4}{2190.40 2738.00 3096.14 3440.00 4380.80 7}{4380.80 4924.57 4924.57 4924.57 5476.00 7}{5476.00 6137.00 6230.00 6323.00 7170.00 2}
10 1000 

RANKS: 1 -1 0 24 1
EVENT29: 1171 491686_491ab6_491b7b_46a744_46a481_460e5a_4592c8
COMP 51-0: 470bed_470de3_470e43_460d4a_4592c8 (24 35.96 17 28.00 9 44.00){0.00 0.00 0.00 0.00 16.40 0}{16.40 28.00 30.60 32.33 32.80 5}{32.80 33.00 37.11 44.00 49.20 19}{49.20 0.00 0.00 0.00 65.60 0}{65.60 0.00 0.00 0.00 82.00 0}
COMM 51-0: 470bed_470de3_470e43_460d4a_4592c8 (24 40676.44 8 24029.00 14 72785.00){0.00 0.00 0.00 0.00 23942.40 0}{23942.40 24029.00 27601.19 39490.00 47884.80 16}{47884.80 54313.00 56354.00 59856.00 71827.20 4}{71827.20 71923.00 72505.00 72785.00 95769.60 4}{95769.60 0.00 0.00 0.00 119712.00 0}
10 1 
3a :chunk.dat.(-1 0 24 1)  
3b 41 
3c 1000 
52 73257 

RANKS: 1 -1 0 1 0
EVENT30: 1169 4a4ea5_4a5137_4a51d4_460f96_4592c8
COMP 51-0: 491686_491ab6_491b7b_46a744_46a481_460e5a_4592c8 (1 36.00 0 36.00 0 36.00){0.00 0.00 0.00 0.00 14.40 0}{14.40 0.00 0.00 0.00 28.80 0}{28.80 36.00 36.00 36.00 43.20 1}{43.20 0.00 0.00 0.00 57.60 0}{57.60 0.00 0.00 0.00 72.00 0}
11 1 
12 35 
49 0 

RANKS: 1 -1 0 24 1
EVENT31: 1173 49278e_492ab2_492b93_46b5b6_465436_460ff4_4592c8
COMP 51-0: 491686_491ab6_491b7b_46a744_46a481_460e5a_4592c8 (23 587.88 17 526.00 18 783.00){0.00 0.00 0.00 0.00 265.60 0}{265.60 526.00 528.33 531.00 531.20 3}{531.20 547.00 593.00 783.00 796.80 20}{796.80 0.00 0.00 0.00 1062.40 0}{1062.40 0.00 0.00 0.00 1328.00 0}
COMP 51-1: 49278e_492ab2_492b93_46b5b6_465436_460ff4_4592c8 (360 40.72 5 29.00 22 244.00){0.00 0.00 0.00 0.00 20.80 0}{20.80 29.00 38.33 52.00 62.40 342}{62.40 63.00 70.93 80.00 104.00 15}{104.00 105.00 116.00 127.00 150.00 2}{150.00 244.00 244.00 244.00 338.00 1}
COMP 51-2: 4a4ea5_4a5137_4a51d4_460f96_4592c8 (1 574.00 0 574.00 0 574.00){0.00 0.00 0.00 0.00 229.60 0}{229.60 0.00 0.00 0.00 459.20 0}{459.20 574.00 574.00 574.00 688.80 1}{688.80 0.00 0.00 0.00 918.40 0}{918.40 0.00 0.00 0.00 1148.00 0}
LOOP0: iter: ( 16 )[ 1 -1 0 24 1 ] mem: ( 1 )[ 1 -1 0 24 1 ]
12 131072 
14 12 
3c 1000 
3d 0 131072 262144 393216 524288 655360 786432 917504 1048576 1179648 1310720 1441792 1572864 1703936 1835008 1966080 

RANKS: 1 -1 0 24 1
EVENT32: 1183 496b2e_496d6d_496dcd_46b6dc_461140_4592c8
COMP 51-0: 49278e_492ab2_492b93_46b5b6_465436_460ff4_4592c8 (24 149.60 14 62.00 0 271.00){0.00 62.00 78.67 108.00 108.40 3}{108.40 111.00 137.50 193.00 216.80 18}{216.80 231.00 252.67 271.00 325.20 3}{325.20 0.00 0.00 0.00 433.60 0}{433.60 0.00 0.00 0.00 542.00 0}
3c 1000 
52 716919 

RANKS: 1 -1 0 24 1
EVENT33: 1010 470bed_470de3_470e43_4612a4_4592c8
COMP 51-0: 496b2e_496d6d_496dcd_46b6dc_461140_4592c8 (24 2409.40 15 11.00 0 29782.00){0.00 11.00 29.17 124.00 11912.80 23}{11912.80 0.00 0.00 0.00 23825.60 0}{23825.60 29782.00 29782.00 29782.00 35738.40 1}{35738.40 0.00 0.00 0.00 47651.20 0}{47651.20 0.00 0.00 0.00 59564.00 0}
10 1000 

RANKS: 1 -1 0 24 1
EVENT34: 1171 491686_491ab6_491b7b_46be3a_461465_4592c8
COMP 51-0: 470bed_470de3_470e43_4612a4_4592c8 (24 13.00 3 11.00 10 22.00){0.00 0.00 0.00 0.00 4.80 0}{4.80 0.00 0.00 0.00 9.60 0}{9.60 11.00 12.29 14.00 14.40 21}{14.40 15.00 16.50 18.00 19.20 2}{19.20 22.00 22.00 22.00 24.00 1}
COMM 51-0: 470bed_470de3_470e43_4612a4_4592c8 (24 47226.68 0 46682.00 16 47951.00){0.00 0.00 0.00 0.00 18672.80 0}{18672.80 0.00 0.00 0.00 37345.60 0}{37345.60 46682.00 47249.37 47951.00 56018.40 24}{56018.40 0.00 0.00 0.00 74691.20 0}{74691.20 0.00 0.00 0.00 93364.00 0}
10 1000 
3a :chunk.dat.(-1 0 24 1)  
3b 2 
3c 1001 
52 86049 

RANKS: 1 -1 0 24 1
EVENT35: 1183 496b2e_496d6d_496dcd_46bfdd_461465_4592c8
COMP 51-0: 491686_491ab6_491b7b_46be3a_461465_4592c8 (24 203684.76 23 2377.00 11 605877.00){0.00 0.00 0.00 0.00 1087.60 0}{1087.60 0.00 0.00 0.00 2175.20 0}{2175.20 2377.00 2693.14 2997.00 3262.80 14}{3262.80 3270.00 3270.00 3270.00 5438.00 1}{5438.00 203795.00 560936.22 605877.00 1206316.00 9}
3c 1001 
52 591432 

RANKS: 1 -1 0 24 1
EVENT36: 1004 46e310_46e630_46e710_46c0d3_461465_4592c8
COMP 51-0: 496b2e_496d6d_496dcd_46bfdd_461465_4592c8 (24 17.04 4 14.00 3 20.00){0.00 0.00 0.00 0.00 7.20 0}{7.20 14.00 14.00 14.00 14.40 1}{14.40 15.00 17.13 20.00 21.60 23}{21.60 0.00 0.00 0.00 28.80 0}{28.80 0.00 0.00 0.00 36.00 0}
10 1000 
12 1 
14 38 
18 3 

RANKS: 1 -1 0 24 1
EVENT37: 1004 46e310_46e630_46e710_459de7_46147b_4592c8
COMP 51-0: 46e310_46e630_46e710_46c0d3_461465_4592c8 (24 11.36 12 10.00 0 14.00){0.00 0.00 0.00 0.00 5.60 0}{5.60 10.00 10.75 11.00 11.20 12}{11.20 11.50 11.75 14.00 16.80 12}{16.80 0.00 0.00 0.00 22.40 0}{22.40 0.00 0.00 0.00 28.00 0}
10 1000 
12 1 
14 38 
18 3 

RANKS: 1 -1 0 24 1
EVENT38: 1104 48214b_4824b0_4825ae_45d3dc_4614bc_4592c8
COMP 51-0: 46e310_46e630_46e710_459de7_46147b_4592c8 (24 18.68 0 14.00 5 25.00){0.00 0.00 0.00 0.00 5.60 0}{5.60 0.00 0.00 0.00 11.20 0}{11.20 14.00 15.00 16.00 16.80 5}{16.80 17.00 19.12 20.00 22.40 16}{22.40 23.00 24.00 25.00 28.00 3}
COMP 51-1: 48214b_4824b0_4825ae_45d3dc_4614bc_4592c8 (264 10.83 23 8.00 6 67.00){0.00 0.00 0.00 0.00 7.20 0}{7.20 8.00 10.34 14.00 14.40 256}{14.40 15.00 16.50 18.00 21.60 4}{21.60 22.00 23.67 26.00 36.00 3}{36.00 67.00 67.00 67.00 98.00 1}
LOOP0: iter: ( 12 )[ 1 -1 0 24 1 ] mem: ( 1 )[ 1 -1 0 24 1 ]
10 1000 
12 1 
14 10 
18 2 1 
19 0 

RANKS: 1 -1 0 24 1
EVENT39: 1010 470bed_470de3_470e43_461d7f_4592c8
COMP 51-0: 48214b_4824b0_4825ae_45d3dc_4614bc_4592c8 (24 38.68 19 15.00 7 484.00){0.00 0.00 0.00 0.00 7.60 0}{7.60 15.00 15.00 15.00 15.20 2}{15.20 16.00 18.44 22.00 22.80 18}{22.80 23.00 23.00 23.00 38.00 2}{38.00 56.00 270.00 484.00 930.00 2}
10 1000 

RANKS: 1 -1 0 24 1
EVENT40: 1171 491686_491ab6_491b7b_46a744_461e8f_4592c8
COMP 51-0: 470bed_470de3_470e43_461d7f_4592c8 (24 23.84 20 19.00 14 30.00){0.00 0.00 0.00 0.00 8.00 0}{8.00 0.00 0.00 0.00 16.00 0}{16.00 19.00 21.71 22.31 24.00 12}{24.00 25.00 26.29 30.00 32.00 12}{32.00 0.00 0.00 0.00 40.00 0}
COMM 51-0: 470bed_470de3_470e43_461d7f_4592c8 (24 175058.28 8 22513.00 18 693954.00){0.00 22513.00 42022.55 76515.00 78758.00 11}{78758.00 92516.00 106050.33 119330.00 133852.00 3}{133852.00 165707.00 192539.50 223808.00 246791.00 4}{246791.00 265981.00 267902.00 269823.00 292855.00 2}{292855.00 309536.00 562679.25 693954.00 912811.00 4}
10 1 
3a :chunk.dat.(-1 0 24 1)  
3b 41 
3c 1002 
52 195174 

RANKS: 1 -1 0 1 0
EVENT41: 1169 4a4ea5_4a5137_4a51d4_462003_4592c8
COMP 51-0: 491686_491ab6_491b7b_46a744_461e8f_4592c8 (1 36.00 0 36.00 0 36.00){0.00 0.00 0.00 0.00 14.40 0}{14.40 0.00 0.00 0.00 28.80 0}{28.80 36.00 36.00 36.00 43.20 1}{43.20 0.00 0.00 0.00 57.60 0}{57.60 0.00 0.00 0.00 72.00 0}
11 1 
12 34 
49 0 

RANKS: 1 -1 0 24 1
EVENT42: 1179 4951ba_4954de_4955bf_46b5b6_46551c_462061_4592c8
COMP 51-0: 491686_491ab6_491b7b_46a744_461e8f_4592c8 (23 538.33 1 222.00 21 1470.00){0.00 0.00 0.00 0.00 177.60 0}{177.60 222.00 240.40 264.00 444.00 5}{444.00 522.00 554.93 583.00 600.00 15}{600.00 603.00 603.00 603.00 606.00 1}{606.00 1099.00 1284.50 1470.00 2334.00 2}
COMP 51-1: 4951ba_4954de_4955bf_46b5b6_46551c_462061_4592c8 (360 41.86 18 14.00 2 175.00){0.00 14.00 16.54 20.00 21.60 13}{21.60 33.00 40.47 58.00 64.80 332}{64.80 65.00 73.37 83.00 86.40 8}{86.40 90.00 96.80 103.00 108.00 5}{108.00 158.00 166.50 175.00 208.00 2}
COMP 51-2: 4a4ea5_4a5137_4a51d4_462003_4592c8 (1 694.00 0 694.00 0 694.00){0.00 0.00 0.00 0.00 277.60 0}{277.60 0.00 0.00 0.00 555.20 0}{555.20 694.00 694.00 694.00 832.80 1}{832.80 0.00 0.00 0.00 1110.40 0}{1110.40 0.00 0.00 0.00 1388.00 0}
LOOP0: iter: ( 16 )[ 1 -1 0 24 1 ] mem: ( 1 )[ 1 -1 0 24 1 ]
12 131072 
14 12 
3c 1002 
3d 0 131072 262144 393216 524288 655360 786432 917504 1048576 1179648 1310720 1441792 1572864 1703936 1835008 1966080 

RANKS: 1 -1 0 24 1
EVENT43: 1183 496b2e_496d6d_496dcd_46b6dc_4621ad_4592c8
COMP 51-0: 4951ba_4954de_4955bf_46b5b6_46551c_462061_4592c8 (24 134.88 18 45.00 19 756.00){0.00 0.00 0.00 0.00 34.00 0}{34.00 45.00 61.44 85.00 102.00 9}{102.00 106.00 122.00 126.67 136.00 6}{136.00 141.60 145.29 163.00 170.00 7}{170.00 229.00 492.50 756.00 1342.00 2}
3c 1002 
52 2576454 

RANKS: 1 -1 0 24 1
EVENT44: 1171 491686_491ab6_491b7b_46be3a_462211_4592c8
COMP 51-0: 496b2e_496d6d_496dcd_46b6dc_4621ad_4592c8 (24 23.92 23 11.00 5 77.00){0.00 0.00 0.00 0.00 10.40 0}{10.40 11.00 14.54 18.80 26.00 13}{26.00 27.00 27.00 27.00 28.00 2}{28.00 28.25 28.50 29.00 30.00 6}{30.00 36.00 57.00 77.00 86.00 3}
COMM 51-0: 496b2e_496d6d_496dcd_46b6dc_4621ad_4592c8 (24 154073.60 14 60695.00 16 437401.00){0.00 60695.00 77207.29 94356.00 98597.20 7}{98597.20 108611.83 130494.33 193126.00 197194.40 12}{197194.40 244717.00 250496.00 260278.00 295791.60 3}{295791.60 310075.00 310075.00 310075.00 394388.80 1}{394388.80 437401.00 437401.00 437401.00 492986.00 1}
10 1000 
3a :chunk.dat.(-1 0 24 1)  
3b 2 
3c 1003 
52 150361 

RANKS: 1 -1 0 24 1
EVENT45: 1183 496b2e_496d6d_496dcd_46bfdd_462211_4592c8
COMP 51-0: 491686_491ab6_491b7b_46be3a_462211_4592c8 (24 2678.08 16 1598.00 14 3687.00){0.00 0.00 0.00 0.00 803.60 0}{803.60 1598.00 1598.00 1598.00 1607.20 1}{1607.20 2009.00 2131.80 2232.00 2410.80 5}{2410.80 2530.25 2658.45 3172.00 3214.40 11}{3214.40 3275.20 3349.00 3687.00 4018.00 7}
3c 1003 
52 3953 

RANKS: 1 -1 0 24 1
EVENT46: 1004 46e310_46e630_46e710_46c0d3_462211_4592c8
COMP 51-0: 496b2e_496d6d_496dcd_46bfdd_462211_4592c8 (24 23.64 5 11.00 0 38.00){0.00 11.00 12.86 15.00 15.20 7}{15.20 16.00 26.56 30.00 30.40 16}{30.40 38.00 38.00 38.00 45.60 1}{45.60 0.00 0.00 0.00 60.80 0}{60.80 0.00 0.00 0.00 76.00 0}
10 1000 
12 1 
14 38 
18 3 

RANKS: 1 -1 0 24 1
EVENT47: 1004 46e310_46e630_46e710_459de7_462227_4592c8
COMP 51-0: 46e310_46e630_46e710_46c0d3_462211_4592c8 (24 23.24 4 10.00 20 39.00){0.00 10.00 10.00 10.00 10.00 1}{10.00 11.00 13.12 19.00 20.00 8}{20.00 22.00 26.25 30.00 30.00 8}{30.00 31.00 33.00 39.00 40.00 7}{40.00 0.00 0.00 0.00 50.00 0}
10 1000 
12 1 
14 38 
18 3 

RANKS: 1 -1 0 24 1
EVENT48: 1104 48214b_4824b0_4825ae_45d3dc_462268_4592c8
COMP 51-0: 46e310_46e630_46e710_459de7_462227_4592c8 (24 22.16 7 11.00 19 33.00){0.00 0.00 0.00 0.00 10.40 0}{10.40 11.00 12.67 16.00 20.80 9}{20.80 22.00 27.21 31.00 31.20 14}{31.20 33.00 33.00 33.00 41.60 1}{41.60 0.00 0.00 0.00 52.00 0}
COMP 51-1: 48214b_4824b0_4825ae_45d3dc_462268_4592c8 (264 24.34 2 9.00 21 1078.00){0.00 9.00 9.00 9.00 9.20 1}{9.20 10.00 11.13 16.00 18.40 97}{18.40 22.00 25.01 27.00 27.60 151}{27.60 32.00 34.50 39.00 46.00 14}{46.00 1078.00 1078.00 1078.00 2110.00 1}
LOOP0: iter: ( 12 )[ 1 -1 0 24 1 ] mem: ( 1 )[ 1 -1 0 24 1 ]
10 1000 
12 1 
14 10 
18 2 1 
19 0 

RANKS: 1 -1 0 24 1
EVENT49: 1010 470bed_470de3_470e43_462676_4592c8
COMP 51-0: 48214b_4824b0_4825ae_45d3dc_462268_4592c8 (24 39.64 7 10.00 9 519.00){0.00 10.00 10.00 10.00 10.00 2}{10.00 10.50 12.75 20.00 20.00 8}{20.00 24.00 25.00 26.00 40.00 13}{40.00 0.00 0.00 0.00 50.00 0}{50.00 519.00 519.00 519.00 988.00 1}
10 1000 

RANKS: 1 -1 0 24 1
EVENT50: 1184 497051_4972e3_497353_46b9a3_45db0a_462786_4592c8
COMP 51-0: 470bed_470de3_470e43_462676_4592c8 (24 70.32 7 21.00 17 342.00){0.00 21.00 34.27 48.00 55.20 11}{55.20 61.00 68.30 80.00 82.80 10}{82.80 101.00 101.00 101.00 138.00 1}{138.00 186.00 186.00 186.00 234.00 1}{234.00 342.00 342.00 342.00 450.00 1}
3a :chunk.dat.(-1 0 24 1)  

RANKS: 1 -1 0 24 1
EVENT51: 1010 470bed_470de3_470e43_4627a3_4592c8
COMP 51-0: 497051_4972e3_497353_46b9a3_45db0a_462786_4592c8 (24 28.20 19 13.00 16 48.00){0.00 13.00 13.42 13.83 14.40 6}{14.40 14.50 20.25 28.00 28.80 6}{28.80 29.00 37.20 40.00 43.20 10}{43.20 47.00 47.50 48.00 57.60 2}{57.60 0.00 0.00 0.00 72.00 0}
10 1000 

RANKS: 1 -1 0 1 0
EVENT52: 1169 4a4ea5_4a5137_4a51d4_45f333_4628d3_4592c8
COMP 51-0: 470bed_470de3_470e43_4627a3_4592c8 (1 29.00 0 29.00 0 29.00){0.00 0.00 0.00 0.00 11.60 0}{11.60 0.00 0.00 0.00 23.20 0}{23.20 29.00 29.00 29.00 34.80 1}{34.80 0.00 0.00 0.00 46.40 0}{46.40 0.00 0.00 0.00 58.00 0}
11 1 
12 109 
49 0 

RANKS: 1 -1 0 1 0
EVENT53: 1169 4a4ea5_4a5137_4a51d4_45f358_4628d3_4592c8
COMP 51-0: 4a4ea5_4a5137_4a51d4_45f333_4628d3_4592c8 (1 15.00 0 15.00 0 15.00){0.00 0.00 0.00 0.00 6.00 0}{6.00 0.00 0.00 0.00 12.00 0}{12.00 15.00 15.00 15.00 18.00 1}{18.00 0.00 0.00 0.00 24.00 0}{24.00 0.00 0.00 0.00 30.00 0}
11 1 
12 87 
49 0 

RANKS: 1 -1 0 1 0
EVENT54: 1169 4a4ea5_4a5137_4a51d4_45f384_4628d3_4592c8
COMP 51-0: 4a4ea5_4a5137_4a51d4_45f358_4628d3_4592c8 (1 12.00 0 12.00 0 12.00){0.00 0.00 0.00 0.00 4.80 0}{4.80 0.00 0.00 0.00 9.60 0}{9.60 12.00 12.00 12.00 14.40 1}{14.40 0.00 0.00 0.00 19.20 0}{19.20 0.00 0.00 0.00 24.00 0}
11 1 
12 108 
49 0 

RANKS: 1 -1 0 1 0
EVENT55: 1169 4a4ea5_4a5137_4a51d4_45f764_4628d3_4592c8
COMP 51-0: 4a4ea5_4a5137_4a51d4_45f384_4628d3_4592c8 (1 40.00 0 40.00 0 40.00){0.00 0.00 0.00 0.00 16.00 0}{16.00 0.00 0.00 0.00 32.00 0}{32.00 40.00 40.00 40.00 48.00 1}{48.00 0.00 0.00 0.00 64.00 0}{64.00 0.00 0.00 0.00 80.00 0}
11 1 
12 6 
49 0 

RANKS: 1 -1 0 1 0
EVENT56: 1169 4a4ea5_4a5137_4a51d4_45fb4a_4628d3_4592c8
COMP 51-0: 4a4ea5_4a5137_4a51d4_45f764_4628d3_4592c8 (1 25.00 0 25.00 0 25.00){0.00 0.00 0.00 0.00 10.00 0}{10.00 0.00 0.00 0.00 20.00 0}{20.00 25.00 25.00 25.00 30.00 1}{30.00 0.00 0.00 0.00 40.00 0}{40.00 0.00 0.00 0.00 50.00 0}
11 1 
12 6 
49 0 

RANKS: 1 -1 0 24 1
EVENT57: 1028 474931_474af2_474b52_4628dd_4592c8
COMP 51-0: 470bed_470de3_470e43_4627a3_4592c8 (23 55.54 21 27.00 23 116.00){0.00 27.00 30.17 32.00 34.80 6}{34.80 37.00 40.67 51.00 69.60 9}{69.60 72.00 83.29 94.00 104.40 7}{104.40 116.00 116.00 116.00 139.20 1}{139.20 0.00 0.00 0.00 174.00 0}
COMP 51-1: 4a4ea5_4a5137_4a51d4_45fb4a_4628d3_4592c8 (1 26.00 0 26.00 0 26.00){0.00 0.00 0.00 0.00 10.40 0}{10.40 0.00 0.00 0.00 20.80 0}{20.80 26.00 26.00 26.00 31.20 1}{31.20 0.00 0.00 0.00 41.60 0}{41.60 0.00 0.00 0.00 52.00 0}
10 1000 

RANKS: 1 -1 0 24 1
EVENT58: 1010 470bed_470de3_470e43_462a58_4592c8
COMP 51-0: 474931_474af2_474b52_4628dd_4592c8 (24 16.76 16 10.00 7 28.00){0.00 0.00 0.00 0.00 4.40 0}{4.40 0.00 0.00 0.00 8.80 0}{8.80 10.00 11.94 13.00 17.60 16}{17.60 0.00 0.00 0.00 22.00 0}{22.00 26.00 27.12 28.00 34.00 8}
10 2 

RANKS: 1 -1 0 24 1
EVENT59: 1045 476acc_476b3d_476b81_4593a5
COMP 51-0: 470bed_470de3_470e43_462a58_4592c8 (24 1567.28 6 898.00 5 3830.00){0.00 0.00 0.00 0.00 430.00 0}{430.00 0.00 0.00 0.00 860.00 0}{860.00 898.00 1053.13 1172.00 1720.00 15}{1720.00 1770.00 1928.60 2072.00 2150.00 5}{2150.00 2661.00 3166.75 3830.00 5510.00 4}
52 81884 

