RANKS: 1 -1 0 8 1
EVENT0: 1084 47cb68_47cc13_47cc5f_458f9f
33 2 
34 0 

RANKS: 1 -1 0 1 0
EVENT1: 1102 4810ba_481457_481550_45ae8b_45db7f_459218
COMP 51-0: 47cb68_47cc13_47cc5f_458f9f (1 44.00 0 44.00 0 44.00){0.00 0.00 0.00 0.00 17.60 0}{17.60 0.00 0.00 0.00 35.20 0}{35.20 44.00 44.00 44.00 52.80 1}{52.80 0.00 0.00 0.00 70.40 0}{70.40 0.00 0.00 0.00 88.00 0}
COMP 51-1: 4810ba_481457_481550_45ae8b_45db7f_459218 (6 11.86 0 10.00 0 14.00){0.00 0.00 0.00 0.00 5.20 0}{5.20 10.00 10.00 10.00 10.40 1}{10.40 11.00 12.00 14.00 15.60 5}{15.60 0.00 0.00 0.00 20.80 0}{20.80 0.00 0.00 0.00 26.00 0}
LOOP0: iter: ( 7 )[ 1 -1 0 1 0 ] mem: ( 1 )[ 1 -1 0 1 0 ]
10 2 
12 1024 
14 1 
1b 0 
2b 2147483647 

RANKS: 1 -1 1 7 1
EVENT2: 1113 485d8d_4860ce_4861a5_45afe1_45db7f_459218
COMP 51-0: 47cb68_47cc13_47cc5f_458f9f (7 81.00 4 39.00 2 133.00){0.00 0.00 0.00 0.00 31.60 0}{31.60 39.00 49.00 59.00 63.20 2}{63.20 72.00 77.33 81.00 94.80 3}{94.80 106.00 106.00 106.00 126.40 1}{126.40 133.00 133.00 133.00 158.00 1}
10 2 
12 1024 
14 1 
1a ( 7 )[ 1 -1 1 1 0 ]
1a ( 5 )[ 1 -1 3 1 0 ]
1a ( 1 )[ 1 -1 7 1 0 ]
1a ( 3 )[ 1 -1 5 1 0 ]
1a ( 6 )[ 1 -1 2 1 0 ]
1a ( 4 )[ 1 -1 4 1 0 ]
1a ( 2 )[ 1 -1 6 1 0 ]
1b 0 

RANKS: 1 -1 0 8 1
EVENT3: 1011 471052_47133e_4713fd_45b0e2_45db7f_459218
COMP 51-0: 4810ba_481457_481550_45ae8b_45db7f_459218 (1 15.00 0 15.00 0 15.00){0.00 0.00 0.00 0.00 6.00 0}{6.00 0.00 0.00 0.00 12.00 0}{12.00 15.00 15.00 15.00 18.00 1}{18.00 0.00 0.00 0.00 24.00 0}{24.00 0.00 0.00 0.00 30.00 0}
COMP 51-1: 485d8d_4860ce_4861a5_45afe1_45db7f_459218 (7 29.50 4 15.00 6 57.00){0.00 0.00 0.00 0.00 8.40 0}{8.40 15.00 19.25 21.00 33.60 4}{33.60 35.00 35.00 35.00 42.00 1}{42.00 46.00 46.00 46.00 50.00 1}{50.00 57.00 57.00 57.00 64.00 1}
10 2 
12 1 
14 3 
19 0 

RANKS: 1 -1 0 8 1
EVENT4: 1167 4a4646_4a4872_4a48cc_468bac_468df4_45db91_459218
COMP 51-0: 471052_47133e_4713fd_45b0e2_45db7f_459218 (8 1421.11 7 1074.00 6 1920.00){0.00 0.00 0.00 0.00 505.60 0}{505.60 0.00 0.00 0.00 1011.20 0}{1011.20 1074.00 1306.33 1481.00 1516.80 6}{1516.80 1768.00 1844.00 1920.00 2022.40 2}{2022.40 0.00 0.00 0.00 2528.00 0}
49 0 
52 48607 

RANKS: 1 -1 0 8 1
EVENT5: 1011 471052_47133e_4713fd_45b7a0_45dba2_459218
COMP 51-0: 4a4646_4a4872_4a48cc_468bac_468df4_45db91_459218 (8 21.67 3 14.00 5 46.00){0.00 0.00 0.00 0.00 6.80 0}{6.80 0.00 0.00 0.00 13.60 0}{13.60 14.00 15.33 18.00 27.20 6}{27.20 0.00 0.00 0.00 34.00 0}{34.00 40.00 43.00 46.00 58.00 2}
10 2 
12 4 
14 12 
19 0 

RANKS: 1 -1 0 8 1
EVENT6: 1010 470bed_470de3_470e43_462b44_45dbc8_459218
COMP 51-0: 471052_47133e_4713fd_45b7a0_45dba2_459218 (8 39.78 3 21.00 5 67.00){0.00 0.00 0.00 0.00 12.80 0}{12.80 21.00 21.00 21.00 25.60 1}{25.60 32.00 34.60 36.00 51.20 5}{51.20 0.00 0.00 0.00 64.00 0}{64.00 65.00 66.00 67.00 70.00 2}
10 2 

RANKS: 1 -1 0 8 1
EVENT7: 1104 48214b_4824b0_4825ae_462c42_45dbc8_459218
COMP 51-0: 470bed_470de3_470e43_462b44_45dbc8_459218 (8 28.22 1 19.00 6 52.00){0.00 0.00 0.00 0.00 8.00 0}{8.00 0.00 0.00 0.00 16.00 0}{16.00 19.00 20.80 24.00 24.00 5}{24.00 27.00 27.00 27.00 40.00 1}{40.00 51.00 51.50 52.00 62.00 2}
10 2 
12 1 
14 10 
18 2 
19 0 

RANKS: 1 -1 0 8 1
EVENT8: 1104 48214b_4824b0_4825ae_462d4c_45dbc8_459218
COMP 51-0: 48214b_4824b0_4825ae_462c42_45dbc8_459218 (8 13.33 0 9.00 5 30.00){0.00 0.00 0.00 0.00 3.60 0}{3.60 0.00 0.00 0.00 7.20 0}{7.20 9.00 9.67 12.00 14.40 6}{14.40 0.00 0.00 0.00 18.00 0}{18.00 23.00 26.50 30.00 42.00 2}
10 2 
12 1 
14 10 
18 1 
19 0 

RANKS: 1 -1 0 8 1
EVENT9: 1011 471052_47133e_4713fd_462e50_45dbc8_459218
COMP 51-0: 48214b_4824b0_4825ae_462d4c_45dbc8_459218 (8 16.22 0 9.00 3 37.00){0.00 0.00 0.00 0.00 7.20 0}{7.20 9.00 9.00 9.00 10.80 2}{10.80 12.00 12.67 14.00 18.00 3}{18.00 22.00 22.00 22.00 26.00 2}{26.00 37.00 37.00 37.00 48.00 1}
10 2 
12 1 
14 10 
19 0 

RANKS: 1 -1 0 8 1
EVENT10: 1011 471052_47133e_4713fd_4675bc_45dbe2_459218
COMP 51-0: 471052_47133e_4713fd_462e50_45dbc8_459218 (8 12.89 1 9.00 5 23.00){0.00 0.00 0.00 0.00 4.40 0}{4.40 0.00 0.00 0.00 8.80 0}{8.80 9.00 9.83 11.00 17.60 6}{17.60 0.00 0.00 0.00 22.00 0}{22.00 23.00 23.00 23.00 24.00 2}
10 2 
12 1 
14 3 
19 0 

RANKS: 1 -1 0 1 0
EVENT11: 1169 4a4ea5_4a5137_4a51d4_45dd54_4592a1
COMP 51-0: 471052_47133e_4713fd_4675bc_45dbe2_459218 (1 104.00 0 104.00 0 104.00){0.00 0.00 0.00 0.00 41.60 0}{41.60 0.00 0.00 0.00 83.20 0}{83.20 104.00 104.00 104.00 124.80 1}{124.80 0.00 0.00 0.00 166.40 0}{166.40 0.00 0.00 0.00 208.00 0}
11 1 
12 18 
49 0 

RANKS: 1 -1 0 8 1
EVENT12: 1030 474d46_474f75_474fe5_45fced_4592c8
COMP 51-0: 471052_47133e_4713fd_4675bc_45dbe2_459218 (7 26.38 2 18.00 5 48.00){0.00 0.00 0.00 0.00 7.60 0}{7.60 0.00 0.00 0.00 15.20 0}{15.20 18.00 19.40 21.00 30.40 5}{30.40 0.00 0.00 0.00 38.00 0}{38.00 47.00 47.50 48.00 58.00 2}
COMP 51-1: 4a4ea5_4a5137_4a51d4_45dd54_4592a1 (1 7280.00 0 7280.00 0 7280.00){0.00 0.00 0.00 0.00 2912.00 0}{2912.00 0.00 0.00 0.00 5824.00 0}{5824.00 7280.00 7280.00 7280.00 8736.00 1}{8736.00 0.00 0.00 0.00 11648.00 0}{11648.00 0.00 0.00 0.00 14560.00 0}
10 2 

RANKS: 1 -1 0 8 1
EVENT13: 1066 47b541_47b880_47b91f_45fdf8_4592c8
COMP 51-0: 474d46_474f75_474fe5_45fced_4592c8 (8 16.78 3 11.00 5 30.00){0.00 0.00 0.00 0.00 5.60 0}{5.60 11.00 11.00 11.00 11.20 1}{11.20 13.00 13.40 14.00 22.40 5}{22.40 0.00 0.00 0.00 28.00 0}{28.00 29.00 29.50 30.00 32.00 2}
b 0 7 1 
12 1 
21 1000 

RANKS: 1 -1 0 8 1
EVENT14: 1026 473ecc_47414c_4741cf_45fede_4592c8
COMP 51-0: 47b541_47b880_47b91f_45fdf8_4592c8 (8 16.56 0 11.00 5 37.00){0.00 0.00 0.00 0.00 4.40 0}{4.40 0.00 0.00 0.00 8.80 0}{8.80 11.00 11.67 13.00 17.60 6}{17.60 0.00 0.00 0.00 22.00 0}{22.00 31.00 34.00 37.00 52.00 2}
10 2 
21 1001 

RANKS: 1 -1 0 1 0
EVENT15: 1102 4810ba_481457_481550_45ae8b_460142_4592c8
COMP 51-0: 473ecc_47414c_4741cf_45fede_4592c8 (1 57.00 0 57.00 0 57.00){0.00 0.00 0.00 0.00 22.80 0}{22.80 0.00 0.00 0.00 45.60 0}{45.60 57.00 57.00 57.00 68.40 1}{68.40 0.00 0.00 0.00 91.20 0}{91.20 0.00 0.00 0.00 114.00 0}
COMP 51-1: 4810ba_481457_481550_45ae8b_460142_4592c8 (6 9.43 0 9.00 0 10.00){0.00 0.00 0.00 0.00 3.60 0}{3.60 0.00 0.00 0.00 7.20 0}{7.20 9.00 9.50 10.00 10.80 6}{10.80 0.00 0.00 0.00 14.40 0}{14.40 0.00 0.00 0.00 18.00 0}
LOOP0: iter: ( 7 )[ 1 -1 0 1 0 ] mem: ( 1 )[ 1 -1 0 1 0 ]
10 1000 
12 1024 
14 1 
1b 0 
2b 2147483647 

RANKS: 1 -1 1 7 1
EVENT16: 1113 485d8d_4860ce_4861a5_45afe1_460142_4592c8
COMP 51-0: 473ecc_47414c_4741cf_45fede_4592c8 (7 36.50 7 15.00 3 57.00){0.00 15.00 15.00 15.00 16.00 1}{16.00 28.00 28.00 28.00 32.00 1}{32.00 34.00 38.00 41.00 48.00 4}{48.00 57.00 57.00 57.00 64.00 1}{64.00 0.00 0.00 0.00 80.00 0}
10 1000 
12 1024 
14 1 
1a ( 7 )[ 1 -1 1 1 0 ]
1a ( 5 )[ 1 -1 3 1 0 ]
1a ( 1 )[ 1 -1 7 1 0 ]
1a ( 3 )[ 1 -1 5 1 0 ]
1a ( 6 )[ 1 -1 2 1 0 ]
1a ( 4 )[ 1 -1 4 1 0 ]
1a ( 2 )[ 1 -1 6 1 0 ]
1b 0 

RANKS: 1 -1 0 8 1
EVENT17: 1011 471052_47133e_4713fd_45b0e2_460142_4592c8
COMP 51-0: 4810ba_481457_481550_45ae8b_460142_4592c8 (1 10.00 0 10.00 0 10.00){0.00 0.00 0.00 0.00 4.00 0}{4.00 0.00 0.00 0.00 8.00 0}{8.00 10.00 10.00 10.00 12.00 1}{12.00 0.00 0.00 0.00 16.00 0}{16.00 0.00 0.00 0.00 20.00 0}
COMP 51-1: 485d8d_4860ce_4861a5_45afe1_460142_4592c8 (7 14.25 4 8.00 3 25.00){0.00 0.00 0.00 0.00 3.60 0}{3.60 0.00 0.00 0.00 7.20 0}{7.20 8.00 8.75 9.00 14.40 4}{14.40 0.00 0.00 0.00 18.00 0}{18.00 22.00 23.33 25.00 32.00 3}
10 1000 
12 1 
14 3 
19 0 

RANKS: 1 -1 0 1 0
EVENT18: 1169 4a4ea5_4a5137_4a51d4_45e063_4608cf_4592c8
COMP 51-0: 471052_47133e_4713fd_45b0e2_460142_4592c8 (1 16.00 0 16.00 0 16.00){0.00 0.00 0.00 0.00 6.40 0}{6.40 0.00 0.00 0.00 12.80 0}{12.80 16.00 16.00 16.00 19.20 1}{19.20 0.00 0.00 0.00 25.60 0}{25.60 0.00 0.00 0.00 32.00 0}
11 1 
12 10 
49 0 

RANKS: 1 -1 0 1 0
EVENT19: 1169 4a4ea5_4a5137_4a51d4_45e0c0_4608cf_4592c8
COMP 51-0: 4a4ea5_4a5137_4a51d4_45e063_4608cf_4592c8 (1 17.00 0 17.00 0 17.00){0.00 0.00 0.00 0.00 6.80 0}{6.80 0.00 0.00 0.00 13.60 0}{13.60 17.00 17.00 17.00 20.40 1}{20.40 0.00 0.00 0.00 27.20 0}{27.20 0.00 0.00 0.00 34.00 0}
11 1 
12 22 
49 0 

RANKS: 1 -1 0 1 0
EVENT20: 1169 4a4ea5_4a5137_4a51d4_45e0e9_4608cf_4592c8
COMP 51-0: 4a4ea5_4a5137_4a51d4_45e0c0_4608cf_4592c8 (1 23.00 0 23.00 0 23.00){0.00 0.00 0.00 0.00 9.20 0}{9.20 0.00 0.00 0.00 18.40 0}{18.40 23.00 23.00 23.00 27.60 1}{27.60 0.00 0.00 0.00 36.80 0}{36.80 0.00 0.00 0.00 46.00 0}
11 1 
12 16 
49 0 

RANKS: 1 -1 0 1 0
EVENT21: 1169 4a4ea5_4a5137_4a51d4_45e152_4608cf_4592c8
COMP 51-0: 4a4ea5_4a5137_4a51d4_45e0e9_4608cf_4592c8 (1 8.00 0 8.00 0 8.00){0.00 0.00 0.00 0.00 3.20 0}{3.20 0.00 0.00 0.00 6.40 0}{6.40 8.00 8.00 8.00 9.60 1}{9.60 0.00 0.00 0.00 12.80 0}{12.80 0.00 0.00 0.00 16.00 0}
11 1 
12 13 
49 0 

RANKS: 1 -1 0 1 0
EVENT22: 1169 4a4ea5_4a5137_4a51d4_45e1db_4608cf_4592c8
COMP 51-0: 4a4ea5_4a5137_4a51d4_45e152_4608cf_4592c8 (1 15.00 0 15.00 0 15.00){0.00 0.00 0.00 0.00 6.00 0}{6.00 0.00 0.00 0.00 12.00 0}{12.00 15.00 15.00 15.00 18.00 1}{18.00 0.00 0.00 0.00 24.00 0}{24.00 0.00 0.00 0.00 30.00 0}
11 1 
12 44 
49 0 

RANKS: 1 -1 0 1 0
EVENT23: 1169 4a4ea5_4a5137_4a51d4_45e1f6_4608cf_4592c8
COMP 51-0: 4a4ea5_4a5137_4a51d4_45e1db_4608cf_4592c8 (1 8.00 0 8.00 0 8.00){0.00 0.00 0.00 0.00 3.20 0}{3.20 0.00 0.00 0.00 6.40 0}{6.40 8.00 8.00 8.00 9.60 1}{9.60 0.00 0.00 0.00 12.80 0}{12.80 0.00 0.00 0.00 16.00 0}
11 1 
12 21 
49 0 

RANKS: 1 -1 0 1 0
EVENT24: 1169 4a4ea5_4a5137_4a51d4_45e21f_4608cf_4592c8
COMP 51-0: 4a4ea5_4a5137_4a51d4_45e1f6_4608cf_4592c8 (1 9.00 0 9.00 0 9.00){0.00 0.00 0.00 0.00 3.60 0}{3.60 0.00 0.00 0.00 7.20 0}{7.20 9.00 9.00 9.00 10.80 1}{10.80 0.00 0.00 0.00 14.40 0}{14.40 0.00 0.00 0.00 18.00 0}
11 1 
12 20 
49 0 

RANKS: 1 -1 0 1 0
EVENT25: 1169 4a4ea5_4a5137_4a51d4_45e257_4608cf_4592c8
COMP 51-0: 4a4ea5_4a5137_4a51d4_45e21f_4608cf_4592c8 (1 11.00 0 11.00 0 11.00){0.00 0.00 0.00 0.00 4.40 0}{4.40 0.00 0.00 0.00 8.80 0}{8.80 11.00 11.00 11.00 13.20 1}{13.20 0.00 0.00 0.00 17.60 0}{17.60 0.00 0.00 0.00 22.00 0}
11 1 
12 21 
49 0 

RANKS: 1 -1 0 1 0
EVENT26: 1169 4a4ea5_4a5137_4a51d4_45e28e_4608cf_4592c8
COMP 51-0: 4a4ea5_4a5137_4a51d4_45e257_4608cf_4592c8 (1 9.00 0 9.00 0 9.00){0.00 0.00 0.00 0.00 3.60 0}{3.60 0.00 0.00 0.00 7.20 0}{7.20 9.00 9.00 9.00 10.80 1}{10.80 0.00 0.00 0.00 14.40 0}{14.40 0.00 0.00 0.00 18.00 0}
11 1 
12 18 
49 0 

RANKS: 1 -1 0 8 1
EVENT27: 1011 471052_47133e_4713fd_460ac3_4592c8
COMP 51-0: 471052_47133e_4713fd_45b0e2_460142_4592c8 (7 21.88 1 13.00 3 44.00){0.00 0.00 0.00 0.00 5.20 0}{5.20 0.00 0.00 0.00 10.40 0}{10.40 13.00 13.50 15.00 20.80 4}{20.80 0.00 0.00 0.00 26.00 0}{26.00 29.00 36.00 44.00 62.00 3}
COMP 51-1: 4a4ea5_4a5137_4a51d4_45e28e_4608cf_4592c8 (1 32.00 0 32.00 0 32.00){0.00 0.00 0.00 0.00 12.80 0}{12.80 0.00 0.00 0.00 25.60 0}{25.60 32.00 32.00 32.00 38.40 1}{38.40 0.00 0.00 0.00 51.20 0}{51.20 0.00 0.00 0.00 64.00 0}
10 1000 
12 1 
14 7 
19 0 

RANKS: 1 -1 0 8 1
EVENT28: 1010 470bed_470de3_470e43_460d4a_4592c8
COMP 51-0: 471052_47133e_4713fd_460ac3_4592c8 (8 1265.89 0 372.00 5 2555.00){0.00 0.00 0.00 0.00 297.60 0}{297.60 372.00 372.00 372.00 446.40 1}{446.40 585.00 585.00 585.00 744.00 1}{744.00 867.00 1501.80 2156.00 2254.00 5}{2254.00 2555.00 2555.00 2555.00 2856.00 1}
10 1000 

RANKS: 1 -1 0 8 1
EVENT29: 1171 491686_491ab6_491b7b_46a744_46a481_460e5a_4592c8
COMP 51-0: 470bed_470de3_470e43_460d4a_4592c8 (8 50.22 7 29.00 5 68.00){0.00 0.00 0.00 0.00 25.60 0}{25.60 29.00 33.25 35.00 51.20 4}{51.20 61.00 63.75 68.00 76.80 4}{76.80 0.00 0.00 0.00 102.40 0}{102.40 0.00 0.00 0.00 128.00 0}
COMM 51-0: 470bed_470de3_470e43_460d4a_4592c8 (8 17857.33 2 9125.00 5 26952.00){0.00 0.00 0.00 0.00 9052.00 0}{9052.00 9125.00 11966.50 17564.00 18104.00 4}{18104.00 20003.00 22555.00 26952.00 27156.00 4}{27156.00 0.00 0.00 0.00 36208.00 0}{36208.00 0.00 0.00 0.00 45260.00 0}
10 1 
3a :chunk.dat.(-1 0 8 1)  
3b 41 
3c 1000 
52 29963 

RANKS: 1 -1 0 1 0
EVENT30: 1169 4a4ea5_4a5137_4a51d4_460f96_4592c8
COMP 51-0: 491686_491ab6_491b7b_46a744_46a481_460e5a_4592c8 (1 88.00 0 88.00 0 88.00){0.00 0.00 0.00 0.00 35.20 0}{35.20 0.00 0.00 0.00 70.40 0}{70.40 88.00 88.00 88.00 105.60 1}{105.60 0.00 0.00 0.00 140.80 0}{140.80 0.00 0.00 0.00 176.00 0}
11 1 
12 35 
49 0 

RANKS: 1 -1 0 8 1
EVENT31: 1173 49278e_492ab2_492b93_46b5b6_465436_460ff4_4592c8
COMP 51-0: 491686_491ab6_491b7b_46a744_46a481_460e5a_4592c8 (7 612.38 5 564.00 7 693.00){0.00 0.00 0.00 0.00 249.20 0}{249.20 0.00 0.00 0.00 498.40 0}{498.40 564.00 610.86 693.00 747.60 7}{747.60 0.00 0.00 0.00 996.80 0}{996.80 0.00 0.00 0.00 1246.00 0}
COMP 51-1: 49278e_492ab2_492b93_46b5b6_465436_460ff4_4592c8 (120 39.94 5 28.00 3 86.00){0.00 0.00 0.00 0.00 15.60 0}{15.60 28.00 29.44 31.00 31.20 9}{31.20 36.00 38.22 43.00 46.80 102}{46.80 57.00 68.12 75.00 78.00 8}{78.00 86.00 86.00 86.00 94.00 1}
COMP 51-2: 4a4ea5_4a5137_4a51d4_460f96_4592c8 (1 943.00 0 943.00 0 943.00){0.00 0.00 0.00 0.00 377.20 0}{377.20 0.00 0.00 0.00 754.40 0}{754.40 943.00 943.00 943.00 1131.60 1}{1131.60 0.00 0.00 0.00 1508.80 0}{1508.80 0.00 0.00 0.00 1886.00 0}
LOOP0: iter: ( 16 )[ 1 -1 0 8 1 ] mem: ( 1 )[ 1 -1 0 8 1 ]
12 131072 
14 12 
3c 1000 
3d 0 131072 262144 393216 524288 655360 786432 917504 1048576 1179648 1310720 1441792 1572864 1703936 1835008 1966080 

RANKS: 1 -1 0 8 1
EVENT32: 1183 496b2e_496d6d_496dcd_46b6dc_461140_4592c8
COMP 51-0: 49278e_492ab2_492b93_46b5b6_465436_460ff4_4592c8 (8 128.89 5 53.00 3 284.00){0.00 0.00 0.00 0.00 22.40 0}{22.40 0.00 0.00 0.00 44.80 0}{44.80 53.00 54.50 56.00 112.00 2}{112.00 116.00 130.75 145.00 148.00 4}{148.00 188.00 236.00 284.00 420.00 2}
3c 1000 
52 183397 

RANKS: 1 -1 0 8 1
EVENT33: 1010 470bed_470de3_470e43_4612a4_4592c8
COMP 51-0: 496b2e_496d6d_496dcd_46b6dc_461140_4592c8 (8 21.44 0 11.00 7 28.00){0.00 0.00 0.00 0.00 4.40 0}{4.40 0.00 0.00 0.00 8.80 0}{8.80 11.00 11.50 12.00 17.60 2}{17.60 0.00 0.00 0.00 22.00 0}{22.00 25.00 26.50 28.00 34.00 6}
10 1000 

RANKS: 1 -1 0 8 1
EVENT34: 1171 491686_491ab6_491b7b_46be3a_461465_4592c8
COMP 51-0: 470bed_470de3_470e43_4612a4_4592c8 (8 24.56 5 11.00 3 41.00){0.00 0.00 0.00 0.00 4.80 0}{4.80 0.00 0.00 0.00 9.60 0}{9.60 11.00 11.50 12.00 24.00 2}{24.00 27.00 29.00 30.00 34.00 5}{34.00 41.00 41.00 41.00 48.00 1}
COMM 51-0: 470bed_470de3_470e43_4612a4_4592c8 (8 21473.44 3 17655.00 5 22732.00){0.00 0.00 0.00 0.00 8998.40 0}{8998.40 17655.00 17679.50 17704.00 17996.80 2}{17996.80 22364.00 22567.67 22732.00 26995.20 6}{26995.20 0.00 0.00 0.00 35993.60 0}{35993.60 0.00 0.00 0.00 44992.00 0}
10 1000 
3a :chunk.dat.(-1 0 8 1)  
3b 2 
3c 1001 
52 28596 

RANKS: 1 -1 0 8 1
EVENT35: 1183 496b2e_496d6d_496dcd_46bfdd_461465_4592c8
COMP 51-0: 491686_491ab6_491b7b_46be3a_461465_4592c8 (8 1334.11 1 968.00 3 1545.00){0.00 0.00 0.00 0.00 617.60 0}{617.60 968.00 1097.50 1182.00 1235.20 4}{1235.20 1449.00 1518.25 1545.00 1852.80 4}{1852.80 0.00 0.00 0.00 2470.40 0}{2470.40 0.00 0.00 0.00 3088.00 0}
3c 1001 
52 1713 

RANKS: 1 -1 0 8 1
EVENT36: 1004 46e310_46e630_46e710_46c0d3_461465_4592c8
COMP 51-0: 496b2e_496d6d_496dcd_46bfdd_461465_4592c8 (8 32.00 4 15.00 7 39.00){0.00 0.00 0.00 0.00 14.80 0}{14.80 15.00 16.00 17.00 29.60 2}{29.60 34.00 36.50 39.00 44.40 6}{44.40 0.00 0.00 0.00 59.20 0}{59.20 0.00 0.00 0.00 74.00 0}
10 1000 
12 1 
14 38 
18 3 

RANKS: 1 -1 0 8 1
EVENT37: 1004 46e310_46e630_46e710_459de7_46147b_4592c8
COMP 51-0: 46e310_46e630_46e710_46c0d3_461465_4592c8 (8 27.00 2 14.00 4 40.00){0.00 0.00 0.00 0.00 10.80 0}{10.80 14.00 14.00 14.00 21.60 1}{21.60 25.00 27.00 29.00 32.40 6}{32.40 40.00 40.00 40.00 43.20 1}{43.20 0.00 0.00 0.00 54.00 0}
10 1000 
12 1 
14 38 
18 3 

RANKS: 1 -1 0 8 1
EVENT38: 1104 48214b_4824b0_4825ae_45d3dc_4614bc_4592c8
COMP 51-0: 46e310_46e630_46e710_459de7_46147b_4592c8 (8 38.89 2 22.00 3 55.00){0.00 0.00 0.00 0.00 11.20 0}{11.20 22.00 22.00 22.00 22.40 1}{22.40 28.00 28.00 28.00 33.60 1}{33.60 36.00 40.33 43.00 44.80 3}{44.80 48.00 50.33 55.00 56.00 3}
COMP 51-1: 48214b_4824b0_4825ae_45d3dc_4614bc_4592c8 (88 24.55 2 10.00 2 83.00){0.00 0.00 0.00 0.00 8.80 0}{8.80 10.00 10.10 11.00 17.60 10}{17.60 22.00 25.54 31.00 35.20 76}{35.20 38.00 38.00 38.00 44.00 1}{44.00 83.00 83.00 83.00 122.00 1}
LOOP0: iter: ( 12 )[ 1 -1 0 8 1 ] mem: ( 1 )[ 1 -1 0 8 1 ]
10 1000 
12 1 
14 10 
18 2 1 
19 0 

RANKS: 1 -1 0 8 1
EVENT39: 1010 470bed_470de3_470e43_461d7f_4592c8
COMP 51-0: 48214b_4824b0_4825ae_45d3dc_4614bc_4592c8 (8 40.67 2 20.00 3 73.00){0.00 0.00 0.00 0.00 15.20 0}{15.20 20.00 20.00 20.00 30.40 1}{30.40 37.00 39.17 41.00 45.60 6}{45.60 0.00 0.00 0.00 60.80 0}{60.80 73.00 73.00 73.00 76.00 1}
10 1000 

RANKS: 1 -1 0 8 1
EVENT40: 1171 491686_491ab6_491b7b_46a744_461e8f_4592c8
COMP 51-0: 470bed_470de3_470e43_461d7f_4592c8 (8 37.00 2 18.00 6 46.00){0.00 0.00 0.00 0.00 14.00 0}{14.00 18.00 18.00 18.00 28.00 1}{28.00 35.00 38.20 39.50 42.00 5}{42.00 43.00 44.50 46.00 56.00 2}{56.00 0.00 0.00 0.00 70.00 0}
COMM 51-0: 470bed_470de3_470e43_461d7f_4592c8 (8 16404.78 2 8307.00 3 60963.00){0.00 0.00 0.00 0.00 3743.20 0}{3743.20 0.00 0.00 0.00 7486.40 0}{7486.40 8307.00 9002.50 9526.00 14972.80 6}{14972.80 0.00 0.00 0.00 18716.00 0}{18716.00 23307.00 42135.00 60963.00 103210.00 2}
10 1 
3a :chunk.dat.(-1 0 8 1)  
3b 41 
3c 1002 
52 21956 

RANKS: 1 -1 0 1 0
EVENT41: 1169 4a4ea5_4a5137_4a51d4_462003_4592c8
COMP 51-0: 491686_491ab6_491b7b_46a744_461e8f_4592c8 (1 35.00 0 35.00 0 35.00){0.00 0.00 0.00 0.00 14.00 0}{14.00 0.00 0.00 0.00 28.00 0}{28.00 35.00 35.00 35.00 42.00 1}{42.00 0.00 0.00 0.00 56.00 0}{56.00 0.00 0.00 0.00 70.00 0}
11 1 
12 34 
49 0 

RANKS: 1 -1 0 8 1
EVENT42: 1179 4951ba_4954de_4955bf_46b5b6_46551c_462061_4592c8
COMP 51-0: 491686_491ab6_491b7b_46a744_461e8f_4592c8 (7 496.12 2 269.00 5 658.00){0.00 0.00 0.00 0.00 216.40 0}{216.40 269.00 273.50 278.00 432.80 2}{432.80 538.00 555.75 583.00 649.20 4}{649.20 658.00 658.00 658.00 865.60 1}{865.60 0.00 0.00 0.00 1082.00 0}
COMP 51-1: 4951ba_4954de_4955bf_46b5b6_46551c_462061_4592c8 (120 43.12 3 36.00 4 198.00){0.00 0.00 0.00 0.00 31.20 0}{31.20 36.00 39.92 56.00 62.40 114}{62.40 65.00 72.50 78.00 93.60 4}{93.60 100.00 100.00 100.00 156.00 1}{156.00 198.00 198.00 198.00 240.00 1}
COMP 51-2: 4a4ea5_4a5137_4a51d4_462003_4592c8 (1 647.00 0 647.00 0 647.00){0.00 0.00 0.00 0.00 258.80 0}{258.80 0.00 0.00 0.00 517.60 0}{517.60 647.00 647.00 647.00 776.40 1}{776.40 0.00 0.00 0.00 1035.20 0}{1035.20 0.00 0.00 0.00 1294.00 0}
LOOP0: iter: ( 16 )[ 1 -1 0 8 1 ] mem: ( 1 )[ 1 -1 0 8 1 ]
12 131072 
14 12 
3c 1002 
3d 0 131072 262144 393216 524288 655360 786432 917504 1048576 1179648 1310720 1441792 1572864 1703936 1835008 1966080 

RANKS: 1 -1 0 8 1
EVENT43: 1183 496b2e_496d6d_496dcd_46b6dc_4621ad_4592c8
COMP 51-0: 4951ba_4954de_4955bf_46b5b6_46551c_462061_4592c8 (8 137.44 3 113.00 7 168.00){0.00 0.00 0.00 0.00 58.00 0}{58.00 113.00 113.00 113.00 116.00 1}{116.00 122.00 139.86 168.00 174.00 7}{174.00 0.00 0.00 0.00 232.00 0}{232.00 0.00 0.00 0.00 290.00 0}
3c 1002 
52 648084 

RANKS: 1 -1 0 8 1
EVENT44: 1171 491686_491ab6_491b7b_46be3a_462211_4592c8
COMP 51-0: 496b2e_496d6d_496dcd_46b6dc_4621ad_4592c8 (8 28.22 7 27.00 0 29.00){0.00 0.00 0.00 0.00 11.60 0}{11.60 0.00 0.00 0.00 23.20 0}{23.20 27.00 28.12 29.00 34.80 8}{34.80 0.00 0.00 0.00 46.40 0}{46.40 0.00 0.00 0.00 58.00 0}
COMM 51-0: 496b2e_496d6d_496dcd_46b6dc_4621ad_4592c8 (8 33404.89 3 22801.00 1 43889.00){0.00 0.00 0.00 0.00 13106.80 0}{13106.80 22801.00 23837.50 24874.00 26213.60 2}{26213.60 26232.00 30725.33 33177.00 39320.40 3}{39320.40 40263.00 42675.33 43889.00 52427.20 3}{52427.20 0.00 0.00 0.00 65534.00 0}
10 1000 
3a :chunk.dat.(-1 0 8 1)  
3b 2 
3c 1003 
52 33648 

RANKS: 1 -1 0 8 1
EVENT45: 1183 496b2e_496d6d_496dcd_46bfdd_462211_4592c8
COMP 51-0: 491686_491ab6_491b7b_46be3a_462211_4592c8 (8 1645.67 5 1494.00 6 1949.00){0.00 0.00 0.00 0.00 607.60 0}{607.60 0.00 0.00 0.00 1215.20 0}{1215.20 1494.00 1620.43 1811.00 1822.80 7}{1822.80 1949.00 1949.00 1949.00 2430.40 1}{2430.40 0.00 0.00 0.00 3038.00 0}
3c 1003 
52 2090 

RANKS: 1 -1 0 8 1
EVENT46: 1004 46e310_46e630_46e710_46c0d3_462211_4592c8
COMP 51-0: 496b2e_496d6d_496dcd_46bfdd_462211_4592c8 (8 27.00 6 25.00 0 28.00){0.00 0.00 0.00 0.00 11.20 0}{11.20 0.00 0.00 0.00 22.40 0}{22.40 25.00 26.88 28.00 33.60 8}{33.60 0.00 0.00 0.00 44.80 0}{44.80 0.00 0.00 0.00 56.00 0}
10 1000 
12 1 
14 38 
18 3 

RANKS: 1 -1 0 8 1
EVENT47: 1004 46e310_46e630_46e710_459de7_462227_4592c8
COMP 51-0: 46e310_46e630_46e710_46c0d3_462211_4592c8 (8 24.89 6 23.00 6 27.00){0.00 0.00 0.00 0.00 9.60 0}{9.60 0.00 0.00 0.00 19.20 0}{19.20 23.00 25.00 27.00 28.80 8}{28.80 0.00 0.00 0.00 38.40 0}{38.40 0.00 0.00 0.00 48.00 0}
10 1000 
12 1 
14 38 
18 3 

RANKS: 1 -1 0 8 1
EVENT48: 1104 48214b_4824b0_4825ae_45d3dc_462268_4592c8
COMP 51-0: 46e310_46e630_46e710_459de7_462227_4592c8 (8 26.89 7 25.00 0 29.00){0.00 0.00 0.00 0.00 11.60 0}{11.60 0.00 0.00 0.00 23.20 0}{23.20 25.00 26.62 29.00 34.80 8}{34.80 0.00 0.00 0.00 46.40 0}{46.40 0.00 0.00 0.00 58.00 0}
COMP 51-1: 48214b_4824b0_4825ae_45d3dc_462268_4592c8 (88 28.52 3 23.00 6 131.00){0.00 0.00 0.00 0.00 15.20 0}{15.20 23.00 25.46 28.00 30.40 79}{30.40 36.00 37.80 43.00 45.60 5}{45.60 55.00 56.33 57.00 76.00 3}{76.00 131.00 131.00 131.00 186.00 1}
LOOP0: iter: ( 12 )[ 1 -1 0 8 1 ] mem: ( 1 )[ 1 -1 0 8 1 ]
10 1000 
12 1 
14 10 
18 2 1 
19 0 

RANKS: 1 -1 0 8 1
EVENT49: 1010 470bed_470de3_470e43_462676_4592c8
COMP 51-0: 48214b_4824b0_4825ae_45d3dc_462268_4592c8 (8 25.56 1 25.00 4 27.00){0.00 0.00 0.00 0.00 10.40 0}{10.40 0.00 0.00 0.00 20.80 0}{20.80 25.00 25.50 27.00 31.20 8}{31.20 0.00 0.00 0.00 41.60 0}{41.60 0.00 0.00 0.00 52.00 0}
10 1000 

RANKS: 1 -1 0 8 1
EVENT50: 1184 497051_4972e3_497353_46b9a3_45db0a_462786_4592c8
COMP 51-0: 470bed_470de3_470e43_462676_4592c8 (8 76.78 4 51.00 7 180.00){0.00 0.00 0.00 0.00 27.20 0}{27.20 51.00 51.00 51.00 54.40 1}{54.40 61.00 65.33 68.00 108.80 6}{108.80 0.00 0.00 0.00 136.00 0}{136.00 180.00 180.00 180.00 224.00 1}
3a :chunk.dat.(-1 0 8 1)  

RANKS: 1 -1 0 8 1
EVENT51: 1010 470bed_470de3_470e43_4627a3_4592c8
COMP 51-0: 497051_4972e3_497353_46b9a3_45db0a_462786_4592c8 (8 29.56 2 12.00 7 51.00){0.00 12.00 12.00 12.00 14.80 2}{14.80 18.00 21.00 24.00 29.60 2}{29.60 35.00 37.33 40.00 44.40 3}{44.40 51.00 51.00 51.00 59.20 1}{59.20 0.00 0.00 0.00 74.00 0}
10 1000 

RANKS: 1 -1 0 1 0
EVENT52: 1169 4a4ea5_4a5137_4a51d4_45f333_4628d3_4592c8
COMP 51-0: 470bed_470de3_470e43_4627a3_4592c8 (1 63.00 0 63.00 0 63.00){0.00 0.00 0.00 0.00 25.20 0}{25.20 0.00 0.00 0.00 50.40 0}{50.40 63.00 63.00 63.00 75.60 1}{75.60 0.00 0.00 0.00 100.80 0}{100.80 0.00 0.00 0.00 126.00 0}
11 1 
12 109 
49 0 

RANKS: 1 -1 0 1 0
EVENT53: 1169 4a4ea5_4a5137_4a51d4_45f358_4628d3_4592c8
COMP 51-0: 4a4ea5_4a5137_4a51d4_45f333_4628d3_4592c8 (1 34.00 0 34.00 0 34.00){0.00 0.00 0.00 0.00 13.60 0}{13.60 0.00 0.00 0.00 27.20 0}{27.20 34.00 34.00 34.00 40.80 1}{40.80 0.00 0.00 0.00 54.40 0}{54.40 0.00 0.00 0.00 68.00 0}
11 1 
12 87 
49 0 

RANKS: 1 -1 0 1 0
EVENT54: 1169 4a4ea5_4a5137_4a51d4_45f384_4628d3_4592c8
COMP 51-0: 4a4ea5_4a5137_4a51d4_45f358_4628d3_4592c8 (1 27.00 0 27.00 0 27.00){0.00 0.00 0.00 0.00 10.80 0}{10.80 0.00 0.00 0.00 21.60 0}{21.60 27.00 27.00 27.00 32.40 1}{32.40 0.00 0.00 0.00 43.20 0}{43.20 0.00 0.00 0.00 54.00 0}
11 1 
12 108 
49 0 

RANKS: 1 -1 0 1 0
EVENT55: 1169 4a4ea5_4a5137_4a51d4_45f764_4628d3_4592c8
COMP 51-0: 4a4ea5_4a5137_4a51d4_45f384_4628d3_4592c8 (1 81.00 0 81.00 0 81.00){0.00 0.00 0.00 0.00 32.40 0}{32.40 0.00 0.00 0.00 64.80 0}{64.80 81.00 81.00 81.00 97.20 1}{97.20 0.00 0.00 0.00 129.60 0}{129.60 0.00 0.00 0.00 162.00 0}
11 1 
12 6 
49 0 

RANKS: 1 -1 0 1 0
EVENT56: 1169 4a4ea5_4a5137_4a51d4_45fb4a_4628d3_4592c8
COMP 51-0: 4a4ea5_4a5137_4a51d4_45f764_4628d3_4592c8 (1 64.00 0 64.00 0 64.00){0.00 0.00 0.00 0.00 25.60 0}{25.60 0.00 0.00 0.00 51.20 0}{51.20 64.00 64.00 64.00 76.80 1}{76.80 0.00 0.00 0.00 102.40 0}{102.40 0.00 0.00 0.00 128.00 0}
11 1 
12 6 
49 0 

RANKS: 1 -1 0 8 1
EVENT57: 1028 474931_474af2_474b52_4628dd_4592c8
COMP 51-0: 470bed_470de3_470e43_4627a3_4592c8 (7 66.12 2 35.00 6 92.00){0.00 0.00 0.00 0.00 26.80 0}{26.80 35.00 35.00 35.00 53.60 2}{53.60 67.00 71.67 75.00 80.40 3}{80.40 85.00 88.50 92.00 107.20 2}{107.20 0.00 0.00 0.00 134.00 0}
COMP 51-1: 4a4ea5_4a5137_4a51d4_45fb4a_4628d3_4592c8 (1 63.00 0 63.00 0 63.00){0.00 0.00 0.00 0.00 25.20 0}{25.20 0.00 0.00 0.00 50.40 0}{50.40 63.00 63.00 63.00 75.60 1}{75.60 0.00 0.00 0.00 100.80 0}{100.80 0.00 0.00 0.00 126.00 0}
10 1000 

RANKS: 1 -1 0 8 1
EVENT58: 1010 470bed_470de3_470e43_462a58_4592c8
COMP 51-0: 474931_474af2_474b52_4628dd_4592c8 (8 24.00 4 11.00 0 29.00){0.00 11.00 11.00 11.00 11.60 1}{11.60 12.00 12.00 12.00 23.20 1}{23.20 25.00 27.33 29.00 34.80 6}{34.80 0.00 0.00 0.00 46.40 0}{46.40 0.00 0.00 0.00 58.00 0}
10 2 

RANKS: 1 -1 0 8 1
EVENT59: 1045 476acc_476b3d_476b81_4593a5
COMP 51-0: 470bed_470de3_470e43_462a58_4592c8 (8 159.00 0 139.00 1 194.00){0.00 0.00 0.00 0.00 55.60 0}{55.60 0.00 0.00 0.00 111.20 0}{111.20 139.00 144.25 151.00 166.80 4}{166.80 169.00 178.75 194.00 222.40 4}{222.40 0.00 0.00 0.00 278.00 0}
52 35864 

