RANKS: 1 -1 0 24 1
EVENT0: 1084 47cb68_47cc13_47cc5f_458f9f
33 2 
34 0 

RANKS: 1 -1 0 1 0
EVENT1: 1102 4810ba_481457_481550_45ae8b_45db7f_459218
COMP 51-0: 47cb68_47cc13_47cc5f_458f9f (1 81.00 0 81.00 0 81.00){0.00 0.00 0.00 0.00 32.40 0}{32.40 0.00 0.00 0.00 64.80 0}{64.80 81.00 81.00 81.00 97.20 1}{97.20 0.00 0.00 0.00 129.60 0}{129.60 0.00 0.00 0.00 162.00 0}
COMP 51-1: 4810ba_481457_481550_45ae8b_45db7f_459218 (22 11.35 0 9.00 0 18.00){0.00 0.00 0.00 0.00 7.20 0}{7.20 9.00 10.45 12.00 14.40 20}{14.40 16.00 17.00 18.00 21.60 2}{21.60 0.00 0.00 0.00 28.80 0}{28.80 0.00 0.00 0.00 36.00 0}
LOOP0: iter: ( 23 )[ 1 -1 0 1 0 ] mem: ( 1 )[ 1 -1 0 1 0 ]
10 2 
12 1024 
14 1 
1b 0 
2b 2147483647 

RANKS: 1 -1 1 23 1
EVENT2: 1113 485d8d_4860ce_4861a5_45afe1_45db7f_459218
COMP 51-0: 47cb68_47cc13_47cc5f_458f9f (23 69.17 3 39.00 2 329.00){0.00 0.00 0.00 0.00 37.60 0}{37.60 39.00 52.30 61.86 75.20 20}{75.20 79.00 79.00 79.00 94.00 1}{94.00 159.00 159.00 159.00 224.00 1}{224.00 329.00 329.00 329.00 434.00 1}
10 2 
12 1024 
14 1 
1a ( 23 )[ 1 -1 1 1 0 ]
1a ( 21 )[ 1 -1 3 1 0 ]
1a ( 17 )[ 1 -1 7 1 0 ]
1a ( 9 )[ 1 -1 15 1 0 ]
1a ( 1 )[ 1 -1 23 1 0 ]
1a ( 13 )[ 1 -1 11 1 0 ]
1a ( 5 )[ 1 -1 19 1 0 ]
1a ( 19 )[ 1 -1 5 1 0 ]
1a ( 15 )[ 1 -1 9 1 0 ]
1a ( 7 )[ 1 -1 17 1 0 ]
1a ( 11 )[ 1 -1 13 1 0 ]
1a ( 3 )[ 1 -1 21 1 0 ]
1a ( 22 )[ 1 -1 2 1 0 ]
1a ( 20 )[ 1 -1 4 1 0 ]
1a ( 16 )[ 1 -1 8 1 0 ]
1a ( 8 )[ 1 -1 16 1 0 ]
1a ( 12 )[ 1 -1 12 1 0 ]
1a ( 4 )[ 1 -1 20 1 0 ]
1a ( 18 )[ 1 -1 6 1 0 ]
1a ( 14 )[ 1 -1 10 1 0 ]
1a ( 6 )[ 1 -1 18 1 0 ]
1a ( 10 )[ 1 -1 14 1 0 ]
1a ( 2 )[ 1 -1 22 1 0 ]
1b 0 

RANKS: 1 -1 0 24 1
EVENT3: 1011 471052_47133e_4713fd_45b0e2_45db7f_459218
COMP 51-0: 4810ba_481457_481550_45ae8b_45db7f_459218 (1 15.00 0 15.00 0 15.00){0.00 0.00 0.00 0.00 6.00 0}{6.00 0.00 0.00 0.00 12.00 0}{12.00 15.00 15.00 15.00 18.00 1}{18.00 0.00 0.00 0.00 24.00 0}{24.00 0.00 0.00 0.00 30.00 0}
COMP 51-1: 485d8d_4860ce_4861a5_45afe1_45db7f_459218 (23 87.29 3 14.00 13 1686.00){0.00 0.00 0.00 0.00 6.00 0}{6.00 0.00 0.00 0.00 12.00 0}{12.00 14.00 15.17 17.00 18.00 12}{18.00 19.00 21.20 26.00 30.00 10}{30.00 1686.00 1686.00 1686.00 3342.00 1}
10 2 
12 1 
14 3 
19 0 

RANKS: 1 -1 0 24 1
EVENT4: 1167 4a4646_4a4872_4a48cc_468bac_468df4_45db91_459218
COMP 51-0: 471052_47133e_4713fd_45b0e2_45db7f_459218 (24 2873.96 14 1646.00 5 6292.00){0.00 0.00 0.00 0.00 1024.40 0}{1024.40 1646.00 1843.60 2017.00 2048.80 5}{2048.80 2355.60 2637.15 2896.60 3073.20 13}{3073.20 3247.00 3380.75 3631.00 5122.00 4}{5122.00 5972.00 6132.00 6292.00 7462.00 2}
49 0 
52 233155 

RANKS: 1 -1 0 24 1
EVENT5: 1011 471052_47133e_4713fd_45b7a0_45dba2_459218
COMP 51-0: 4a4646_4a4872_4a48cc_468bac_468df4_45db91_459218 (24 15.08 3 11.00 23 31.00){0.00 0.00 0.00 0.00 7.20 0}{7.20 11.00 13.33 14.00 14.40 12}{14.40 14.88 15.27 18.00 21.60 11}{21.60 0.00 0.00 0.00 28.80 0}{28.80 31.00 31.00 31.00 36.00 1}
10 2 
12 4 
14 12 
19 0 

RANKS: 1 -1 0 24 1
EVENT6: 1010 470bed_470de3_470e43_462b44_45dbc8_459218
COMP 51-0: 471052_47133e_4713fd_45b7a0_45dba2_459218 (24 32.52 3 20.00 23 44.00){0.00 0.00 0.00 0.00 14.00 0}{14.00 20.00 23.17 25.00 28.00 6}{28.00 30.75 35.00 42.00 42.00 17}{42.00 44.00 44.00 44.00 56.00 1}{56.00 0.00 0.00 0.00 70.00 0}
10 2 

RANKS: 1 -1 0 24 1
EVENT7: 1104 48214b_4824b0_4825ae_462c42_45dbc8_459218
COMP 51-0: 470bed_470de3_470e43_462b44_45dbc8_459218 (24 21.76 21 18.00 10 26.00){0.00 0.00 0.00 0.00 8.80 0}{8.80 0.00 0.00 0.00 17.60 0}{17.60 18.00 21.75 26.00 26.40 24}{26.40 0.00 0.00 0.00 35.20 0}{35.20 0.00 0.00 0.00 44.00 0}
10 2 
12 1 
14 10 
18 2 
19 0 

RANKS: 1 -1 0 24 1
EVENT8: 1104 48214b_4824b0_4825ae_462d4c_45dbc8_459218
COMP 51-0: 48214b_4824b0_4825ae_462c42_45dbc8_459218 (24 9.36 21 8.00 10 12.00){0.00 0.00 0.00 0.00 4.00 0}{4.00 8.00 8.00 8.00 8.00 1}{8.00 9.00 9.39 12.00 12.00 23}{12.00 0.00 0.00 0.00 16.00 0}{16.00 0.00 0.00 0.00 20.00 0}
10 2 
12 1 
14 10 
18 1 
19 0 

RANKS: 1 -1 0 24 1
EVENT9: 1011 471052_47133e_4713fd_462e50_45dbc8_459218
COMP 51-0: 48214b_4824b0_4825ae_462d4c_45dbc8_459218 (24 10.20 3 9.00 1 12.00){0.00 0.00 0.00 0.00 4.00 0}{4.00 0.00 0.00 0.00 8.00 0}{8.00 9.00 10.21 12.00 12.00 24}{12.00 0.00 0.00 0.00 16.00 0}{16.00 0.00 0.00 0.00 20.00 0}
10 2 
12 1 
14 10 
19 0 

RANKS: 1 -1 0 24 1
EVENT10: 1011 471052_47133e_4713fd_4675bc_45dbe2_459218
COMP 51-0: 471052_47133e_4713fd_462e50_45dbc8_459218 (24 11.64 12 9.00 7 18.00){0.00 0.00 0.00 0.00 4.80 0}{4.80 9.00 9.00 9.00 9.60 3}{9.60 10.00 11.53 13.00 14.40 19}{14.40 15.00 16.50 18.00 19.20 2}{19.20 0.00 0.00 0.00 24.00 0}
10 2 
12 1 
14 3 
19 0 

RANKS: 1 -1 0 1 0
EVENT11: 1169 4a4ea5_4a5137_4a51d4_45dd54_4592a1
COMP 51-0: 471052_47133e_4713fd_4675bc_45dbe2_459218 (1 339.00 0 339.00 0 339.00){0.00 0.00 0.00 0.00 135.60 0}{135.60 0.00 0.00 0.00 271.20 0}{271.20 339.00 339.00 339.00 406.80 1}{406.80 0.00 0.00 0.00 542.40 0}{542.40 0.00 0.00 0.00 678.00 0}
11 1 
12 18 
49 0 

RANKS: 1 -1 0 24 1
EVENT12: 1030 474d46_474f75_474fe5_45fced_4592c8
COMP 51-0: 471052_47133e_4713fd_4675bc_45dbe2_459218 (23 19.21 3 17.00 8 22.00){0.00 0.00 0.00 0.00 8.40 0}{8.40 0.00 0.00 0.00 16.80 0}{16.80 17.00 19.13 22.00 25.20 23}{25.20 0.00 0.00 0.00 33.60 0}{33.60 0.00 0.00 0.00 42.00 0}
COMP 51-1: 4a4ea5_4a5137_4a51d4_45dd54_4592a1 (1 1852.00 0 1852.00 0 1852.00){0.00 0.00 0.00 0.00 740.80 0}{740.80 0.00 0.00 0.00 1481.60 0}{1481.60 1852.00 1852.00 1852.00 2222.40 1}{2222.40 0.00 0.00 0.00 2963.20 0}{2963.20 0.00 0.00 0.00 3704.00 0}
10 2 

RANKS: 1 -1 0 24 1
EVENT13: 1066 47b541_47b880_47b91f_45fdf8_4592c8
COMP 51-0: 474d46_474f75_474fe5_45fced_4592c8 (24 15.76 16 11.00 5 25.00){0.00 0.00 0.00 0.00 4.80 0}{4.80 0.00 0.00 0.00 9.60 0}{9.60 11.00 12.00 13.00 14.40 5}{14.40 14.50 16.50 22.00 24.00 18}{24.00 25.00 25.00 25.00 26.00 1}
b 0 23 1 
12 1 
21 1000 

RANKS: 1 -1 0 24 1
EVENT14: 1026 473ecc_47414c_4741cf_45fede_4592c8
COMP 51-0: 47b541_47b880_47b91f_45fdf8_4592c8 (24 11.56 3 9.00 2 17.00){0.00 0.00 0.00 0.00 5.60 0}{5.60 9.00 10.33 11.00 11.20 12}{11.20 11.29 12.18 14.00 16.80 11}{16.80 17.00 17.00 17.00 22.40 1}{22.40 0.00 0.00 0.00 28.00 0}
10 2 
21 1001 

RANKS: 1 -1 0 1 0
EVENT15: 1102 4810ba_481457_481550_45ae8b_460142_4592c8
COMP 51-0: 473ecc_47414c_4741cf_45fede_4592c8 (1 26.00 0 26.00 0 26.00){0.00 0.00 0.00 0.00 10.40 0}{10.40 0.00 0.00 0.00 20.80 0}{20.80 26.00 26.00 26.00 31.20 1}{31.20 0.00 0.00 0.00 41.60 0}{41.60 0.00 0.00 0.00 52.00 0}
COMP 51-1: 4810ba_481457_481550_45ae8b_460142_4592c8 (22 9.87 0 9.00 0 11.00){0.00 0.00 0.00 0.00 3.60 0}{3.60 0.00 0.00 0.00 7.20 0}{7.20 9.00 9.74 10.00 10.80 19}{10.80 11.00 11.00 11.00 14.40 3}{14.40 0.00 0.00 0.00 18.00 0}
LOOP0: iter: ( 23 )[ 1 -1 0 1 0 ] mem: ( 1 )[ 1 -1 0 1 0 ]
10 1000 
12 1024 
14 1 
1b 0 
2b 2147483647 

RANKS: 1 -1 1 23 1
EVENT16: 1113 485d8d_4860ce_4861a5_45afe1_460142_4592c8
COMP 51-0: 473ecc_47414c_4741cf_45fede_4592c8 (23 37.83 21 15.00 2 81.00){0.00 15.00 18.81 24.00 32.00 16}{32.00 62.00 62.00 62.00 64.00 1}{64.00 73.00 77.50 81.00 96.00 6}{96.00 0.00 0.00 0.00 128.00 0}{128.00 0.00 0.00 0.00 160.00 0}
10 1000 
12 1024 
14 1 
1a ( 23 )[ 1 -1 1 1 0 ]
1a ( 21 )[ 1 -1 3 1 0 ]
1a ( 17 )[ 1 -1 7 1 0 ]
1a ( 9 )[ 1 -1 15 1 0 ]
1a ( 1 )[ 1 -1 23 1 0 ]
1a ( 13 )[ 1 -1 11 1 0 ]
1a ( 5 )[ 1 -1 19 1 0 ]
1a ( 19 )[ 1 -1 5 1 0 ]
1a ( 15 )[ 1 -1 9 1 0 ]
1a ( 7 )[ 1 -1 17 1 0 ]
1a ( 11 )[ 1 -1 13 1 0 ]
1a ( 3 )[ 1 -1 21 1 0 ]
1a ( 22 )[ 1 -1 2 1 0 ]
1a ( 20 )[ 1 -1 4 1 0 ]
1a ( 16 )[ 1 -1 8 1 0 ]
1a ( 8 )[ 1 -1 16 1 0 ]
1a ( 12 )[ 1 -1 12 1 0 ]
1a ( 4 )[ 1 -1 20 1 0 ]
1a ( 18 )[ 1 -1 6 1 0 ]
1a ( 14 )[ 1 -1 10 1 0 ]
1a ( 6 )[ 1 -1 18 1 0 ]
1a ( 10 )[ 1 -1 14 1 0 ]
1a ( 2 )[ 1 -1 22 1 0 ]
1b 0 

RANKS: 1 -1 0 24 1
EVENT17: 1011 471052_47133e_4713fd_45b0e2_460142_4592c8
COMP 51-0: 4810ba_481457_481550_45ae8b_460142_4592c8 (1 10.00 0 10.00 0 10.00){0.00 0.00 0.00 0.00 4.00 0}{4.00 0.00 0.00 0.00 8.00 0}{8.00 10.00 10.00 10.00 12.00 1}{12.00 0.00 0.00 0.00 16.00 0}{16.00 0.00 0.00 0.00 20.00 0}
COMP 51-1: 485d8d_4860ce_4861a5_45afe1_460142_4592c8 (23 10.96 1 9.00 4 14.00){0.00 0.00 0.00 0.00 3.60 0}{3.60 0.00 0.00 0.00 7.20 0}{7.20 9.00 9.64 10.67 10.80 11}{10.80 11.67 12.33 14.00 14.40 12}{14.40 0.00 0.00 0.00 18.00 0}
10 1000 
12 1 
14 3 
19 0 

RANKS: 1 -1 0 1 0
EVENT18: 1169 4a4ea5_4a5137_4a51d4_45e063_4608cf_4592c8
COMP 51-0: 471052_47133e_4713fd_45b0e2_460142_4592c8 (1 17.00 0 17.00 0 17.00){0.00 0.00 0.00 0.00 6.80 0}{6.80 0.00 0.00 0.00 13.60 0}{13.60 17.00 17.00 17.00 20.40 1}{20.40 0.00 0.00 0.00 27.20 0}{27.20 0.00 0.00 0.00 34.00 0}
11 1 
12 10 
49 0 

RANKS: 1 -1 0 1 0
EVENT19: 1169 4a4ea5_4a5137_4a51d4_45e0c0_4608cf_4592c8
COMP 51-0: 4a4ea5_4a5137_4a51d4_45e063_4608cf_4592c8 (1 20.00 0 20.00 0 20.00){0.00 0.00 0.00 0.00 8.00 0}{8.00 0.00 0.00 0.00 16.00 0}{16.00 20.00 20.00 20.00 24.00 1}{24.00 0.00 0.00 0.00 32.00 0}{32.00 0.00 0.00 0.00 40.00 0}
11 1 
12 22 
49 0 

RANKS: 1 -1 0 1 0
EVENT20: 1169 4a4ea5_4a5137_4a51d4_45e0e9_4608cf_4592c8
COMP 51-0: 4a4ea5_4a5137_4a51d4_45e0c0_4608cf_4592c8 (1 9.00 0 9.00 0 9.00){0.00 0.00 0.00 0.00 3.60 0}{3.60 0.00 0.00 0.00 7.20 0}{7.20 9.00 9.00 9.00 10.80 1}{10.80 0.00 0.00 0.00 14.40 0}{14.40 0.00 0.00 0.00 18.00 0}
11 1 
12 16 
49 0 

RANKS: 1 -1 0 1 0
EVENT21: 1169 4a4ea5_4a5137_4a51d4_45e152_4608cf_4592c8
COMP 51-0: 4a4ea5_4a5137_4a51d4_45e0e9_4608cf_4592c8 (1 9.00 0 9.00 0 9.00){0.00 0.00 0.00 0.00 3.60 0}{3.60 0.00 0.00 0.00 7.20 0}{7.20 9.00 9.00 9.00 10.80 1}{10.80 0.00 0.00 0.00 14.40 0}{14.40 0.00 0.00 0.00 18.00 0}
11 1 
12 13 
49 0 

RANKS: 1 -1 0 1 0
EVENT22: 1169 4a4ea5_4a5137_4a51d4_45e1db_4608cf_4592c8
COMP 51-0: 4a4ea5_4a5137_4a51d4_45e152_4608cf_4592c8 (1 15.00 0 15.00 0 15.00){0.00 0.00 0.00 0.00 6.00 0}{6.00 0.00 0.00 0.00 12.00 0}{12.00 15.00 15.00 15.00 18.00 1}{18.00 0.00 0.00 0.00 24.00 0}{24.00 0.00 0.00 0.00 30.00 0}
11 1 
12 44 
49 0 

RANKS: 1 -1 0 1 0
EVENT23: 1169 4a4ea5_4a5137_4a51d4_45e1f6_4608cf_4592c8
COMP 51-0: 4a4ea5_4a5137_4a51d4_45e1db_4608cf_4592c8 (1 9.00 0 9.00 0 9.00){0.00 0.00 0.00 0.00 3.60 0}{3.60 0.00 0.00 0.00 7.20 0}{7.20 9.00 9.00 9.00 10.80 1}{10.80 0.00 0.00 0.00 14.40 0}{14.40 0.00 0.00 0.00 18.00 0}
11 1 
12 21 
49 0 

RANKS: 1 -1 0 1 0
EVENT24: 1169 4a4ea5_4a5137_4a51d4_45e21f_4608cf_4592c8
COMP 51-0: 4a4ea5_4a5137_4a51d4_45e1f6_4608cf_4592c8 (1 11.00 0 11.00 0 11.00){0.00 0.00 0.00 0.00 4.40 0}{4.40 0.00 0.00 0.00 8.80 0}{8.80 11.00 11.00 11.00 13.20 1}{13.20 0.00 0.00 0.00 17.60 0}{17.60 0.00 0.00 0.00 22.00 0}
11 1 
12 20 
49 0 

RANKS: 1 -1 0 1 0
EVENT25: 1169 4a4ea5_4a5137_4a51d4_45e257_4608cf_4592c8
COMP 51-0: 4a4ea5_4a5137_4a51d4_45e21f_4608cf_4592c8 (1 9.00 0 9.00 0 9.00){0.00 0.00 0.00 0.00 3.60 0}{3.60 0.00 0.00 0.00 7.20 0}{7.20 9.00 9.00 9.00 10.80 1}{10.80 0.00 0.00 0.00 14.40 0}{14.40 0.00 0.00 0.00 18.00 0}
11 1 
12 21 
49 0 

RANKS: 1 -1 0 1 0
EVENT26: 1169 4a4ea5_4a5137_4a51d4_45e28e_4608cf_4592c8
COMP 51-0: 4a4ea5_4a5137_4a51d4_45e257_4608cf_4592c8 (1 9.00 0 9.00 0 9.00){0.00 0.00 0.00 0.00 3.60 0}{3.60 0.00 0.00 0.00 7.20 0}{7.20 9.00 9.00 9.00 10.80 1}{10.80 0.00 0.00 0.00 14.40 0}{14.40 0.00 0.00 0.00 18.00 0}
11 1 
12 18 
49 0 

RANKS: 1 -1 0 24 1
EVENT27: 1011 471052_47133e_4713fd_460ac3_4592c8
COMP 51-0: 471052_47133e_4713fd_45b0e2_460142_4592c8 (23 15.33 13 11.00 14 20.00){0.00 0.00 0.00 0.00 6.40 0}{6.40 11.00 11.80 12.00 12.80 5}{12.80 15.00 16.06 17.00 19.20 17}{19.20 20.00 20.00 20.00 25.60 1}{25.60 0.00 0.00 0.00 32.00 0}
COMP 51-1: 4a4ea5_4a5137_4a51d4_45e28e_4608cf_4592c8 (1 32.00 0 32.00 0 32.00){0.00 0.00 0.00 0.00 12.80 0}{12.80 0.00 0.00 0.00 25.60 0}{25.60 32.00 32.00 32.00 38.40 1}{38.40 0.00 0.00 0.00 51.20 0}{51.20 0.00 0.00 0.00 64.00 0}
10 1000 
12 1 
14 7 
19 0 

RANKS: 1 -1 0 24 1
EVENT28: 1010 470bed_470de3_470e43_460d4a_4592c8
COMP 51-0: 471052_47133e_4713fd_460ac3_4592c8 (24 12223.96 18 1573.00 13 22909.00){0.00 1573.00 4903.75 8161.00 8885.60 8}{8885.60 9019.00 11026.80 12852.00 13328.40 5}{13328.40 13698.00 15880.33 17298.00 17771.20 6}{17771.20 19164.00 20484.25 21743.00 22214.00 4}{22214.00 22909.00 22909.00 22909.00 23604.00 1}
10 1000 

RANKS: 1 -1 0 24 1
EVENT29: 1171 491686_491ab6_491b7b_46a744_46a481_460e5a_4592c8
COMP 51-0: 470bed_470de3_470e43_460d4a_4592c8 (24 62.68 18 27.00 22 219.00){0.00 27.00 35.11 38.00 41.60 9}{41.60 43.00 54.83 69.00 83.20 12}{83.20 104.00 104.00 104.00 124.80 1}{124.80 166.00 166.00 166.00 208.00 1}{208.00 219.00 219.00 219.00 230.00 1}
COMM 51-0: 470bed_470de3_470e43_460d4a_4592c8 (24 973138.00 8 76426.00 21 1276816.00){0.00 76426.00 90668.80 108507.00 458152.40 5}{458152.40 0.00 0.00 0.00 916304.80 0}{916304.80 1145264.00 1196301.32 1276816.00 1374457.20 19}{1374457.20 0.00 0.00 0.00 1832609.60 0}{1832609.60 0.00 0.00 0.00 2290762.00 0}
10 1 
3a :/pvfs(2)/chunk.dat.(-1 0 24 1)  
3b 41 
3c 1000 
52 1013095 

RANKS: 1 -1 0 1 0
EVENT30: 1169 4a4ea5_4a5137_4a51d4_460f96_4592c8
COMP 51-0: 491686_491ab6_491b7b_46a744_46a481_460e5a_4592c8 (1 37.00 0 37.00 0 37.00){0.00 0.00 0.00 0.00 14.80 0}{14.80 0.00 0.00 0.00 29.60 0}{29.60 37.00 37.00 37.00 44.40 1}{44.40 0.00 0.00 0.00 59.20 0}{59.20 0.00 0.00 0.00 74.00 0}
11 1 
12 35 
49 0 

RANKS: 1 -1 0 24 1
EVENT31: 1173 49278e_492ab2_492b93_46b5b6_465436_460ff4_4592c8
COMP 51-0: 491686_491ab6_491b7b_46a744_46a481_460e5a_4592c8 (23 639.75 23 231.00 6 1930.00){0.00 231.00 300.50 370.00 476.00 2}{476.00 525.00 574.67 644.00 714.00 18}{714.00 784.00 784.00 784.00 952.00 1}{952.00 1100.00 1100.00 1100.00 1190.00 1}{1190.00 1930.00 1930.00 1930.00 2670.00 1}
COMP 51-1: 49278e_492ab2_492b93_46b5b6_465436_460ff4_4592c8 (360 36.55 19 12.00 11 290.00){0.00 12.00 17.27 31.00 31.20 42}{31.20 32.07 34.38 54.00 62.40 299}{62.40 63.00 71.17 74.00 78.00 6}{78.00 79.00 113.55 170.00 170.00 11}{170.00 185.00 237.50 290.00 410.00 2}
COMP 51-2: 4a4ea5_4a5137_4a51d4_460f96_4592c8 (1 653.00 0 653.00 0 653.00){0.00 0.00 0.00 0.00 261.20 0}{261.20 0.00 0.00 0.00 522.40 0}{522.40 653.00 653.00 653.00 783.60 1}{783.60 0.00 0.00 0.00 1044.80 0}{1044.80 0.00 0.00 0.00 1306.00 0}
LOOP0: iter: ( 16 )[ 1 -1 0 24 1 ] mem: ( 1 )[ 1 -1 0 24 1 ]
12 131072 
14 12 
3c 1000 
3d 0 131072 262144 393216 524288 655360 786432 917504 1048576 1179648 1310720 1441792 1572864 1703936 1835008 1966080 

RANKS: 1 -1 0 24 1
EVENT32: 1183 496b2e_496d6d_496dcd_46b6dc_461140_4592c8
COMP 51-0: 49278e_492ab2_492b93_46b5b6_465436_460ff4_4592c8 (24 98.00 2 50.00 9 167.00){0.00 50.00 54.86 56.50 57.60 7}{57.60 61.00 84.57 112.00 115.20 7}{115.20 119.00 133.00 167.00 172.80 10}{172.80 0.00 0.00 0.00 230.40 0}{230.40 0.00 0.00 0.00 288.00 0}
3c 1000 
52 467117 

RANKS: 1 -1 0 24 1
EVENT33: 1010 470bed_470de3_470e43_4612a4_4592c8
COMP 51-0: 496b2e_496d6d_496dcd_46b6dc_461140_4592c8 (24 22.72 19 10.00 3 107.00){0.00 10.00 10.00 10.00 10.40 2}{10.40 11.00 12.40 16.33 20.80 10}{20.80 24.00 25.80 29.00 31.20 10}{31.20 33.00 33.00 33.00 52.00 1}{52.00 107.00 107.00 107.00 162.00 1}
10 1000 

RANKS: 1 -1 0 24 1
EVENT34: 1171 491686_491ab6_491b7b_46be3a_461465_4592c8
COMP 51-0: 470bed_470de3_470e43_4612a4_4592c8 (24 17.32 13 11.00 2 33.00){0.00 0.00 0.00 0.00 6.80 0}{6.80 11.00 12.09 13.00 13.60 11}{13.60 16.00 17.88 20.00 20.40 8}{20.40 21.00 21.00 21.00 27.20 1}{27.20 28.00 29.75 33.00 34.00 4}
COMM 51-0: 470bed_470de3_470e43_4612a4_4592c8 (24 75584.32 2 70599.00 17 80368.00){0.00 0.00 0.00 0.00 29434.40 0}{29434.40 0.00 0.00 0.00 58868.80 0}{58868.80 70599.00 75667.58 80368.00 88303.20 24}{88303.20 0.00 0.00 0.00 117737.60 0}{117737.60 0.00 0.00 0.00 147172.00 0}
10 1000 
3a :/pvfs(2)/chunk.dat.(-1 0 24 1)  
3b 2 
3c 1001 
52 181204 

RANKS: 1 -1 0 24 1
EVENT35: 1183 496b2e_496d6d_496dcd_46bfdd_461465_4592c8
COMP 51-0: 491686_491ab6_491b7b_46be3a_461465_4592c8 (24 3181.16 0 1046.00 22 4278.00){0.00 0.00 0.00 0.00 418.40 0}{418.40 0.00 0.00 0.00 836.80 0}{836.80 1046.00 1046.00 1046.00 2092.00 1}{2092.00 2933.00 3325.41 3739.00 3774.00 22}{3774.00 4278.00 4278.00 4278.00 4782.00 1}
3c 1001 
52 3315 

RANKS: 1 -1 0 24 1
EVENT36: 1004 46e310_46e630_46e710_46c0d3_461465_4592c8
COMP 51-0: 496b2e_496d6d_496dcd_46bfdd_461465_4592c8 (24 15.64 13 12.00 17 20.00){0.00 0.00 0.00 0.00 6.80 0}{6.80 12.00 12.00 12.00 13.60 2}{13.60 14.00 15.91 20.00 20.40 22}{20.40 0.00 0.00 0.00 27.20 0}{27.20 0.00 0.00 0.00 34.00 0}
10 1000 
12 1 
14 38 
18 3 

RANKS: 1 -1 0 24 1
EVENT37: 1004 46e310_46e630_46e710_459de7_46147b_4592c8
COMP 51-0: 46e310_46e630_46e710_46c0d3_461465_4592c8 (24 10.88 1 10.00 0 13.00){0.00 0.00 0.00 0.00 5.20 0}{5.20 10.00 10.00 10.00 10.40 2}{10.40 10.56 10.86 13.00 15.60 22}{15.60 0.00 0.00 0.00 20.80 0}{20.80 0.00 0.00 0.00 26.00 0}
10 1000 
12 1 
14 38 
18 3 

RANKS: 1 -1 0 24 1
EVENT38: 1104 48214b_4824b0_4825ae_45d3dc_4614bc_4592c8
COMP 51-0: 46e310_46e630_46e710_459de7_46147b_4592c8 (24 17.12 0 12.00 17 23.00){0.00 0.00 0.00 0.00 4.80 0}{4.80 0.00 0.00 0.00 9.60 0}{9.60 12.00 13.33 14.00 14.40 3}{14.40 16.67 17.39 19.00 19.20 18}{19.20 20.00 21.00 23.00 24.00 3}
COMP 51-1: 48214b_4824b0_4825ae_45d3dc_4614bc_4592c8 (264 10.43 17 8.00 4 18.00){0.00 0.00 0.00 0.00 4.40 0}{4.40 8.00 8.00 8.00 8.80 1}{8.80 9.00 10.29 13.00 13.20 256}{13.20 14.00 15.67 17.50 17.60 6}{17.60 18.00 18.00 18.00 22.00 1}
LOOP0: iter: ( 12 )[ 1 -1 0 24 1 ] mem: ( 1 )[ 1 -1 0 24 1 ]
10 1000 
12 1 
14 10 
18 2 1 
19 0 

RANKS: 1 -1 0 24 1
EVENT39: 1010 470bed_470de3_470e43_461d7f_4592c8
COMP 51-0: 48214b_4824b0_4825ae_45d3dc_4614bc_4592c8 (24 17.76 11 14.00 22 21.00){0.00 0.00 0.00 0.00 7.20 0}{7.20 14.00 14.00 14.00 14.40 1}{14.40 15.00 17.91 21.00 21.60 23}{21.60 0.00 0.00 0.00 28.80 0}{28.80 0.00 0.00 0.00 36.00 0}
10 1000 

RANKS: 1 -1 0 24 1
EVENT40: 1171 491686_491ab6_491b7b_46a744_461e8f_4592c8
COMP 51-0: 470bed_470de3_470e43_461d7f_4592c8 (24 19.68 23 17.00 23 24.00){0.00 0.00 0.00 0.00 7.60 0}{7.60 0.00 0.00 0.00 15.20 0}{15.20 17.00 19.10 22.00 22.80 21}{22.80 24.00 24.00 24.00 30.40 3}{30.40 0.00 0.00 0.00 38.00 0}
COMM 51-0: 470bed_470de3_470e43_461d7f_4592c8 (24 129927.36 6 6588.00 21 646120.00){0.00 0.00 0.00 0.00 4328.40 0}{4328.40 6588.00 8561.27 10821.00 21642.00 15}{21642.00 211815.00 217303.00 226223.00 401988.00 5}{401988.00 424777.00 458769.67 477997.00 545082.00 3}{545082.00 646120.00 646120.00 646120.00 747158.00 1}
10 1 
3a :/pvfs(2)/chunk.dat.(-1 0 24 1)  
3b 41 
3c 1002 
52 141088 

RANKS: 1 -1 0 1 0
EVENT41: 1169 4a4ea5_4a5137_4a51d4_462003_4592c8
COMP 51-0: 491686_491ab6_491b7b_46a744_461e8f_4592c8 (1 20.00 0 20.00 0 20.00){0.00 0.00 0.00 0.00 8.00 0}{8.00 0.00 0.00 0.00 16.00 0}{16.00 20.00 20.00 20.00 24.00 1}{24.00 0.00 0.00 0.00 32.00 0}{32.00 0.00 0.00 0.00 40.00 0}
11 1 
12 34 
49 0 

RANKS: 1 -1 0 24 1
EVENT42: 1179 4951ba_4954de_4955bf_46b5b6_46551c_462061_4592c8
COMP 51-0: 491686_491ab6_491b7b_46a744_461e8f_4592c8 (23 348.96 4 212.00 20 575.00){0.00 0.00 0.00 0.00 92.00 0}{92.00 0.00 0.00 0.00 184.00 0}{184.00 212.00 234.00 257.00 368.00 14}{368.00 0.00 0.00 0.00 460.00 0}{460.00 491.00 541.00 575.00 656.00 9}
COMP 51-1: 4951ba_4954de_4955bf_46b5b6_46551c_462061_4592c8 (360 33.37 0 13.00 4 263.00){0.00 13.00 16.01 16.20 26.00 100}{26.00 27.00 37.83 58.00 58.00 251}{58.00 61.00 74.20 80.00 88.00 5}{88.00 99.00 100.67 101.50 110.00 3}{110.00 263.00 263.00 263.00 416.00 1}
COMP 51-2: 4a4ea5_4a5137_4a51d4_462003_4592c8 (1 352.00 0 352.00 0 352.00){0.00 0.00 0.00 0.00 140.80 0}{140.80 0.00 0.00 0.00 281.60 0}{281.60 352.00 352.00 352.00 422.40 1}{422.40 0.00 0.00 0.00 563.20 0}{563.20 0.00 0.00 0.00 704.00 0}
LOOP0: iter: ( 16 )[ 1 -1 0 24 1 ] mem: ( 1 )[ 1 -1 0 24 1 ]
12 131072 
14 12 
3c 1002 
3d 0 131072 262144 393216 524288 655360 786432 917504 1048576 1179648 1310720 1441792 1572864 1703936 1835008 1966080 

RANKS: 1 -1 0 24 1
EVENT43: 1183 496b2e_496d6d_496dcd_46b6dc_4621ad_4592c8
COMP 51-0: 4951ba_4954de_4955bf_46b5b6_46551c_462061_4592c8 (24 82.36 16 21.00 20 219.00){0.00 21.00 22.00 23.00 42.80 4}{42.80 45.00 52.30 76.00 85.60 10}{85.60 107.00 113.38 123.00 214.00 8}{214.00 215.00 215.00 215.00 216.00 1}{216.00 219.00 219.00 219.00 222.00 1}
3c 1002 
52 852756 

RANKS: 1 -1 0 24 1
EVENT44: 1171 491686_491ab6_491b7b_46be3a_462211_4592c8
COMP 51-0: 496b2e_496d6d_496dcd_46b6dc_4621ad_4592c8 (24 20.00 1 11.00 7 30.00){0.00 0.00 0.00 0.00 10.80 0}{10.80 11.00 12.08 21.00 21.60 12}{21.60 22.00 27.33 30.00 32.40 12}{32.40 0.00 0.00 0.00 43.20 0}{43.20 0.00 0.00 0.00 54.00 0}
COMM 51-0: 496b2e_496d6d_496dcd_46b6dc_4621ad_4592c8 (24 618549.80 23 24584.00 19 1521817.00){0.00 24584.00 281758.43 432076.00 436628.40 7}{436628.40 470965.00 623074.21 871240.00 873256.80 14}{873256.80 1063438.00 1077504.50 1091571.00 1309885.20 2}{1309885.20 1521817.00 1521817.00 1521817.00 1746513.60 1}{1746513.60 0.00 0.00 0.00 2183142.00 0}
10 1000 
3a :/pvfs(2)/chunk.dat.(-1 0 24 1)  
3b 2 
3c 1003 
52 598931 

RANKS: 1 -1 0 24 1
EVENT45: 1183 496b2e_496d6d_496dcd_46bfdd_462211_4592c8
COMP 51-0: 491686_491ab6_491b7b_46be3a_462211_4592c8 (24 40.08 17 28.00 21 56.00){0.00 0.00 0.00 0.00 14.40 0}{14.40 28.00 28.00 28.00 28.80 1}{28.80 29.00 38.00 43.00 43.20 18}{43.20 47.00 50.80 56.00 57.60 5}{57.60 0.00 0.00 0.00 72.00 0}
3c 1003 
52 66 

RANKS: 1 -1 0 24 1
EVENT46: 1004 46e310_46e630_46e710_46c0d3_462211_4592c8
COMP 51-0: 496b2e_496d6d_496dcd_46bfdd_462211_4592c8 (24 12.12 22 9.00 21 16.00){0.00 0.00 0.00 0.00 5.20 0}{5.20 9.00 9.67 10.00 10.40 3}{10.40 11.00 12.25 15.00 15.60 20}{15.60 16.00 16.00 16.00 20.80 1}{20.80 0.00 0.00 0.00 26.00 0}
10 1000 
12 1 
14 38 
18 3 

RANKS: 1 -1 0 24 1
EVENT47: 1004 46e310_46e630_46e710_459de7_462227_4592c8
COMP 51-0: 46e310_46e630_46e710_46c0d3_462211_4592c8 (24 13.16 4 10.00 1 19.00){0.00 0.00 0.00 0.00 5.60 0}{5.60 10.00 10.83 11.00 11.20 6}{11.20 12.00 13.37 15.00 16.80 16}{16.80 17.00 18.00 19.00 22.40 2}{22.40 0.00 0.00 0.00 28.00 0}
10 1000 
12 1 
14 38 
18 3 

RANKS: 1 -1 0 24 1
EVENT48: 1104 48214b_4824b0_4825ae_45d3dc_462268_4592c8
COMP 51-0: 46e310_46e630_46e710_459de7_462227_4592c8 (24 13.32 15 11.00 23 17.00){0.00 0.00 0.00 0.00 6.00 0}{6.00 11.00 11.44 12.00 12.00 9}{12.00 12.17 14.33 17.00 18.00 15}{18.00 0.00 0.00 0.00 24.00 0}{24.00 0.00 0.00 0.00 30.00 0}
COMP 51-1: 48214b_4824b0_4825ae_45d3dc_462268_4592c8 (264 11.35 3 9.00 12 23.00){0.00 0.00 0.00 0.00 8.00 0}{8.00 9.00 10.31 11.00 12.00 182}{12.00 13.00 13.44 16.00 16.00 79}{16.00 17.00 18.00 19.00 20.00 2}{20.00 23.00 23.00 23.00 26.00 1}
LOOP0: iter: ( 12 )[ 1 -1 0 24 1 ] mem: ( 1 )[ 1 -1 0 24 1 ]
10 1000 
12 1 
14 10 
18 2 1 
19 0 

RANKS: 1 -1 0 24 1
EVENT49: 1010 470bed_470de3_470e43_462676_4592c8
COMP 51-0: 48214b_4824b0_4825ae_45d3dc_462268_4592c8 (24 11.84 7 10.00 12 15.00){0.00 0.00 0.00 0.00 4.40 0}{4.40 0.00 0.00 0.00 8.80 0}{8.80 10.00 11.11 13.00 13.20 18}{13.20 13.67 14.17 15.00 17.60 6}{17.60 0.00 0.00 0.00 22.00 0}
10 1000 

RANKS: 1 -1 0 24 1
EVENT50: 1184 497051_4972e3_497353_46b9a3_45db0a_462786_4592c8
COMP 51-0: 470bed_470de3_470e43_462676_4592c8 (24 6774.12 10 4270.00 6 8318.00){0.00 0.00 0.00 0.00 3070.00 0}{3070.00 4270.00 4840.44 5344.00 6140.00 9}{6140.00 6865.00 7874.27 8318.00 9210.00 15}{9210.00 0.00 0.00 0.00 12280.00 0}{12280.00 0.00 0.00 0.00 15350.00 0}
3a :/pvfs(2)/chunk.dat.(-1 0 24 1)  

RANKS: 1 -1 0 24 1
EVENT51: 1010 470bed_470de3_470e43_4627a3_4592c8
COMP 51-0: 497051_4972e3_497353_46b9a3_45db0a_462786_4592c8 (24 32.48 14 11.00 11 39.00){0.00 11.00 11.00 11.00 11.60 1}{11.60 16.00 16.00 16.00 23.20 1}{23.20 27.50 28.00 29.00 34.80 6}{34.80 35.00 36.75 39.00 46.40 16}{46.40 0.00 0.00 0.00 58.00 0}
10 1000 

RANKS: 1 -1 0 1 0
EVENT52: 1169 4a4ea5_4a5137_4a51d4_45f333_4628d3_4592c8
COMP 51-0: 470bed_470de3_470e43_4627a3_4592c8 (1 66.00 0 66.00 0 66.00){0.00 0.00 0.00 0.00 26.40 0}{26.40 0.00 0.00 0.00 52.80 0}{52.80 66.00 66.00 66.00 79.20 1}{79.20 0.00 0.00 0.00 105.60 0}{105.60 0.00 0.00 0.00 132.00 0}
11 1 
12 109 
49 0 

RANKS: 1 -1 0 1 0
EVENT53: 1169 4a4ea5_4a5137_4a51d4_45f358_4628d3_4592c8
COMP 51-0: 4a4ea5_4a5137_4a51d4_45f333_4628d3_4592c8 (1 24.00 0 24.00 0 24.00){0.00 0.00 0.00 0.00 9.60 0}{9.60 0.00 0.00 0.00 19.20 0}{19.20 24.00 24.00 24.00 28.80 1}{28.80 0.00 0.00 0.00 38.40 0}{38.40 0.00 0.00 0.00 48.00 0}
11 1 
12 87 
49 0 

RANKS: 1 -1 0 1 0
EVENT54: 1169 4a4ea5_4a5137_4a51d4_45f384_4628d3_4592c8
COMP 51-0: 4a4ea5_4a5137_4a51d4_45f358_4628d3_4592c8 (1 29.00 0 29.00 0 29.00){0.00 0.00 0.00 0.00 11.60 0}{11.60 0.00 0.00 0.00 23.20 0}{23.20 29.00 29.00 29.00 34.80 1}{34.80 0.00 0.00 0.00 46.40 0}{46.40 0.00 0.00 0.00 58.00 0}
11 1 
12 108 
49 0 

RANKS: 1 -1 0 1 0
EVENT55: 1169 4a4ea5_4a5137_4a51d4_45f764_4628d3_4592c8
COMP 51-0: 4a4ea5_4a5137_4a51d4_45f384_4628d3_4592c8 (1 1184.00 0 1184.00 0 1184.00){0.00 0.00 0.00 0.00 473.60 0}{473.60 0.00 0.00 0.00 947.20 0}{947.20 1184.00 1184.00 1184.00 1420.80 1}{1420.80 0.00 0.00 0.00 1894.40 0}{1894.40 0.00 0.00 0.00 2368.00 0}
11 1 
12 6 
49 0 

RANKS: 1 -1 0 1 0
EVENT56: 1169 4a4ea5_4a5137_4a51d4_45fb4a_4628d3_4592c8
COMP 51-0: 4a4ea5_4a5137_4a51d4_45f764_4628d3_4592c8 (1 57.00 0 57.00 0 57.00){0.00 0.00 0.00 0.00 22.80 0}{22.80 0.00 0.00 0.00 45.60 0}{45.60 57.00 57.00 57.00 68.40 1}{68.40 0.00 0.00 0.00 91.20 0}{91.20 0.00 0.00 0.00 114.00 0}
11 1 
12 6 
49 0 

RANKS: 1 -1 0 24 1
EVENT57: 1028 474931_474af2_474b52_4628dd_4592c8
COMP 51-0: 470bed_470de3_470e43_4627a3_4592c8 (23 69.62 17 34.00 13 370.00){0.00 0.00 0.00 0.00 28.80 0}{28.80 34.00 45.04 53.64 57.60 14}{57.60 65.00 74.81 87.00 115.20 8}{115.20 0.00 0.00 0.00 144.00 0}{144.00 370.00 370.00 370.00 596.00 1}
COMP 51-1: 4a4ea5_4a5137_4a51d4_45fb4a_4628d3_4592c8 (1 62.00 0 62.00 0 62.00){0.00 0.00 0.00 0.00 24.80 0}{24.80 0.00 0.00 0.00 49.60 0}{49.60 62.00 62.00 62.00 74.40 1}{74.40 0.00 0.00 0.00 99.20 0}{99.20 0.00 0.00 0.00 124.00 0}
10 1000 

RANKS: 1 -1 0 24 1
EVENT58: 1010 470bed_470de3_470e43_462a58_4592c8
COMP 51-0: 474931_474af2_474b52_4628dd_4592c8 (24 20.56 3 11.00 23 28.00){0.00 0.00 0.00 0.00 10.40 0}{10.40 11.00 11.40 12.00 20.80 10}{20.80 25.00 26.71 28.00 31.20 14}{31.20 0.00 0.00 0.00 41.60 0}{41.60 0.00 0.00 0.00 52.00 0}
10 2 

RANKS: 1 -1 0 24 1
EVENT59: 1045 476acc_476b3d_476b81_4593a5
COMP 51-0: 470bed_470de3_470e43_462a58_4592c8 (24 616.68 20 272.00 17 1747.00){0.00 0.00 0.00 0.00 217.20 0}{217.20 272.00 390.93 419.50 434.40 15}{434.40 439.00 587.20 707.00 868.80 5}{868.80 0.00 0.00 0.00 1086.00 0}{1086.00 1262.00 1518.50 1747.00 2408.00 4}
52 152656 

