RANKS: 1 -1 0 32 1
EVENT0: 1084 47cb68_47cc13_47cc5f_458f9f
33 2 
34 0 

RANKS: 1 -1 0 1 0
EVENT1: 1102 4810ba_481457_481550_45ae8b_45db7f_459218
COMP 51-0: 47cb68_47cc13_47cc5f_458f9f (1 46.00 0 46.00 0 46.00){0.00 0.00 0.00 0.00 18.40 0}{18.40 0.00 0.00 0.00 36.80 0}{36.80 46.00 46.00 46.00 55.20 1}{55.20 0.00 0.00 0.00 73.60 0}{73.60 0.00 0.00 0.00 92.00 0}
COMP 51-1: 4810ba_481457_481550_45ae8b_45db7f_459218 (30 10.55 0 9.00 0 18.00){0.00 0.00 0.00 0.00 7.20 0}{7.20 9.00 10.03 12.00 14.40 29}{14.40 18.00 18.00 18.00 21.60 1}{21.60 0.00 0.00 0.00 28.80 0}{28.80 0.00 0.00 0.00 36.00 0}
LOOP0: iter: ( 31 )[ 1 -1 0 1 0 ] mem: ( 1 )[ 1 -1 0 1 0 ]
10 2 
12 1024 
14 1 
1b 0 
2b 2147483647 

RANKS: 1 -1 1 31 1
EVENT2: 1113 485d8d_4860ce_4861a5_45afe1_45db7f_459218
COMP 51-0: 47cb68_47cc13_47cc5f_458f9f (31 60.44 19 40.00 7 280.00){0.00 0.00 0.00 0.00 20.40 0}{20.40 40.00 40.00 40.00 40.80 1}{40.80 41.00 48.48 60.00 61.20 21}{61.20 62.00 68.12 74.00 102.00 8}{102.00 280.00 280.00 280.00 458.00 1}
10 2 
12 1024 
14 1 
1a ( 31 )[ 1 -1 1 1 0 ]
1a ( 29 )[ 1 -1 3 1 0 ]
1a ( 25 )[ 1 -1 7 1 0 ]
1a ( 17 )[ 1 -1 15 1 0 ]
1a ( 1 )[ 1 -1 31 1 0 ]
1a ( 9 )[ 1 -1 23 1 0 ]
1a ( 21 )[ 1 -1 11 1 0 ]
1a ( 13 )[ 1 -1 19 1 0 ]
1a ( 5 )[ 1 -1 27 1 0 ]
1a ( 27 )[ 1 -1 5 1 0 ]
1a ( 23 )[ 1 -1 9 1 0 ]
1a ( 15 )[ 1 -1 17 1 0 ]
1a ( 7 )[ 1 -1 25 1 0 ]
1a ( 19 )[ 1 -1 13 1 0 ]
1a ( 11 )[ 1 -1 21 1 0 ]
1a ( 3 )[ 1 -1 29 1 0 ]
1a ( 30 )[ 1 -1 2 1 0 ]
1a ( 28 )[ 1 -1 4 1 0 ]
1a ( 24 )[ 1 -1 8 1 0 ]
1a ( 16 )[ 1 -1 16 1 0 ]
1a ( 8 )[ 1 -1 24 1 0 ]
1a ( 20 )[ 1 -1 12 1 0 ]
1a ( 12 )[ 1 -1 20 1 0 ]
1a ( 4 )[ 1 -1 28 1 0 ]
1a ( 26 )[ 1 -1 6 1 0 ]
1a ( 22 )[ 1 -1 10 1 0 ]
1a ( 14 )[ 1 -1 18 1 0 ]
1a ( 6 )[ 1 -1 26 1 0 ]
1a ( 18 )[ 1 -1 14 1 0 ]
1a ( 10 )[ 1 -1 22 1 0 ]
1a ( 2 )[ 1 -1 30 1 0 ]
1b 0 

RANKS: 1 -1 0 32 1
EVENT3: 1011 471052_47133e_4713fd_45b0e2_45db7f_459218
COMP 51-0: 4810ba_481457_481550_45ae8b_45db7f_459218 (1 20.00 0 20.00 0 20.00){0.00 0.00 0.00 0.00 8.00 0}{8.00 0.00 0.00 0.00 16.00 0}{16.00 20.00 20.00 20.00 24.00 1}{24.00 0.00 0.00 0.00 32.00 0}{32.00 0.00 0.00 0.00 40.00 0}
COMP 51-1: 485d8d_4860ce_4861a5_45afe1_45db7f_459218 (31 21.34 8 14.00 9 31.00){0.00 0.00 0.00 0.00 12.00 0}{12.00 14.00 16.18 18.00 18.00 11}{18.00 19.00 21.22 24.00 24.00 9}{24.00 25.00 26.80 29.00 30.00 10}{30.00 31.00 31.00 31.00 32.00 1}
10 2 
12 1 
14 3 
19 0 

RANKS: 1 -1 0 32 1
EVENT4: 1167 4a4646_4a4872_4a48cc_468bac_468df4_45db91_459218
COMP 51-0: 471052_47133e_4713fd_45b0e2_45db7f_459218 (32 4646.70 28 2422.00 16 7643.00){0.00 2422.00 2422.00 2422.00 2976.40 1}{2976.40 3099.00 4231.56 5714.00 5952.80 27}{5952.80 6674.00 7306.50 7643.00 8929.20 4}{8929.20 0.00 0.00 0.00 11905.60 0}{11905.60 0.00 0.00 0.00 14882.00 0}
49 0 
52 313773 

RANKS: 1 -1 0 32 1
EVENT5: 1011 471052_47133e_4713fd_45b7a0_45dba2_459218
COMP 51-0: 4a4646_4a4872_4a48cc_468bac_468df4_45db91_459218 (32 14.58 4 12.00 7 17.00){0.00 0.00 0.00 0.00 6.40 0}{6.40 12.00 12.00 12.00 12.80 1}{12.80 13.00 14.61 17.00 19.20 31}{19.20 0.00 0.00 0.00 25.60 0}{25.60 0.00 0.00 0.00 32.00 0}
10 2 
12 4 
14 12 
19 0 

RANKS: 1 -1 0 32 1
EVENT6: 1010 470bed_470de3_470e43_462b44_45dbc8_459218
COMP 51-0: 471052_47133e_4713fd_45b7a0_45dba2_459218 (32 34.18 0 22.00 2 122.00){0.00 0.00 0.00 0.00 17.60 0}{17.60 22.00 23.67 25.00 26.40 3}{26.40 26.50 29.58 31.25 35.20 19}{35.20 38.00 39.00 41.00 44.00 9}{44.00 122.00 122.00 122.00 200.00 1}
10 2 

RANKS: 1 -1 0 32 1
EVENT7: 1104 48214b_4824b0_4825ae_462c42_45dbc8_459218
COMP 51-0: 470bed_470de3_470e43_462b44_45dbc8_459218 (32 20.97 4 18.00 24 25.00){0.00 0.00 0.00 0.00 8.40 0}{8.40 0.00 0.00 0.00 16.80 0}{16.80 18.00 20.97 25.00 25.20 32}{25.20 0.00 0.00 0.00 33.60 0}{33.60 0.00 0.00 0.00 42.00 0}
10 2 
12 1 
14 10 
18 2 
19 0 

RANKS: 1 -1 0 32 1
EVENT8: 1104 48214b_4824b0_4825ae_462d4c_45dbc8_459218
COMP 51-0: 48214b_4824b0_4825ae_462c42_45dbc8_459218 (32 9.48 1 9.00 21 13.00){0.00 0.00 0.00 0.00 4.00 0}{4.00 0.00 0.00 0.00 8.00 0}{8.00 9.00 9.35 12.00 12.00 31}{12.00 13.00 13.00 13.00 16.00 1}{16.00 0.00 0.00 0.00 20.00 0}
10 2 
12 1 
14 10 
18 1 
19 0 

RANKS: 1 -1 0 32 1
EVENT9: 1011 471052_47133e_4713fd_462e50_45dbc8_459218
COMP 51-0: 48214b_4824b0_4825ae_462d4c_45dbc8_459218 (32 12.39 1 9.00 27 18.00){0.00 0.00 0.00 0.00 4.00 0}{4.00 0.00 0.00 0.00 8.00 0}{8.00 9.00 9.36 10.00 12.00 11}{12.00 13.00 13.68 16.00 16.00 19}{16.00 18.00 18.00 18.00 20.00 2}
10 2 
12 1 
14 10 
19 0 

RANKS: 1 -1 0 32 1
EVENT10: 1011 471052_47133e_4713fd_4675bc_45dbe2_459218
COMP 51-0: 471052_47133e_4713fd_462e50_45dbc8_459218 (32 11.64 27 9.00 20 16.00){0.00 0.00 0.00 0.00 5.60 0}{5.60 9.00 9.88 11.00 11.20 16}{11.20 12.00 13.25 16.00 16.80 16}{16.80 0.00 0.00 0.00 22.40 0}{22.40 0.00 0.00 0.00 28.00 0}
10 2 
12 1 
14 3 
19 0 

RANKS: 1 -1 0 1 0
EVENT11: 1169 4a4ea5_4a5137_4a51d4_45dd54_4592a1
COMP 51-0: 471052_47133e_4713fd_4675bc_45dbe2_459218 (1 111.00 0 111.00 0 111.00){0.00 0.00 0.00 0.00 44.40 0}{44.40 0.00 0.00 0.00 88.80 0}{88.80 111.00 111.00 111.00 133.20 1}{133.20 0.00 0.00 0.00 177.60 0}{177.60 0.00 0.00 0.00 222.00 0}
11 1 
12 18 
49 0 

RANKS: 1 -1 0 32 1
EVENT12: 1030 474d46_474f75_474fe5_45fced_4592c8
COMP 51-0: 471052_47133e_4713fd_4675bc_45dbe2_459218 (31 18.72 19 16.00 10 22.00){0.00 0.00 0.00 0.00 7.60 0}{7.60 0.00 0.00 0.00 15.20 0}{15.20 16.00 18.71 22.00 22.80 31}{22.80 0.00 0.00 0.00 30.40 0}{30.40 0.00 0.00 0.00 38.00 0}
COMP 51-1: 4a4ea5_4a5137_4a51d4_45dd54_4592a1 (1 164.00 0 164.00 0 164.00){0.00 0.00 0.00 0.00 65.60 0}{65.60 0.00 0.00 0.00 131.20 0}{131.20 164.00 164.00 164.00 196.80 1}{196.80 0.00 0.00 0.00 262.40 0}{262.40 0.00 0.00 0.00 328.00 0}
10 2 

RANKS: 1 -1 0 32 1
EVENT13: 1066 47b541_47b880_47b91f_45fdf8_4592c8
COMP 51-0: 474d46_474f75_474fe5_45fced_4592c8 (32 14.18 11 11.00 12 17.00){0.00 0.00 0.00 0.00 5.20 0}{5.20 0.00 0.00 0.00 10.40 0}{10.40 11.00 13.97 15.00 15.60 29}{15.60 16.00 16.67 17.00 20.80 3}{20.80 0.00 0.00 0.00 26.00 0}
b 0 31 1 
12 1 
21 1000 

RANKS: 1 -1 0 32 1
EVENT14: 1026 473ecc_47414c_4741cf_45fede_4592c8
COMP 51-0: 47b541_47b880_47b91f_45fdf8_4592c8 (32 25.18 18 9.00 12 422.00){0.00 0.00 0.00 0.00 5.60 0}{5.60 9.00 10.56 11.00 11.20 25}{11.20 12.00 13.60 15.00 28.00 5}{28.00 63.00 63.00 63.00 98.00 1}{98.00 422.00 422.00 422.00 746.00 1}
10 2 
21 1001 

RANKS: 1 -1 0 1 0
EVENT15: 1102 4810ba_481457_481550_45ae8b_460142_4592c8
COMP 51-0: 473ecc_47414c_4741cf_45fede_4592c8 (1 25.00 0 25.00 0 25.00){0.00 0.00 0.00 0.00 10.00 0}{10.00 0.00 0.00 0.00 20.00 0}{20.00 25.00 25.00 25.00 30.00 1}{30.00 0.00 0.00 0.00 40.00 0}{40.00 0.00 0.00 0.00 50.00 0}
COMP 51-1: 4810ba_481457_481550_45ae8b_460142_4592c8 (30 9.19 0 8.00 0 10.00){0.00 0.00 0.00 0.00 3.20 0}{3.20 0.00 0.00 0.00 6.40 0}{6.40 8.00 8.95 9.00 9.60 22}{9.60 10.00 10.00 10.00 12.80 8}{12.80 0.00 0.00 0.00 16.00 0}
LOOP0: iter: ( 31 )[ 1 -1 0 1 0 ] mem: ( 1 )[ 1 -1 0 1 0 ]
10 1000 
12 1024 
14 1 
1b 0 
2b 2147483647 

RANKS: 1 -1 1 31 1
EVENT16: 1113 485d8d_4860ce_4861a5_45afe1_460142_4592c8
COMP 51-0: 473ecc_47414c_4741cf_45fede_4592c8 (31 15.22 20 13.00 6 19.00){0.00 0.00 0.00 0.00 6.00 0}{6.00 0.00 0.00 0.00 12.00 0}{12.00 13.00 15.10 17.25 18.00 30}{18.00 19.00 19.00 19.00 24.00 1}{24.00 0.00 0.00 0.00 30.00 0}
10 1000 
12 1024 
14 1 
1a ( 31 )[ 1 -1 1 1 0 ]
1a ( 29 )[ 1 -1 3 1 0 ]
1a ( 25 )[ 1 -1 7 1 0 ]
1a ( 17 )[ 1 -1 15 1 0 ]
1a ( 1 )[ 1 -1 31 1 0 ]
1a ( 9 )[ 1 -1 23 1 0 ]
1a ( 21 )[ 1 -1 11 1 0 ]
1a ( 13 )[ 1 -1 19 1 0 ]
1a ( 5 )[ 1 -1 27 1 0 ]
1a ( 27 )[ 1 -1 5 1 0 ]
1a ( 23 )[ 1 -1 9 1 0 ]
1a ( 15 )[ 1 -1 17 1 0 ]
1a ( 7 )[ 1 -1 25 1 0 ]
1a ( 19 )[ 1 -1 13 1 0 ]
1a ( 11 )[ 1 -1 21 1 0 ]
1a ( 3 )[ 1 -1 29 1 0 ]
1a ( 30 )[ 1 -1 2 1 0 ]
1a ( 28 )[ 1 -1 4 1 0 ]
1a ( 24 )[ 1 -1 8 1 0 ]
1a ( 16 )[ 1 -1 16 1 0 ]
1a ( 8 )[ 1 -1 24 1 0 ]
1a ( 20 )[ 1 -1 12 1 0 ]
1a ( 12 )[ 1 -1 20 1 0 ]
1a ( 4 )[ 1 -1 28 1 0 ]
1a ( 26 )[ 1 -1 6 1 0 ]
1a ( 22 )[ 1 -1 10 1 0 ]
1a ( 14 )[ 1 -1 18 1 0 ]
1a ( 6 )[ 1 -1 26 1 0 ]
1a ( 18 )[ 1 -1 14 1 0 ]
1a ( 10 )[ 1 -1 22 1 0 ]
1a ( 2 )[ 1 -1 30 1 0 ]
1b 0 

RANKS: 1 -1 0 32 1
EVENT17: 1011 471052_47133e_4713fd_45b0e2_460142_4592c8
COMP 51-0: 4810ba_481457_481550_45ae8b_460142_4592c8 (1 9.00 0 9.00 0 9.00){0.00 0.00 0.00 0.00 3.60 0}{3.60 0.00 0.00 0.00 7.20 0}{7.20 9.00 9.00 9.00 10.80 1}{10.80 0.00 0.00 0.00 14.40 0}{14.40 0.00 0.00 0.00 18.00 0}
COMP 51-1: 485d8d_4860ce_4861a5_45afe1_460142_4592c8 (31 9.25 1 9.00 2 12.00){0.00 0.00 0.00 0.00 3.60 0}{3.60 0.00 0.00 0.00 7.20 0}{7.20 9.00 9.17 10.00 10.80 30}{10.80 12.00 12.00 12.00 14.40 1}{14.40 0.00 0.00 0.00 18.00 0}
10 1000 
12 1 
14 3 
19 0 

RANKS: 1 -1 0 1 0
EVENT18: 1169 4a4ea5_4a5137_4a51d4_45e063_4608cf_4592c8
COMP 51-0: 471052_47133e_4713fd_45b0e2_460142_4592c8 (1 18.00 0 18.00 0 18.00){0.00 0.00 0.00 0.00 7.20 0}{7.20 0.00 0.00 0.00 14.40 0}{14.40 18.00 18.00 18.00 21.60 1}{21.60 0.00 0.00 0.00 28.80 0}{28.80 0.00 0.00 0.00 36.00 0}
11 1 
12 10 
49 0 

RANKS: 1 -1 0 1 0
EVENT19: 1169 4a4ea5_4a5137_4a51d4_45e0c0_4608cf_4592c8
COMP 51-0: 4a4ea5_4a5137_4a51d4_45e063_4608cf_4592c8 (1 17.00 0 17.00 0 17.00){0.00 0.00 0.00 0.00 6.80 0}{6.80 0.00 0.00 0.00 13.60 0}{13.60 17.00 17.00 17.00 20.40 1}{20.40 0.00 0.00 0.00 27.20 0}{27.20 0.00 0.00 0.00 34.00 0}
11 1 
12 22 
49 0 

RANKS: 1 -1 0 1 0
EVENT20: 1169 4a4ea5_4a5137_4a51d4_45e106_4608cf_4592c8
COMP 51-0: 4a4ea5_4a5137_4a51d4_45e0c0_4608cf_4592c8 (1 9.00 0 9.00 0 9.00){0.00 0.00 0.00 0.00 3.60 0}{3.60 0.00 0.00 0.00 7.20 0}{7.20 9.00 9.00 9.00 10.80 1}{10.80 0.00 0.00 0.00 14.40 0}{14.40 0.00 0.00 0.00 18.00 0}
11 1 
12 18 
49 0 

RANKS: 1 -1 0 1 0
EVENT21: 1169 4a4ea5_4a5137_4a51d4_45e16f_4608cf_4592c8
COMP 51-0: 4a4ea5_4a5137_4a51d4_45e106_4608cf_4592c8 (1 11.00 0 11.00 0 11.00){0.00 0.00 0.00 0.00 4.40 0}{4.40 0.00 0.00 0.00 8.80 0}{8.80 11.00 11.00 11.00 13.20 1}{13.20 0.00 0.00 0.00 17.60 0}{17.60 0.00 0.00 0.00 22.00 0}
11 1 
12 12 
49 0 

RANKS: 1 -1 0 1 0
EVENT22: 1169 4a4ea5_4a5137_4a51d4_45e1f6_4608cf_4592c8
COMP 51-0: 4a4ea5_4a5137_4a51d4_45e16f_4608cf_4592c8 (1 15.00 0 15.00 0 15.00){0.00 0.00 0.00 0.00 6.00 0}{6.00 0.00 0.00 0.00 12.00 0}{12.00 15.00 15.00 15.00 18.00 1}{18.00 0.00 0.00 0.00 24.00 0}{24.00 0.00 0.00 0.00 30.00 0}
11 1 
12 21 
49 0 

RANKS: 1 -1 0 1 0
EVENT23: 1169 4a4ea5_4a5137_4a51d4_45e21f_4608cf_4592c8
COMP 51-0: 4a4ea5_4a5137_4a51d4_45e1f6_4608cf_4592c8 (1 11.00 0 11.00 0 11.00){0.00 0.00 0.00 0.00 4.40 0}{4.40 0.00 0.00 0.00 8.80 0}{8.80 11.00 11.00 11.00 13.20 1}{13.20 0.00 0.00 0.00 17.60 0}{17.60 0.00 0.00 0.00 22.00 0}
11 1 
12 20 
49 0 

RANKS: 1 -1 0 1 0
EVENT24: 1169 4a4ea5_4a5137_4a51d4_45e257_4608cf_4592c8
COMP 51-0: 4a4ea5_4a5137_4a51d4_45e21f_4608cf_4592c8 (1 9.00 0 9.00 0 9.00){0.00 0.00 0.00 0.00 3.60 0}{3.60 0.00 0.00 0.00 7.20 0}{7.20 9.00 9.00 9.00 10.80 1}{10.80 0.00 0.00 0.00 14.40 0}{14.40 0.00 0.00 0.00 18.00 0}
11 1 
12 21 
49 0 

RANKS: 1 -1 0 1 0
EVENT25: 1169 4a4ea5_4a5137_4a51d4_45e28e_4608cf_4592c8
COMP 51-0: 4a4ea5_4a5137_4a51d4_45e257_4608cf_4592c8 (1 9.00 0 9.00 0 9.00){0.00 0.00 0.00 0.00 3.60 0}{3.60 0.00 0.00 0.00 7.20 0}{7.20 9.00 9.00 9.00 10.80 1}{10.80 0.00 0.00 0.00 14.40 0}{14.40 0.00 0.00 0.00 18.00 0}
11 1 
12 18 
49 0 

RANKS: 1 -1 0 32 1
EVENT26: 1011 471052_47133e_4713fd_460ac3_4592c8
COMP 51-0: 471052_47133e_4713fd_45b0e2_460142_4592c8 (31 13.66 31 11.00 1 16.00){0.00 0.00 0.00 0.00 6.40 0}{6.40 11.00 12.20 12.60 12.80 10}{12.80 13.00 14.24 16.00 19.20 21}{19.20 0.00 0.00 0.00 25.60 0}{25.60 0.00 0.00 0.00 32.00 0}
COMP 51-1: 4a4ea5_4a5137_4a51d4_45e28e_4608cf_4592c8 (1 32.00 0 32.00 0 32.00){0.00 0.00 0.00 0.00 12.80 0}{12.80 0.00 0.00 0.00 25.60 0}{25.60 32.00 32.00 32.00 38.40 1}{38.40 0.00 0.00 0.00 51.20 0}{51.20 0.00 0.00 0.00 64.00 0}
10 1000 
12 1 
14 7 
19 0 

RANKS: 1 -1 0 32 1
EVENT27: 1010 470bed_470de3_470e43_460d4a_4592c8
COMP 51-0: 471052_47133e_4713fd_460ac3_4592c8 (32 266.03 16 15.00 0 4051.00){0.00 15.00 21.84 35.00 1620.40 31}{1620.40 0.00 0.00 0.00 3240.80 0}{3240.80 4051.00 4051.00 4051.00 4861.20 1}{4861.20 0.00 0.00 0.00 6481.60 0}{6481.60 0.00 0.00 0.00 8102.00 0}
10 1000 

RANKS: 1 -1 0 32 1
EVENT28: 1171 491686_491ab6_491b7b_46a744_46a481_460e5a_4592c8
COMP 51-0: 470bed_470de3_470e43_460d4a_4592c8 (32 30.03 27 23.00 16 44.00){0.00 0.00 0.00 0.00 11.20 0}{11.20 0.00 0.00 0.00 22.40 0}{22.40 23.00 29.10 32.00 33.60 29}{33.60 36.00 39.67 44.00 44.80 3}{44.80 0.00 0.00 0.00 56.00 0}
COMM 51-0: 470bed_470de3_470e43_460d4a_4592c8 (32 8453.15 29 6947.00 9 9709.00){0.00 0.00 0.00 0.00 3489.20 0}{3489.20 6947.00 6947.00 6947.00 6978.40 1}{6978.40 7182.00 8493.03 9709.00 10467.60 31}{10467.60 0.00 0.00 0.00 13956.80 0}{13956.80 0.00 0.00 0.00 17446.00 0}
10 1000 
3a :/tmp/interleave.dat  
3b 41 
3c 1000 
52 25366 

RANKS: 1 -1 0 1 0
EVENT29: 1169 4a4ea5_4a5137_4a51d4_460f96_4592c8
COMP 51-0: 491686_491ab6_491b7b_46a744_46a481_460e5a_4592c8 (1 17.00 0 17.00 0 17.00){0.00 0.00 0.00 0.00 6.80 0}{6.80 0.00 0.00 0.00 13.60 0}{13.60 17.00 17.00 17.00 20.40 1}{20.40 0.00 0.00 0.00 27.20 0}{27.20 0.00 0.00 0.00 34.00 0}
11 1 
12 35 
49 0 

RANKS: 1 -1 0 32 1
EVENT30: 1176 493ca4_493fc8_4940a9_46b48b_465436_460ff4_4592c8
COMP 51-0: 491686_491ab6_491b7b_46a744_46a481_460e5a_4592c8 (31 241.06 18 214.00 14 435.00){0.00 0.00 0.00 0.00 88.40 0}{88.40 0.00 0.00 0.00 176.80 0}{176.80 214.00 235.27 256.00 265.20 30}{265.20 0.00 0.00 0.00 353.60 0}{353.60 435.00 435.00 435.00 442.00 1}
COMP 51-1: 493ca4_493fc8_4940a9_46b48b_465436_460ff4_4592c8 (480 15.28 11 12.00 17 41.00){0.00 0.00 0.00 0.00 7.20 0}{7.20 12.00 14.92 21.00 21.60 462}{21.60 21.86 22.08 24.00 28.80 15}{28.80 29.00 29.00 29.00 36.00 1}{36.00 38.00 39.50 41.00 46.00 2}
COMP 51-2: 4a4ea5_4a5137_4a51d4_460f96_4592c8 (1 1028.00 0 1028.00 0 1028.00){0.00 0.00 0.00 0.00 411.20 0}{411.20 0.00 0.00 0.00 822.40 0}{822.40 1028.00 1028.00 1028.00 1233.60 1}{1233.60 0.00 0.00 0.00 1644.80 0}{1644.80 0.00 0.00 0.00 2056.00 0}
LOOP0: iter: ( 16 )[ 1 -1 0 32 1 ] mem: ( 1 )[ 1 -1 0 32 1 ]
12 131072 
14 12 
3c 1000 
3d ( 0 4194304 8388608 12582912 16777216 20971520 25165824 29360128 33554432 37748736 41943040 46137344 50331648 54525952 58720256 62914560 )[ 1 -1 0 1 0 ]
3d ( 131072 4325376 8519680 12713984 16908288 21102592 25296896 29491200 33685504 37879808 42074112 46268416 50462720 54657024 58851328 63045632 )[ 1 -1 1 1 0 ]
3d ( 393216 4587520 8781824 12976128 17170432 21364736 25559040 29753344 33947648 38141952 42336256 46530560 50724864 54919168 59113472 63307776 )[ 1 -1 3 1 0 ]
3d ( 917504 5111808 9306112 13500416 17694720 21889024 26083328 30277632 34471936 38666240 42860544 47054848 51249152 55443456 59637760 63832064 )[ 1 -1 7 1 0 ]
3d ( 1966080 6160384 10354688 14548992 18743296 22937600 27131904 31326208 35520512 39714816 43909120 48103424 52297728 56492032 60686336 64880640 )[ 1 -1 15 1 0 ]
3d ( 4063232 8257536 12451840 16646144 20840448 25034752 29229056 33423360 37617664 41811968 46006272 50200576 54394880 58589184 62783488 66977792 )[ 1 -1 31 1 0 ]
3d ( 3014656 7208960 11403264 15597568 19791872 23986176 28180480 32374784 36569088 40763392 44957696 49152000 53346304 57540608 61734912 65929216 )[ 1 -1 23 1 0 ]
3d ( 1441792 5636096 9830400 14024704 18219008 22413312 26607616 30801920 34996224 39190528 43384832 47579136 51773440 55967744 60162048 64356352 )[ 1 -1 11 1 0 ]
3d ( 2490368 6684672 10878976 15073280 19267584 23461888 27656192 31850496 36044800 40239104 44433408 48627712 52822016 57016320 61210624 65404928 )[ 1 -1 19 1 0 ]
3d ( 3538944 7733248 11927552 16121856 20316160 24510464 28704768 32899072 37093376 41287680 45481984 49676288 53870592 58064896 62259200 66453504 )[ 1 -1 27 1 0 ]
3d ( 655360 4849664 9043968 13238272 17432576 21626880 25821184 30015488 34209792 38404096 42598400 46792704 50987008 55181312 59375616 63569920 )[ 1 -1 5 1 0 ]
3d ( 1179648 5373952 9568256 13762560 17956864 22151168 26345472 30539776 34734080 38928384 43122688 47316992 51511296 55705600 59899904 64094208 )[ 1 -1 9 1 0 ]
3d ( 2228224 6422528 10616832 14811136 19005440 23199744 27394048 31588352 35782656 39976960 44171264 48365568 52559872 56754176 60948480 65142784 )[ 1 -1 17 1 0 ]
3d ( 3276800 7471104 11665408 15859712 20054016 24248320 28442624 32636928 36831232 41025536 45219840 49414144 53608448 57802752 61997056 66191360 )[ 1 -1 25 1 0 ]
3d ( 1703936 5898240 10092544 14286848 18481152 22675456 26869760 31064064 35258368 39452672 43646976 47841280 52035584 56229888 60424192 64618496 )[ 1 -1 13 1 0 ]
3d ( 2752512 6946816 11141120 15335424 19529728 23724032 27918336 32112640 36306944 40501248 44695552 48889856 53084160 57278464 61472768 65667072 )[ 1 -1 21 1 0 ]
3d ( 3801088 7995392 12189696 16384000 20578304 24772608 28966912 33161216 37355520 41549824 45744128 49938432 54132736 58327040 62521344 66715648 )[ 1 -1 29 1 0 ]
3d ( 262144 4456448 8650752 12845056 17039360 21233664 25427968 29622272 33816576 38010880 42205184 46399488 50593792 54788096 58982400 63176704 )[ 1 -1 2 1 0 ]
3d ( 524288 4718592 8912896 13107200 17301504 21495808 25690112 29884416 34078720 38273024 42467328 46661632 50855936 55050240 59244544 63438848 )[ 1 -1 4 1 0 ]
3d ( 1048576 5242880 9437184 13631488 17825792 22020096 26214400 30408704 34603008 38797312 42991616 47185920 51380224 55574528 59768832 63963136 )[ 1 -1 8 1 0 ]
3d ( 2097152 6291456 10485760 14680064 18874368 23068672 27262976 31457280 35651584 39845888 44040192 48234496 52428800 56623104 60817408 65011712 )[ 1 -1 16 1 0 ]
3d ( 3145728 7340032 11534336 15728640 19922944 24117248 28311552 32505856 36700160 40894464 45088768 49283072 53477376 57671680 61865984 66060288 )[ 1 -1 24 1 0 ]
3d ( 1572864 5767168 9961472 14155776 18350080 22544384 26738688 30932992 35127296 39321600 43515904 47710208 51904512 56098816 60293120 64487424 )[ 1 -1 12 1 0 ]
3d ( 2621440 6815744 11010048 15204352 19398656 23592960 27787264 31981568 36175872 40370176 44564480 48758784 52953088 57147392 61341696 65536000 )[ 1 -1 20 1 0 ]
3d ( 3670016 7864320 12058624 16252928 20447232 24641536 28835840 33030144 37224448 41418752 45613056 49807360 54001664 58195968 62390272 66584576 )[ 1 -1 28 1 0 ]
3d ( 786432 4980736 9175040 13369344 17563648 21757952 25952256 30146560 34340864 38535168 42729472 46923776 51118080 55312384 59506688 63700992 )[ 1 -1 6 1 0 ]
3d ( 1310720 5505024 9699328 13893632 18087936 22282240 26476544 30670848 34865152 39059456 43253760 47448064 51642368 55836672 60030976 64225280 )[ 1 -1 10 1 0 ]
3d ( 2359296 6553600 10747904 14942208 19136512 23330816 27525120 31719424 35913728 40108032 44302336 48496640 52690944 56885248 61079552 65273856 )[ 1 -1 18 1 0 ]
3d ( 3407872 7602176 11796480 15990784 20185088 24379392 28573696 32768000 36962304 41156608 45350912 49545216 53739520 57933824 62128128 66322432 )[ 1 -1 26 1 0 ]
3d ( 1835008 6029312 10223616 14417920 18612224 22806528 27000832 31195136 35389440 39583744 43778048 47972352 52166656 56360960 60555264 64749568 )[ 1 -1 14 1 0 ]
3d ( 2883584 7077888 11272192 15466496 19660800 23855104 28049408 32243712 36438016 40632320 44826624 49020928 53215232 57409536 61603840 65798144 )[ 1 -1 22 1 0 ]
3d ( 3932160 8126464 12320768 16515072 20709376 24903680 29097984 33292288 37486592 41680896 45875200 50069504 54263808 58458112 62652416 66846720 )[ 1 -1 30 1 0 ]

RANKS: 1 -1 0 32 1
EVENT31: 1183 496b2e_496d6d_496dcd_46b6dc_461140_4592c8
COMP 51-0: 493ca4_493fc8_4940a9_46b48b_465436_460ff4_4592c8 (32 64.52 4 49.00 22 86.00){0.00 0.00 0.00 0.00 21.20 0}{21.20 0.00 0.00 0.00 42.40 0}{42.40 49.00 58.19 63.09 63.60 21}{63.60 66.00 75.89 84.00 84.80 9}{84.80 85.00 85.50 86.00 106.00 2}
3c 1000 
52 335640 

RANKS: 1 -1 0 32 1
EVENT32: 1010 470bed_470de3_470e43_4612a4_4592c8
COMP 51-0: 496b2e_496d6d_496dcd_46b6dc_461140_4592c8 (32 11.88 29 10.00 0 13.00){0.00 0.00 0.00 0.00 5.20 0}{5.20 10.00 10.00 10.00 10.40 1}{10.40 11.00 11.90 13.00 15.60 31}{15.60 0.00 0.00 0.00 20.80 0}{20.80 0.00 0.00 0.00 26.00 0}
10 1000 

RANKS: 1 -1 0 32 1
EVENT33: 1171 491686_491ab6_491b7b_46be3a_461465_4592c8
COMP 51-0: 470bed_470de3_470e43_4612a4_4592c8 (32 12.21 0 11.00 11 14.00){0.00 0.00 0.00 0.00 4.40 0}{4.40 0.00 0.00 0.00 8.80 0}{8.80 11.00 12.13 13.00 13.20 30}{13.20 14.00 14.00 14.00 17.60 2}{17.60 0.00 0.00 0.00 22.00 0}
COMM 51-0: 470bed_470de3_470e43_4612a4_4592c8 (32 1537.52 4 1329.00 3 1753.00){0.00 0.00 0.00 0.00 533.60 0}{533.60 0.00 0.00 0.00 1067.20 0}{1067.20 1329.00 1450.06 1569.00 1600.80 17}{1600.80 1642.86 1650.20 1753.00 2134.40 15}{2134.40 0.00 0.00 0.00 2668.00 0}
10 1000 
3a :/tmp/interleave.dat  
3b 2 
3c 1001 
52 4097 

RANKS: 1 -1 0 32 1
EVENT34: 1183 496b2e_496d6d_496dcd_46bfdd_461465_4592c8
COMP 51-0: 491686_491ab6_491b7b_46be3a_461465_4592c8 (32 51.67 29 32.00 14 390.00){0.00 0.00 0.00 0.00 19.20 0}{19.20 32.00 34.85 35.30 38.40 18}{38.40 40.67 47.89 54.00 57.60 12}{57.60 65.00 65.00 65.00 96.00 1}{96.00 390.00 390.00 390.00 684.00 1}
3c 1001 
52 416 

RANKS: 1 -1 0 32 1
EVENT35: 1004 46e310_46e630_46e710_46c1e0_461465_4592c8
COMP 51-0: 496b2e_496d6d_496dcd_46bfdd_461465_4592c8 (32 14.61 1 13.00 10 17.00){0.00 0.00 0.00 0.00 6.40 0}{6.40 0.00 0.00 0.00 12.80 0}{12.80 13.00 14.56 17.00 19.20 32}{19.20 0.00 0.00 0.00 25.60 0}{25.60 0.00 0.00 0.00 32.00 0}
10 1000 
12 1 
14 38 
18 2 

RANKS: 1 -1 0 32 1
EVENT36: 1004 46e310_46e630_46e710_46c2e0_461465_4592c8
COMP 51-0: 46e310_46e630_46e710_46c1e0_461465_4592c8 (32 10.21 3 9.00 3 11.00){0.00 0.00 0.00 0.00 4.00 0}{4.00 0.00 0.00 0.00 8.00 0}{8.00 9.00 10.22 11.00 12.00 32}{12.00 0.00 0.00 0.00 16.00 0}{16.00 0.00 0.00 0.00 20.00 0}
10 1000 
12 1 
14 38 
18 1 

RANKS: 1 -1 0 32 1
EVENT37: 1004 46e310_46e630_46e710_459de7_46147b_4592c8
COMP 51-0: 46e310_46e630_46e710_46c2e0_461465_4592c8 (32 10.55 22 9.00 1 12.00){0.00 0.00 0.00 0.00 4.40 0}{4.40 0.00 0.00 0.00 8.80 0}{8.80 9.00 10.53 12.00 13.20 32}{13.20 0.00 0.00 0.00 17.60 0}{17.60 0.00 0.00 0.00 22.00 0}
10 1000 
12 1 
14 38 
18 3 

RANKS: 1 -1 0 32 1
EVENT38: 1104 48214b_4824b0_4825ae_45d3dc_4614bc_4592c8
COMP 51-0: 46e310_46e630_46e710_459de7_46147b_4592c8 (32 15.73 0 11.00 3 29.00){0.00 0.00 0.00 0.00 8.80 0}{8.80 11.00 11.00 11.00 13.20 1}{13.20 14.00 15.43 17.50 17.60 28}{17.60 18.00 18.00 18.00 22.00 2}{22.00 29.00 29.00 29.00 36.00 1}
COMP 51-1: 48214b_4824b0_4825ae_45d3dc_4614bc_4592c8 (352 10.32 1 9.00 13 22.00){0.00 0.00 0.00 0.00 4.00 0}{4.00 0.00 0.00 0.00 8.00 0}{8.00 9.00 10.22 12.00 16.00 348}{16.00 17.00 18.00 19.00 20.00 3}{20.00 22.00 22.00 22.00 24.00 1}
LOOP0: iter: ( 12 )[ 1 -1 0 32 1 ] mem: ( 1 )[ 1 -1 0 32 1 ]
10 1000 
12 1 
14 10 
18 2 1 
19 0 

RANKS: 1 -1 0 32 1
EVENT39: 1010 470bed_470de3_470e43_461d7f_4592c8
COMP 51-0: 48214b_4824b0_4825ae_45d3dc_4614bc_4592c8 (32 13.27 3 11.00 23 22.00){0.00 0.00 0.00 0.00 5.20 0}{5.20 0.00 0.00 0.00 10.40 0}{10.40 11.00 12.77 15.00 15.60 30}{15.60 20.00 20.00 20.00 20.80 1}{20.80 22.00 22.00 22.00 26.00 1}
10 1000 

RANKS: 1 -1 0 32 1
EVENT40: 1171 491686_491ab6_491b7b_46a744_461e8f_4592c8
COMP 51-0: 470bed_470de3_470e43_461d7f_4592c8 (32 16.42 22 14.00 3 20.00){0.00 0.00 0.00 0.00 6.80 0}{6.80 0.00 0.00 0.00 13.60 0}{13.60 14.00 16.41 20.00 20.40 32}{20.40 0.00 0.00 0.00 27.20 0}{27.20 0.00 0.00 0.00 34.00 0}
COMM 51-0: 470bed_470de3_470e43_461d7f_4592c8 (32 1368.82 4 848.00 11 2060.00){0.00 0.00 0.00 0.00 789.60 0}{789.60 848.00 1034.83 1182.00 1184.40 12}{1184.40 1253.00 1326.38 1422.00 1579.20 8}{1579.20 1648.00 1735.91 1867.50 1974.00 11}{1974.00 2060.00 2060.00 2060.00 2146.00 1}
10 1000 
3a :/tmp/interleave.dat  
3b 41 
3c 1002 
52 5639 

RANKS: 1 -1 0 1 0
EVENT41: 1169 4a4ea5_4a5137_4a51d4_462003_4592c8
COMP 51-0: 491686_491ab6_491b7b_46a744_461e8f_4592c8 (1 13.00 0 13.00 0 13.00){0.00 0.00 0.00 0.00 5.20 0}{5.20 0.00 0.00 0.00 10.40 0}{10.40 13.00 13.00 13.00 15.60 1}{15.60 0.00 0.00 0.00 20.80 0}{20.80 0.00 0.00 0.00 26.00 0}
11 1 
12 34 
49 0 

RANKS: 1 -1 0 32 1
EVENT42: 1180 495934_495c58_495d39_46b48b_46551c_462061_4592c8
COMP 51-0: 491686_491ab6_491b7b_46a744_461e8f_4592c8 (31 230.50 15 200.00 8 292.00){0.00 0.00 0.00 0.00 89.60 0}{89.60 0.00 0.00 0.00 179.20 0}{179.20 200.00 228.67 248.00 268.80 30}{268.80 292.00 292.00 292.00 358.40 1}{358.40 0.00 0.00 0.00 448.00 0}
COMP 51-1: 495934_495c58_495d39_46b48b_46551c_462061_4592c8 (480 12.84 0 11.00 24 24.00){0.00 0.00 0.00 0.00 7.60 0}{7.60 11.00 12.54 14.00 15.20 460}{15.20 15.57 19.14 21.20 22.80 19}{22.80 24.00 24.00 24.00 30.40 1}{30.40 0.00 0.00 0.00 38.00 0}
COMP 51-2: 4a4ea5_4a5137_4a51d4_462003_4592c8 (1 243.00 0 243.00 0 243.00){0.00 0.00 0.00 0.00 97.20 0}{97.20 0.00 0.00 0.00 194.40 0}{194.40 243.00 243.00 243.00 291.60 1}{291.60 0.00 0.00 0.00 388.80 0}{388.80 0.00 0.00 0.00 486.00 0}
LOOP0: iter: ( 16 )[ 1 -1 0 32 1 ] mem: ( 1 )[ 1 -1 0 32 1 ]
12 131072 
14 12 
3c 1002 
3d ( 0 4194304 8388608 12582912 16777216 20971520 25165824 29360128 33554432 37748736 41943040 46137344 50331648 54525952 58720256 62914560 )[ 1 -1 0 1 0 ]
3d ( 131072 4325376 8519680 12713984 16908288 21102592 25296896 29491200 33685504 37879808 42074112 46268416 50462720 54657024 58851328 63045632 )[ 1 -1 1 1 0 ]
3d ( 393216 4587520 8781824 12976128 17170432 21364736 25559040 29753344 33947648 38141952 42336256 46530560 50724864 54919168 59113472 63307776 )[ 1 -1 3 1 0 ]
3d ( 917504 5111808 9306112 13500416 17694720 21889024 26083328 30277632 34471936 38666240 42860544 47054848 51249152 55443456 59637760 63832064 )[ 1 -1 7 1 0 ]
3d ( 1966080 6160384 10354688 14548992 18743296 22937600 27131904 31326208 35520512 39714816 43909120 48103424 52297728 56492032 60686336 64880640 )[ 1 -1 15 1 0 ]
3d ( 4063232 8257536 12451840 16646144 20840448 25034752 29229056 33423360 37617664 41811968 46006272 50200576 54394880 58589184 62783488 66977792 )[ 1 -1 31 1 0 ]
3d ( 3014656 7208960 11403264 15597568 19791872 23986176 28180480 32374784 36569088 40763392 44957696 49152000 53346304 57540608 61734912 65929216 )[ 1 -1 23 1 0 ]
3d ( 1441792 5636096 9830400 14024704 18219008 22413312 26607616 30801920 34996224 39190528 43384832 47579136 51773440 55967744 60162048 64356352 )[ 1 -1 11 1 0 ]
3d ( 2490368 6684672 10878976 15073280 19267584 23461888 27656192 31850496 36044800 40239104 44433408 48627712 52822016 57016320 61210624 65404928 )[ 1 -1 19 1 0 ]
3d ( 3538944 7733248 11927552 16121856 20316160 24510464 28704768 32899072 37093376 41287680 45481984 49676288 53870592 58064896 62259200 66453504 )[ 1 -1 27 1 0 ]
3d ( 655360 4849664 9043968 13238272 17432576 21626880 25821184 30015488 34209792 38404096 42598400 46792704 50987008 55181312 59375616 63569920 )[ 1 -1 5 1 0 ]
3d ( 1179648 5373952 9568256 13762560 17956864 22151168 26345472 30539776 34734080 38928384 43122688 47316992 51511296 55705600 59899904 64094208 )[ 1 -1 9 1 0 ]
3d ( 2228224 6422528 10616832 14811136 19005440 23199744 27394048 31588352 35782656 39976960 44171264 48365568 52559872 56754176 60948480 65142784 )[ 1 -1 17 1 0 ]
3d ( 3276800 7471104 11665408 15859712 20054016 24248320 28442624 32636928 36831232 41025536 45219840 49414144 53608448 57802752 61997056 66191360 )[ 1 -1 25 1 0 ]
3d ( 1703936 5898240 10092544 14286848 18481152 22675456 26869760 31064064 35258368 39452672 43646976 47841280 52035584 56229888 60424192 64618496 )[ 1 -1 13 1 0 ]
3d ( 2752512 6946816 11141120 15335424 19529728 23724032 27918336 32112640 36306944 40501248 44695552 48889856 53084160 57278464 61472768 65667072 )[ 1 -1 21 1 0 ]
3d ( 3801088 7995392 12189696 16384000 20578304 24772608 28966912 33161216 37355520 41549824 45744128 49938432 54132736 58327040 62521344 66715648 )[ 1 -1 29 1 0 ]
3d ( 262144 4456448 8650752 12845056 17039360 21233664 25427968 29622272 33816576 38010880 42205184 46399488 50593792 54788096 58982400 63176704 )[ 1 -1 2 1 0 ]
3d ( 524288 4718592 8912896 13107200 17301504 21495808 25690112 29884416 34078720 38273024 42467328 46661632 50855936 55050240 59244544 63438848 )[ 1 -1 4 1 0 ]
3d ( 1048576 5242880 9437184 13631488 17825792 22020096 26214400 30408704 34603008 38797312 42991616 47185920 51380224 55574528 59768832 63963136 )[ 1 -1 8 1 0 ]
3d ( 2097152 6291456 10485760 14680064 18874368 23068672 27262976 31457280 35651584 39845888 44040192 48234496 52428800 56623104 60817408 65011712 )[ 1 -1 16 1 0 ]
3d ( 3145728 7340032 11534336 15728640 19922944 24117248 28311552 32505856 36700160 40894464 45088768 49283072 53477376 57671680 61865984 66060288 )[ 1 -1 24 1 0 ]
3d ( 1572864 5767168 9961472 14155776 18350080 22544384 26738688 30932992 35127296 39321600 43515904 47710208 51904512 56098816 60293120 64487424 )[ 1 -1 12 1 0 ]
3d ( 2621440 6815744 11010048 15204352 19398656 23592960 27787264 31981568 36175872 40370176 44564480 48758784 52953088 57147392 61341696 65536000 )[ 1 -1 20 1 0 ]
3d ( 3670016 7864320 12058624 16252928 20447232 24641536 28835840 33030144 37224448 41418752 45613056 49807360 54001664 58195968 62390272 66584576 )[ 1 -1 28 1 0 ]
3d ( 786432 4980736 9175040 13369344 17563648 21757952 25952256 30146560 34340864 38535168 42729472 46923776 51118080 55312384 59506688 63700992 )[ 1 -1 6 1 0 ]
3d ( 1310720 5505024 9699328 13893632 18087936 22282240 26476544 30670848 34865152 39059456 43253760 47448064 51642368 55836672 60030976 64225280 )[ 1 -1 10 1 0 ]
3d ( 2359296 6553600 10747904 14942208 19136512 23330816 27525120 31719424 35913728 40108032 44302336 48496640 52690944 56885248 61079552 65273856 )[ 1 -1 18 1 0 ]
3d ( 3407872 7602176 11796480 15990784 20185088 24379392 28573696 32768000 36962304 41156608 45350912 49545216 53739520 57933824 62128128 66322432 )[ 1 -1 26 1 0 ]
3d ( 1835008 6029312 10223616 14417920 18612224 22806528 27000832 31195136 35389440 39583744 43778048 47972352 52166656 56360960 60555264 64749568 )[ 1 -1 14 1 0 ]
3d ( 2883584 7077888 11272192 15466496 19660800 23855104 28049408 32243712 36438016 40632320 44826624 49020928 53215232 57409536 61603840 65798144 )[ 1 -1 22 1 0 ]
3d ( 3932160 8126464 12320768 16515072 20709376 24903680 29097984 33292288 37486592 41680896 45875200 50069504 54263808 58458112 62652416 66846720 )[ 1 -1 30 1 0 ]

RANKS: 1 -1 0 32 1
EVENT43: 1183 496b2e_496d6d_496dcd_46b6dc_4621ad_4592c8
COMP 51-0: 495934_495c58_495d39_46b48b_46551c_462061_4592c8 (32 53.82 29 41.00 11 73.00){0.00 0.00 0.00 0.00 18.40 0}{18.40 0.00 0.00 0.00 36.80 0}{36.80 41.00 44.96 54.00 55.20 13}{55.20 56.88 60.29 73.00 73.60 19}{73.60 0.00 0.00 0.00 92.00 0}
3c 1002 
52 18994 

RANKS: 1 -1 0 32 1
EVENT44: 1171 491686_491ab6_491b7b_46be3a_462211_4592c8
COMP 51-0: 496b2e_496d6d_496dcd_46b6dc_4621ad_4592c8 (32 12.67 15 11.00 28 15.00){0.00 0.00 0.00 0.00 5.20 0}{5.20 0.00 0.00 0.00 10.40 0}{10.40 11.00 12.66 15.00 15.60 32}{15.60 0.00 0.00 0.00 20.80 0}{20.80 0.00 0.00 0.00 26.00 0}
COMM 51-0: 496b2e_496d6d_496dcd_46b6dc_4621ad_4592c8 (32 1323.03 27 1141.00 12 1659.00){0.00 0.00 0.00 0.00 568.80 0}{568.80 0.00 0.00 0.00 1137.60 0}{1137.60 1141.00 1319.94 1659.00 1706.40 32}{1706.40 0.00 0.00 0.00 2275.20 0}{2275.20 0.00 0.00 0.00 2844.00 0}
10 1000 
3a :/tmp/interleave.dat  
3b 2 
3c 1003 
52 1306 

RANKS: 1 -1 0 32 1
EVENT45: 1183 496b2e_496d6d_496dcd_46bfdd_462211_4592c8
COMP 51-0: 491686_491ab6_491b7b_46be3a_462211_4592c8 (32 19.45 31 16.00 4 35.00){0.00 0.00 0.00 0.00 8.00 0}{8.00 16.00 16.00 16.00 16.00 2}{16.00 17.00 18.61 21.00 24.00 28}{24.00 0.00 0.00 0.00 32.00 0}{32.00 34.00 34.50 35.00 40.00 2}
3c 1003 
52 305 

RANKS: 1 -1 0 32 1
EVENT46: 1004 46e310_46e630_46e710_46c1e0_462211_4592c8
COMP 51-0: 496b2e_496d6d_496dcd_46bfdd_462211_4592c8 (32 11.24 2 10.00 0 12.00){0.00 0.00 0.00 0.00 4.80 0}{4.80 0.00 0.00 0.00 9.60 0}{9.60 10.00 11.22 12.00 14.40 32}{14.40 0.00 0.00 0.00 19.20 0}{19.20 0.00 0.00 0.00 24.00 0}
10 1000 
12 1 
14 38 
18 2 

RANKS: 1 -1 0 32 1
EVENT47: 1004 46e310_46e630_46e710_46c2e0_462211_4592c8
COMP 51-0: 46e310_46e630_46e710_46c1e0_462211_4592c8 (32 10.30 7 9.00 7 11.00){0.00 0.00 0.00 0.00 4.00 0}{4.00 0.00 0.00 0.00 8.00 0}{8.00 9.00 10.31 11.00 12.00 32}{12.00 0.00 0.00 0.00 16.00 0}{16.00 0.00 0.00 0.00 20.00 0}
10 1000 
12 1 
14 38 
18 1 

RANKS: 1 -1 0 32 1
EVENT48: 1004 46e310_46e630_46e710_459de7_462227_4592c8
COMP 51-0: 46e310_46e630_46e710_46c2e0_462211_4592c8 (32 10.33 7 9.00 7 11.00){0.00 0.00 0.00 0.00 4.00 0}{4.00 0.00 0.00 0.00 8.00 0}{8.00 9.00 10.34 11.00 12.00 32}{12.00 0.00 0.00 0.00 16.00 0}{16.00 0.00 0.00 0.00 20.00 0}
10 1000 
12 1 
14 38 
18 3 

RANKS: 1 -1 0 32 1
EVENT49: 1104 48214b_4824b0_4825ae_45d3dc_462268_4592c8
COMP 51-0: 46e310_46e630_46e710_459de7_462227_4592c8 (32 11.42 3 10.00 3 13.00){0.00 0.00 0.00 0.00 4.40 0}{4.40 0.00 0.00 0.00 8.80 0}{8.80 10.00 11.44 13.00 13.20 32}{13.20 0.00 0.00 0.00 17.60 0}{17.60 0.00 0.00 0.00 22.00 0}
COMP 51-1: 48214b_4824b0_4825ae_45d3dc_462268_4592c8 (352 10.32 3 8.00 13 30.00){0.00 0.00 0.00 0.00 4.00 0}{4.00 8.00 8.00 8.00 8.00 1}{8.00 9.00 10.13 11.00 16.00 345}{16.00 18.00 18.50 20.00 20.00 4}{20.00 27.00 28.50 30.00 40.00 2}
LOOP0: iter: ( 12 )[ 1 -1 0 32 1 ] mem: ( 1 )[ 1 -1 0 32 1 ]
10 1000 
12 1 
14 10 
18 2 1 
19 0 

RANKS: 1 -1 0 32 1
EVENT50: 1010 470bed_470de3_470e43_462676_4592c8
COMP 51-0: 48214b_4824b0_4825ae_45d3dc_462268_4592c8 (32 10.42 3 9.00 3 12.00){0.00 0.00 0.00 0.00 4.00 0}{4.00 0.00 0.00 0.00 8.00 0}{8.00 9.00 10.44 12.00 12.00 32}{12.00 0.00 0.00 0.00 16.00 0}{16.00 0.00 0.00 0.00 20.00 0}
10 1000 

RANKS: 1 -1 0 1 0
EVENT51: 1184 497051_4972e3_497353_46b9a3_45db5e_462786_4592c8
COMP 51-0: 470bed_470de3_470e43_462676_4592c8 (1 27.00 0 27.00 0 27.00){0.00 0.00 0.00 0.00 10.80 0}{10.80 0.00 0.00 0.00 21.60 0}{21.60 27.00 27.00 27.00 32.40 1}{32.40 0.00 0.00 0.00 43.20 0}{43.20 0.00 0.00 0.00 54.00 0}
3a :/tmp/interleave.dat  

RANKS: 1 -1 0 32 1
EVENT52: 1010 470bed_470de3_470e43_4627a3_4592c8
COMP 51-0: 470bed_470de3_470e43_462676_4592c8 (31 9.72 7 8.00 8 13.00){0.00 0.00 0.00 0.00 4.00 0}{4.00 8.00 8.00 8.00 8.00 1}{8.00 9.00 9.66 11.00 12.00 29}{12.00 13.00 13.00 13.00 16.00 1}{16.00 0.00 0.00 0.00 20.00 0}
COMP 51-1: 497051_4972e3_497353_46b9a3_45db5e_462786_4592c8 (1 18.00 0 18.00 0 18.00){0.00 0.00 0.00 0.00 7.20 0}{7.20 0.00 0.00 0.00 14.40 0}{14.40 18.00 18.00 18.00 21.60 1}{21.60 0.00 0.00 0.00 28.80 0}{28.80 0.00 0.00 0.00 36.00 0}
10 1000 

RANKS: 1 -1 0 1 0
EVENT53: 1169 4a4ea5_4a5137_4a51d4_45f333_4628d3_4592c8
COMP 51-0: 470bed_470de3_470e43_4627a3_4592c8 (1 37.00 0 37.00 0 37.00){0.00 0.00 0.00 0.00 14.80 0}{14.80 0.00 0.00 0.00 29.60 0}{29.60 37.00 37.00 37.00 44.40 1}{44.40 0.00 0.00 0.00 59.20 0}{59.20 0.00 0.00 0.00 74.00 0}
11 1 
12 109 
49 0 

RANKS: 1 -1 0 1 0
EVENT54: 1169 4a4ea5_4a5137_4a51d4_45f358_4628d3_4592c8
COMP 51-0: 4a4ea5_4a5137_4a51d4_45f333_4628d3_4592c8 (1 9.00 0 9.00 0 9.00){0.00 0.00 0.00 0.00 3.60 0}{3.60 0.00 0.00 0.00 7.20 0}{7.20 9.00 9.00 9.00 10.80 1}{10.80 0.00 0.00 0.00 14.40 0}{14.40 0.00 0.00 0.00 18.00 0}
11 1 
12 87 
49 0 

RANKS: 1 -1 0 1 0
EVENT55: 1169 4a4ea5_4a5137_4a51d4_45f384_4628d3_4592c8
COMP 51-0: 4a4ea5_4a5137_4a51d4_45f358_4628d3_4592c8 (1 14.00 0 14.00 0 14.00){0.00 0.00 0.00 0.00 5.60 0}{5.60 0.00 0.00 0.00 11.20 0}{11.20 14.00 14.00 14.00 16.80 1}{16.80 0.00 0.00 0.00 22.40 0}{22.40 0.00 0.00 0.00 28.00 0}
11 1 
12 108 
49 0 

RANKS: 1 -1 0 1 0
EVENT56: 1169 4a4ea5_4a5137_4a51d4_45f764_4628d3_4592c8
COMP 51-0: 4a4ea5_4a5137_4a51d4_45f384_4628d3_4592c8 (1 35.00 0 35.00 0 35.00){0.00 0.00 0.00 0.00 14.00 0}{14.00 0.00 0.00 0.00 28.00 0}{28.00 35.00 35.00 35.00 42.00 1}{42.00 0.00 0.00 0.00 56.00 0}{56.00 0.00 0.00 0.00 70.00 0}
11 1 
12 6 
49 0 

RANKS: 1 -1 0 1 0
EVENT57: 1169 4a4ea5_4a5137_4a51d4_45fb4a_4628d3_4592c8
COMP 51-0: 4a4ea5_4a5137_4a51d4_45f764_4628d3_4592c8 (1 25.00 0 25.00 0 25.00){0.00 0.00 0.00 0.00 10.00 0}{10.00 0.00 0.00 0.00 20.00 0}{20.00 25.00 25.00 25.00 30.00 1}{30.00 0.00 0.00 0.00 40.00 0}{40.00 0.00 0.00 0.00 50.00 0}
11 1 
12 6 
49 0 

RANKS: 1 -1 0 32 1
EVENT58: 1028 474931_474af2_474b52_4628dd_4592c8
COMP 51-0: 470bed_470de3_470e43_4627a3_4592c8 (31 118.31 27 32.00 3 396.00){0.00 0.00 0.00 0.00 17.60 0}{17.60 32.00 48.64 67.00 88.00 14}{88.00 93.50 97.00 106.00 116.00 6}{116.00 130.00 162.71 251.00 260.00 7}{260.00 304.00 335.00 396.00 532.00 4}
COMP 51-1: 4a4ea5_4a5137_4a51d4_45fb4a_4628d3_4592c8 (1 30.00 0 30.00 0 30.00){0.00 0.00 0.00 0.00 12.00 0}{12.00 0.00 0.00 0.00 24.00 0}{24.00 30.00 30.00 30.00 36.00 1}{36.00 0.00 0.00 0.00 48.00 0}{48.00 0.00 0.00 0.00 60.00 0}
10 1000 

RANKS: 1 -1 0 32 1
EVENT59: 1010 470bed_470de3_470e43_462a58_4592c8
COMP 51-0: 474931_474af2_474b52_4628dd_4592c8 (32 10.36 3 10.00 2 12.00){0.00 0.00 0.00 0.00 4.40 0}{4.40 0.00 0.00 0.00 8.80 0}{8.80 10.00 10.34 12.00 13.20 32}{13.20 0.00 0.00 0.00 17.60 0}{17.60 0.00 0.00 0.00 22.00 0}
10 2 

RANKS: 1 -1 0 32 1
EVENT60: 1045 476acc_476b3d_476b81_4593a5
COMP 51-0: 470bed_470de3_470e43_462a58_4592c8 (32 5769.24 24 31.00 17 8648.00){0.00 31.00 31.00 31.00 91.20 1}{91.20 0.00 0.00 0.00 182.40 0}{182.40 228.00 228.00 228.00 364.80 1}{364.80 0.00 0.00 0.00 456.00 0}{456.00 482.80 6329.93 8648.00 14094.00 30}
52 51703 

