RANKS: 1 -1 0 128 1
EVENT0: 1084 47cb68_47cc13_47cc5f_458f9f
33 2 
34 0 

RANKS: 1 -1 0 1 0
EVENT1: 1102 4810ba_481457_481550_45ae8b_45db7f_459218
COMP 51-0: 47cb68_47cc13_47cc5f_458f9f (1 46.67 0 46.67 0 46.67){0.00 0.00 0.00 0.00 18.40 0}{18.40 0.00 0.00 0.00 36.80 0}{36.80 46.00 46.00 46.00 55.20 1}{55.20 0.00 0.00 0.00 73.60 0}{73.60 0.00 0.00 0.00 92.00 0}
COMP 51-1: 4810ba_481457_481550_45ae8b_45db7f_459218 (126 10.79 0 9.33 0 18.33){0.00 0.00 0.00 0.00 7.20 0}{7.20 9.00 10.03 12.00 14.40 29}{14.40 18.00 18.00 18.00 21.60 1}{21.60 0.00 0.00 0.00 28.80 0}{28.80 0.00 0.00 0.00 36.00 0}
LOOP0: iter: ( 127 )[ 1 -1 0 1 0 ] mem: ( 1 )[ 1 -1 0 1 0 ]
10 2 
12 1024 
14 1 
1b 0 
2b 2147483647 

RANKS: 1 -1 1 127 1
EVENT2: 1113 485d8d_4860ce_4861a5_45afe1_45db7f_459218
COMP 51-0: 47cb68_47cc13_47cc5f_458f9f (127 59.83 0 40.67 0 11.62){0.00 0.00 0.00 0.00 20.40 0}{20.40 40.00 40.00 40.00 40.80 1}{40.80 41.00 48.48 60.00 61.20 21}{61.20 62.00 68.12 74.00 102.00 8}{102.00 280.00 280.00 280.00 458.00 1}
10 2 
12 1024 
14 1 
1a ( 127 )[ 1 -1 1 1 0 ]
1a ( 125 )[ 1 -1 3 1 0 ]
1a ( 121 )[ 1 -1 7 1 0 ]
1a ( 113 )[ 1 -1 15 1 0 ]
1a ( 97 )[ 1 -1 31 1 0 ]
1a ( 65 )[ 1 -1 63 1 0 ]
1a ( 1 )[ 1 -1 127 1 0 ]
1a ( 33 )[ 1 -1 95 1 0 ]
1a ( 81 )[ 1 -1 47 1 0 ]
1a ( 49 )[ 1 -1 79 1 0 ]
1a ( 17 )[ 1 -1 111 1 0 ]
1a ( 105 )[ 1 -1 23 1 0 ]
1a ( 89 )[ 1 -1 39 1 0 ]
1a ( 57 )[ 1 -1 71 1 0 ]
1a ( 25 )[ 1 -1 103 1 0 ]
1a ( 73 )[ 1 -1 55 1 0 ]
1a ( 41 )[ 1 -1 87 1 0 ]
1a ( 9 )[ 1 -1 119 1 0 ]
1a ( 117 )[ 1 -1 11 1 0 ]
1a ( 109 )[ 1 -1 19 1 0 ]
1a ( 93 )[ 1 -1 35 1 0 ]
1a ( 61 )[ 1 -1 67 1 0 ]
1a ( 29 )[ 1 -1 99 1 0 ]
1a ( 77 )[ 1 -1 51 1 0 ]
1a ( 45 )[ 1 -1 83 1 0 ]
1a ( 13 )[ 1 -1 115 1 0 ]
1a ( 101 )[ 1 -1 27 1 0 ]
1a ( 85 )[ 1 -1 43 1 0 ]
1a ( 53 )[ 1 -1 75 1 0 ]
1a ( 21 )[ 1 -1 107 1 0 ]
1a ( 69 )[ 1 -1 59 1 0 ]
1a ( 37 )[ 1 -1 91 1 0 ]
1a ( 5 )[ 1 -1 123 1 0 ]
1a ( 123 )[ 1 -1 5 1 0 ]
1a ( 119 )[ 1 -1 9 1 0 ]
1a ( 111 )[ 1 -1 17 1 0 ]
1a ( 95 )[ 1 -1 33 1 0 ]
1a ( 63 )[ 1 -1 65 1 0 ]
1a ( 31 )[ 1 -1 97 1 0 ]
1a ( 79 )[ 1 -1 49 1 0 ]
1a ( 47 )[ 1 -1 81 1 0 ]
1a ( 15 )[ 1 -1 113 1 0 ]
1a ( 103 )[ 1 -1 25 1 0 ]
1a ( 87 )[ 1 -1 41 1 0 ]
1a ( 55 )[ 1 -1 73 1 0 ]
1a ( 23 )[ 1 -1 105 1 0 ]
1a ( 71 )[ 1 -1 57 1 0 ]
1a ( 39 )[ 1 -1 89 1 0 ]
1a ( 7 )[ 1 -1 121 1 0 ]
1a ( 115 )[ 1 -1 13 1 0 ]
1a ( 107 )[ 1 -1 21 1 0 ]
1a ( 91 )[ 1 -1 37 1 0 ]
1a ( 59 )[ 1 -1 69 1 0 ]
1a ( 27 )[ 1 -1 101 1 0 ]
1a ( 75 )[ 1 -1 53 1 0 ]
1a ( 43 )[ 1 -1 85 1 0 ]
1a ( 11 )[ 1 -1 117 1 0 ]
1a ( 99 )[ 1 -1 29 1 0 ]
1a ( 83 )[ 1 -1 45 1 0 ]
1a ( 51 )[ 1 -1 77 1 0 ]
1a ( 19 )[ 1 -1 109 1 0 ]
1a ( 67 )[ 1 -1 61 1 0 ]
1a ( 35 )[ 1 -1 93 1 0 ]
1a ( 3 )[ 1 -1 125 1 0 ]
1a ( 126 )[ 1 -1 2 1 0 ]
1a ( 124 )[ 1 -1 4 1 0 ]
1a ( 120 )[ 1 -1 8 1 0 ]
1a ( 112 )[ 1 -1 16 1 0 ]
1a ( 96 )[ 1 -1 32 1 0 ]
1a ( 64 )[ 1 -1 64 1 0 ]
1a ( 32 )[ 1 -1 96 1 0 ]
1a ( 80 )[ 1 -1 48 1 0 ]
1a ( 48 )[ 1 -1 80 1 0 ]
1a ( 16 )[ 1 -1 112 1 0 ]
1a ( 104 )[ 1 -1 24 1 0 ]
1a ( 88 )[ 1 -1 40 1 0 ]
1a ( 56 )[ 1 -1 72 1 0 ]
1a ( 24 )[ 1 -1 104 1 0 ]
1a ( 72 )[ 1 -1 56 1 0 ]
1a ( 40 )[ 1 -1 88 1 0 ]
1a ( 8 )[ 1 -1 120 1 0 ]
1a ( 116 )[ 1 -1 12 1 0 ]
1a ( 108 )[ 1 -1 20 1 0 ]
1a ( 92 )[ 1 -1 36 1 0 ]
1a ( 60 )[ 1 -1 68 1 0 ]
1a ( 28 )[ 1 -1 100 1 0 ]
1a ( 76 )[ 1 -1 52 1 0 ]
1a ( 44 )[ 1 -1 84 1 0 ]
1a ( 12 )[ 1 -1 116 1 0 ]
1a ( 100 )[ 1 -1 28 1 0 ]
1a ( 84 )[ 1 -1 44 1 0 ]
1a ( 52 )[ 1 -1 76 1 0 ]
1a ( 20 )[ 1 -1 108 1 0 ]
1a ( 68 )[ 1 -1 60 1 0 ]
1a ( 36 )[ 1 -1 92 1 0 ]
1a ( 4 )[ 1 -1 124 1 0 ]
1a ( 122 )[ 1 -1 6 1 0 ]
1a ( 118 )[ 1 -1 10 1 0 ]
1a ( 110 )[ 1 -1 18 1 0 ]
1a ( 94 )[ 1 -1 34 1 0 ]
1a ( 62 )[ 1 -1 66 1 0 ]
1a ( 30 )[ 1 -1 98 1 0 ]
1a ( 78 )[ 1 -1 50 1 0 ]
1a ( 46 )[ 1 -1 82 1 0 ]
1a ( 14 )[ 1 -1 114 1 0 ]
1a ( 102 )[ 1 -1 26 1 0 ]
1a ( 86 )[ 1 -1 42 1 0 ]
1a ( 54 )[ 1 -1 74 1 0 ]
1a ( 22 )[ 1 -1 106 1 0 ]
1a ( 70 )[ 1 -1 58 1 0 ]
1a ( 38 )[ 1 -1 90 1 0 ]
1a ( 6 )[ 1 -1 122 1 0 ]
1a ( 114 )[ 1 -1 14 1 0 ]
1a ( 106 )[ 1 -1 22 1 0 ]
1a ( 90 )[ 1 -1 38 1 0 ]
1a ( 58 )[ 1 -1 70 1 0 ]
1a ( 26 )[ 1 -1 102 1 0 ]
1a ( 74 )[ 1 -1 54 1 0 ]
1a ( 42 )[ 1 -1 86 1 0 ]
1a ( 10 )[ 1 -1 118 1 0 ]
1a ( 98 )[ 1 -1 30 1 0 ]
1a ( 82 )[ 1 -1 46 1 0 ]
1a ( 50 )[ 1 -1 78 1 0 ]
1a ( 18 )[ 1 -1 110 1 0 ]
1a ( 66 )[ 1 -1 62 1 0 ]
1a ( 34 )[ 1 -1 94 1 0 ]
1a ( 2 )[ 1 -1 126 1 0 ]
1b 0 

RANKS: 1 -1 0 128 1
EVENT3: 1011 471052_47133e_4713fd_45b0e2_45db7f_459218
COMP 51-0: 4810ba_481457_481550_45ae8b_45db7f_459218 (1 14.67 0 14.67 0 14.67){0.00 0.00 0.00 0.00 8.00 0}{8.00 0.00 0.00 0.00 16.00 0}{16.00 20.00 20.00 20.00 24.00 1}{24.00 0.00 0.00 0.00 32.00 0}{32.00 0.00 0.00 0.00 40.00 0}
COMP 51-1: 485d8d_4860ce_4861a5_45afe1_45db7f_459218 (127 20.72 0 14.00 0 40.00){0.00 0.00 0.00 0.00 12.00 0}{12.00 14.00 16.18 18.00 18.00 11}{18.00 19.00 21.22 24.00 24.00 9}{24.00 25.00 26.80 29.00 30.00 10}{30.00 31.00 31.00 31.00 32.00 1}
10 2 
12 1 
14 3 
19 0 

RANKS: 1 -1 0 128 1
EVENT4: 1167 4a4646_4a4872_4a48cc_468bac_468df4_45db91_459218
COMP 51-0: 471052_47133e_4713fd_45b0e2_45db7f_459218 (128 10540.61 0 810.30 0 25845.10){0.00 2422.00 2422.00 2422.00 2976.40 1}{2976.40 3099.00 4231.56 5714.00 5952.80 27}{5952.80 6674.00 7306.50 7643.00 8929.20 4}{8929.20 0.00 0.00 0.00 11905.60 0}{11905.60 0.00 0.00 0.00 14882.00 0}
49 0 
52 77407 

RANKS: 1 -1 0 128 1
EVENT5: 1011 471052_47133e_4713fd_45b7a0_45dba2_459218
COMP 51-0: 4a4646_4a4872_4a48cc_468bac_468df4_45db91_459218 (128 9.29 0 0.00 0 0.00){0.00 0.00 0.00 0.00 6.40 0}{6.40 12.00 12.00 12.00 12.80 1}{12.80 13.00 14.61 17.00 19.20 31}{19.20 0.00 0.00 0.00 25.60 0}{25.60 0.00 0.00 0.00 32.00 0}
10 2 
12 4 
14 12 
19 0 

RANKS: 1 -1 0 128 1
EVENT6: 1010 470bed_470de3_470e43_462b44_45dbc8_459218
COMP 51-0: 471052_47133e_4713fd_45b7a0_45dba2_459218 (128 34.42 0 22.00 0 6.83){0.00 0.00 0.00 0.00 17.60 0}{17.60 22.00 23.67 25.00 26.40 3}{26.40 26.50 29.58 31.25 35.20 19}{35.20 38.00 39.00 41.00 44.00 9}{44.00 122.00 122.00 122.00 200.00 1}
10 2 

RANKS: 1 -1 0 128 1
EVENT7: 1104 48214b_4824b0_4825ae_462c42_45dbc8_459218
COMP 51-0: 470bed_470de3_470e43_462b44_45dbc8_459218 (128 22.59 0 18.00 0 5.79){0.00 0.00 0.00 0.00 8.40 0}{8.40 0.00 0.00 0.00 16.80 0}{16.80 18.00 20.97 25.00 25.20 32}{25.20 0.00 0.00 0.00 33.60 0}{33.60 0.00 0.00 0.00 42.00 0}
10 2 
12 1 
14 10 
18 2 
19 0 

RANKS: 1 -1 0 128 1
EVENT8: 1104 48214b_4824b0_4825ae_462d4c_45dbc8_459218
COMP 51-0: 48214b_4824b0_4825ae_462c42_45dbc8_459218 (128 6.11 0 9.00 0 3.10){0.00 0.00 0.00 0.00 4.00 0}{4.00 0.00 0.00 0.00 8.00 0}{8.00 9.00 9.35 12.00 12.00 31}{12.00 13.00 13.00 13.00 16.00 1}{16.00 0.00 0.00 0.00 20.00 0}
10 2 
12 1 
14 10 
18 1 
19 0 

RANKS: 1 -1 0 128 1
EVENT9: 1011 471052_47133e_4713fd_462e50_45dbc8_459218
COMP 51-0: 48214b_4824b0_4825ae_462d4c_45dbc8_459218 (128 11.15 0 9.00 0 2.33){0.00 0.00 0.00 0.00 4.00 0}{4.00 0.00 0.00 0.00 8.00 0}{8.00 9.00 9.36 10.00 12.00 11}{12.00 13.00 13.68 16.00 16.00 19}{16.00 18.00 18.00 18.00 20.00 2}
10 2 
12 1 
14 10 
19 0 

RANKS: 1 -1 0 128 1
EVENT10: 1011 471052_47133e_4713fd_4675bc_45dbe2_459218
COMP 51-0: 471052_47133e_4713fd_462e50_45dbc8_459218 (128 11.47 0 9.00 0 3.85){0.00 0.00 0.00 0.00 5.60 0}{5.60 9.00 9.88 11.00 11.20 16}{11.20 12.00 13.25 16.00 16.80 16}{16.80 0.00 0.00 0.00 22.40 0}{22.40 0.00 0.00 0.00 28.00 0}
10 2 
12 1 
14 3 
19 0 

RANKS: 1 -1 0 1 0
EVENT11: 1169 4a4ea5_4a5137_4a51d4_45dd54_4592a1
COMP 51-0: 471052_47133e_4713fd_4675bc_45dbe2_459218 (1 112.33 0 112.33 0 112.33){0.00 0.00 0.00 0.00 44.40 0}{44.40 0.00 0.00 0.00 88.80 0}{88.80 111.00 111.00 111.00 133.20 1}{133.20 0.00 0.00 0.00 177.60 0}{177.60 0.00 0.00 0.00 222.00 0}
11 1 
12 18 
49 0 

RANKS: 1 -1 0 128 1
EVENT12: 1030 474d46_474f75_474fe5_45fced_4592c8
COMP 51-0: 471052_47133e_4713fd_4675bc_45dbe2_459218 (127 4.57 0 16.67 0 4.46){0.00 0.00 0.00 0.00 7.60 0}{7.60 0.00 0.00 0.00 15.20 0}{15.20 16.00 18.71 22.00 22.80 31}{22.80 0.00 0.00 0.00 30.40 0}{30.40 0.00 0.00 0.00 38.00 0}
COMP 51-1: 4a4ea5_4a5137_4a51d4_45dd54_4592a1 (1 165.00 0 165.00 0 165.00){0.00 0.00 0.00 0.00 65.60 0}{65.60 0.00 0.00 0.00 131.20 0}{131.20 164.00 164.00 164.00 196.80 1}{196.80 0.00 0.00 0.00 262.40 0}{262.40 0.00 0.00 0.00 328.00 0}
10 2 

RANKS: 1 -1 0 128 1
EVENT13: 1066 47b541_47b880_47b91f_45fdf8_4592c8
COMP 51-0: 474d46_474f75_474fe5_45fced_4592c8 (128 13.95 0 11.00 0 17.00){0.00 0.00 0.00 0.00 5.20 0}{5.20 0.00 0.00 0.00 10.40 0}{10.40 11.00 13.97 15.00 15.60 29}{15.60 16.00 16.67 17.00 20.80 3}{20.80 0.00 0.00 0.00 26.00 0}
b 0 127 1 
12 1 
21 1000 

RANKS: 1 -1 0 128 1
EVENT14: 1026 473ecc_47414c_4741cf_45fede_4592c8
COMP 51-0: 47b541_47b880_47b91f_45fdf8_4592c8 (128 1.67 0 9.67 0 2.52){0.00 0.00 0.00 0.00 5.60 0}{5.60 9.00 10.56 11.00 11.20 25}{11.20 12.00 13.60 15.00 28.00 5}{28.00 63.00 63.00 63.00 98.00 1}{98.00 422.00 422.00 422.00 746.00 1}
10 2 
21 1001 

RANKS: 1 -1 0 1 0
EVENT15: 1102 4810ba_481457_481550_45ae8b_460142_4592c8
COMP 51-0: 473ecc_47414c_4741cf_45fede_4592c8 (1 27.00 0 27.00 0 27.00){0.00 0.00 0.00 0.00 10.00 0}{10.00 0.00 0.00 0.00 20.00 0}{20.00 25.00 25.00 25.00 30.00 1}{30.00 0.00 0.00 0.00 40.00 0}{40.00 0.00 0.00 0.00 50.00 0}
COMP 51-1: 4810ba_481457_481550_45ae8b_460142_4592c8 (126 9.54 0 8.67 0 10.33){0.00 0.00 0.00 0.00 3.20 0}{3.20 0.00 0.00 0.00 6.40 0}{6.40 8.00 8.95 9.00 9.60 22}{9.60 10.00 10.00 10.00 12.80 8}{12.80 0.00 0.00 0.00 16.00 0}
LOOP0: iter: ( 127 )[ 1 -1 0 1 0 ] mem: ( 1 )[ 1 -1 0 1 0 ]
10 1000 
12 1024 
14 1 
1b 0 
2b 2147483647 

RANKS: 1 -1 1 127 1
EVENT16: 1113 485d8d_4860ce_4861a5_45afe1_460142_4592c8
COMP 51-0: 473ecc_47414c_4741cf_45fede_4592c8 (127 15.00 0 13.06 0 14.51){0.00 0.00 0.00 0.00 6.00 0}{6.00 0.00 0.00 0.00 12.00 0}{12.00 13.00 15.10 17.25 18.00 30}{18.00 19.00 19.00 19.00 24.00 1}{24.00 0.00 0.00 0.00 30.00 0}
10 1000 
12 1024 
14 1 
1a ( 127 )[ 1 -1 1 1 0 ]
1a ( 125 )[ 1 -1 3 1 0 ]
1a ( 121 )[ 1 -1 7 1 0 ]
1a ( 113 )[ 1 -1 15 1 0 ]
1a ( 97 )[ 1 -1 31 1 0 ]
1a ( 65 )[ 1 -1 63 1 0 ]
1a ( 1 )[ 1 -1 127 1 0 ]
1a ( 33 )[ 1 -1 95 1 0 ]
1a ( 81 )[ 1 -1 47 1 0 ]
1a ( 49 )[ 1 -1 79 1 0 ]
1a ( 17 )[ 1 -1 111 1 0 ]
1a ( 105 )[ 1 -1 23 1 0 ]
1a ( 89 )[ 1 -1 39 1 0 ]
1a ( 57 )[ 1 -1 71 1 0 ]
1a ( 25 )[ 1 -1 103 1 0 ]
1a ( 73 )[ 1 -1 55 1 0 ]
1a ( 41 )[ 1 -1 87 1 0 ]
1a ( 9 )[ 1 -1 119 1 0 ]
1a ( 117 )[ 1 -1 11 1 0 ]
1a ( 109 )[ 1 -1 19 1 0 ]
1a ( 93 )[ 1 -1 35 1 0 ]
1a ( 61 )[ 1 -1 67 1 0 ]
1a ( 29 )[ 1 -1 99 1 0 ]
1a ( 77 )[ 1 -1 51 1 0 ]
1a ( 45 )[ 1 -1 83 1 0 ]
1a ( 13 )[ 1 -1 115 1 0 ]
1a ( 101 )[ 1 -1 27 1 0 ]
1a ( 85 )[ 1 -1 43 1 0 ]
1a ( 53 )[ 1 -1 75 1 0 ]
1a ( 21 )[ 1 -1 107 1 0 ]
1a ( 69 )[ 1 -1 59 1 0 ]
1a ( 37 )[ 1 -1 91 1 0 ]
1a ( 5 )[ 1 -1 123 1 0 ]
1a ( 123 )[ 1 -1 5 1 0 ]
1a ( 119 )[ 1 -1 9 1 0 ]
1a ( 111 )[ 1 -1 17 1 0 ]
1a ( 95 )[ 1 -1 33 1 0 ]
1a ( 63 )[ 1 -1 65 1 0 ]
1a ( 31 )[ 1 -1 97 1 0 ]
1a ( 79 )[ 1 -1 49 1 0 ]
1a ( 47 )[ 1 -1 81 1 0 ]
1a ( 15 )[ 1 -1 113 1 0 ]
1a ( 103 )[ 1 -1 25 1 0 ]
1a ( 87 )[ 1 -1 41 1 0 ]
1a ( 55 )[ 1 -1 73 1 0 ]
1a ( 23 )[ 1 -1 105 1 0 ]
1a ( 71 )[ 1 -1 57 1 0 ]
1a ( 39 )[ 1 -1 89 1 0 ]
1a ( 7 )[ 1 -1 121 1 0 ]
1a ( 115 )[ 1 -1 13 1 0 ]
1a ( 107 )[ 1 -1 21 1 0 ]
1a ( 91 )[ 1 -1 37 1 0 ]
1a ( 59 )[ 1 -1 69 1 0 ]
1a ( 27 )[ 1 -1 101 1 0 ]
1a ( 75 )[ 1 -1 53 1 0 ]
1a ( 43 )[ 1 -1 85 1 0 ]
1a ( 11 )[ 1 -1 117 1 0 ]
1a ( 99 )[ 1 -1 29 1 0 ]
1a ( 83 )[ 1 -1 45 1 0 ]
1a ( 51 )[ 1 -1 77 1 0 ]
1a ( 19 )[ 1 -1 109 1 0 ]
1a ( 67 )[ 1 -1 61 1 0 ]
1a ( 35 )[ 1 -1 93 1 0 ]
1a ( 3 )[ 1 -1 125 1 0 ]
1a ( 126 )[ 1 -1 2 1 0 ]
1a ( 124 )[ 1 -1 4 1 0 ]
1a ( 120 )[ 1 -1 8 1 0 ]
1a ( 112 )[ 1 -1 16 1 0 ]
1a ( 96 )[ 1 -1 32 1 0 ]
1a ( 64 )[ 1 -1 64 1 0 ]
1a ( 32 )[ 1 -1 96 1 0 ]
1a ( 80 )[ 1 -1 48 1 0 ]
1a ( 48 )[ 1 -1 80 1 0 ]
1a ( 16 )[ 1 -1 112 1 0 ]
1a ( 104 )[ 1 -1 24 1 0 ]
1a ( 88 )[ 1 -1 40 1 0 ]
1a ( 56 )[ 1 -1 72 1 0 ]
1a ( 24 )[ 1 -1 104 1 0 ]
1a ( 72 )[ 1 -1 56 1 0 ]
1a ( 40 )[ 1 -1 88 1 0 ]
1a ( 8 )[ 1 -1 120 1 0 ]
1a ( 116 )[ 1 -1 12 1 0 ]
1a ( 108 )[ 1 -1 20 1 0 ]
1a ( 92 )[ 1 -1 36 1 0 ]
1a ( 60 )[ 1 -1 68 1 0 ]
1a ( 28 )[ 1 -1 100 1 0 ]
1a ( 76 )[ 1 -1 52 1 0 ]
1a ( 44 )[ 1 -1 84 1 0 ]
1a ( 12 )[ 1 -1 116 1 0 ]
1a ( 100 )[ 1 -1 28 1 0 ]
1a ( 84 )[ 1 -1 44 1 0 ]
1a ( 52 )[ 1 -1 76 1 0 ]
1a ( 20 )[ 1 -1 108 1 0 ]
1a ( 68 )[ 1 -1 60 1 0 ]
1a ( 36 )[ 1 -1 92 1 0 ]
1a ( 4 )[ 1 -1 124 1 0 ]
1a ( 122 )[ 1 -1 6 1 0 ]
1a ( 118 )[ 1 -1 10 1 0 ]
1a ( 110 )[ 1 -1 18 1 0 ]
1a ( 94 )[ 1 -1 34 1 0 ]
1a ( 62 )[ 1 -1 66 1 0 ]
1a ( 30 )[ 1 -1 98 1 0 ]
1a ( 78 )[ 1 -1 50 1 0 ]
1a ( 46 )[ 1 -1 82 1 0 ]
1a ( 14 )[ 1 -1 114 1 0 ]
1a ( 102 )[ 1 -1 26 1 0 ]
1a ( 86 )[ 1 -1 42 1 0 ]
1a ( 54 )[ 1 -1 74 1 0 ]
1a ( 22 )[ 1 -1 106 1 0 ]
1a ( 70 )[ 1 -1 58 1 0 ]
1a ( 38 )[ 1 -1 90 1 0 ]
1a ( 6 )[ 1 -1 122 1 0 ]
1a ( 114 )[ 1 -1 14 1 0 ]
1a ( 106 )[ 1 -1 22 1 0 ]
1a ( 90 )[ 1 -1 38 1 0 ]
1a ( 58 )[ 1 -1 70 1 0 ]
1a ( 26 )[ 1 -1 102 1 0 ]
1a ( 74 )[ 1 -1 54 1 0 ]
1a ( 42 )[ 1 -1 86 1 0 ]
1a ( 10 )[ 1 -1 118 1 0 ]
1a ( 98 )[ 1 -1 30 1 0 ]
1a ( 82 )[ 1 -1 46 1 0 ]
1a ( 50 )[ 1 -1 78 1 0 ]
1a ( 18 )[ 1 -1 110 1 0 ]
1a ( 66 )[ 1 -1 62 1 0 ]
1a ( 34 )[ 1 -1 94 1 0 ]
1a ( 2 )[ 1 -1 126 1 0 ]
1b 0 

RANKS: 1 -1 0 128 1
EVENT17: 1011 471052_47133e_4713fd_45b0e2_460142_4592c8
COMP 51-0: 4810ba_481457_481550_45ae8b_460142_4592c8 (1 9.33 0 9.33 0 9.33){0.00 0.00 0.00 0.00 3.60 0}{3.60 0.00 0.00 0.00 7.20 0}{7.20 9.00 9.00 9.00 10.80 1}{10.80 0.00 0.00 0.00 14.40 0}{14.40 0.00 0.00 0.00 18.00 0}
COMP 51-1: 485d8d_4860ce_4861a5_45afe1_460142_4592c8 (127 0.00 0 12.80 0 0.00){0.00 0.00 0.00 0.00 3.60 0}{3.60 0.00 0.00 0.00 7.20 0}{7.20 9.00 9.17 10.00 10.80 30}{10.80 12.00 12.00 12.00 14.40 1}{14.40 0.00 0.00 0.00 18.00 0}
10 1000 
12 1 
14 3 
19 0 

RANKS: 1 -1 0 1 0
EVENT18: 1169 4a4ea5_4a5137_4a51d4_45e063_4608cf_4592c8
COMP 51-0: 471052_47133e_4713fd_45b0e2_460142_4592c8 (1 16.33 0 16.33 0 16.33){0.00 0.00 0.00 0.00 7.20 0}{7.20 0.00 0.00 0.00 14.40 0}{14.40 18.00 18.00 18.00 21.60 1}{21.60 0.00 0.00 0.00 28.80 0}{28.80 0.00 0.00 0.00 36.00 0}
11 1 
12 10 
49 0 

RANKS: 1 -1 0 1 0
EVENT19: 1169 4a4ea5_4a5137_4a51d4_45e0c0_4608cf_4592c8
COMP 51-0: 4a4ea5_4a5137_4a51d4_45e063_4608cf_4592c8 (1 17.00 0 17.00 0 17.00){0.00 0.00 0.00 0.00 6.80 0}{6.80 0.00 0.00 0.00 13.60 0}{13.60 17.00 17.00 17.00 20.40 1}{20.40 0.00 0.00 0.00 27.20 0}{27.20 0.00 0.00 0.00 34.00 0}
11 1 
12 22 
49 0 

RANKS: 1 -1 0 1 0
EVENT20: 1169 4a4ea5_4a5137_4a51d4_45e106_4608cf_4592c8
COMP 51-0: 4a4ea5_4a5137_4a51d4_45e0c0_4608cf_4592c8 (1 1.42 0 1.42 0 1.42){0.00 0.00 0.00 0.00 3.60 0}{3.60 0.00 0.00 0.00 7.20 0}{7.20 9.00 9.00 9.00 10.80 1}{10.80 0.00 0.00 0.00 14.40 0}{14.40 0.00 0.00 0.00 18.00 0}
11 1 
12 18 
49 0 

RANKS: 1 -1 0 1 0
EVENT21: 1169 4a4ea5_4a5137_4a51d4_45e16f_4608cf_4592c8
COMP 51-0: 4a4ea5_4a5137_4a51d4_45e106_4608cf_4592c8 (1 9.33 0 9.33 0 9.33){0.00 0.00 0.00 0.00 4.40 0}{4.40 0.00 0.00 0.00 8.80 0}{8.80 11.00 11.00 11.00 13.20 1}{13.20 0.00 0.00 0.00 17.60 0}{17.60 0.00 0.00 0.00 22.00 0}
11 1 
12 12 
49 0 

RANKS: 1 -1 0 1 0
EVENT22: 1169 4a4ea5_4a5137_4a51d4_45e1f6_4608cf_4592c8
COMP 51-0: 4a4ea5_4a5137_4a51d4_45e16f_4608cf_4592c8 (1 16.67 0 16.67 0 16.67){0.00 0.00 0.00 0.00 6.00 0}{6.00 0.00 0.00 0.00 12.00 0}{12.00 15.00 15.00 15.00 18.00 1}{18.00 0.00 0.00 0.00 24.00 0}{24.00 0.00 0.00 0.00 30.00 0}
11 1 
12 21 
49 0 

RANKS: 1 -1 0 1 0
EVENT23: 1169 4a4ea5_4a5137_4a51d4_45e21f_4608cf_4592c8
COMP 51-0: 4a4ea5_4a5137_4a51d4_45e1f6_4608cf_4592c8 (1 9.33 0 9.33 0 9.33){0.00 0.00 0.00 0.00 4.40 0}{4.40 0.00 0.00 0.00 8.80 0}{8.80 11.00 11.00 11.00 13.20 1}{13.20 0.00 0.00 0.00 17.60 0}{17.60 0.00 0.00 0.00 22.00 0}
11 1 
12 20 
49 0 

RANKS: 1 -1 0 1 0
EVENT24: 1169 4a4ea5_4a5137_4a51d4_45e257_4608cf_4592c8
COMP 51-0: 4a4ea5_4a5137_4a51d4_45e21f_4608cf_4592c8 (1 9.00 0 9.00 0 9.00){0.00 0.00 0.00 0.00 3.60 0}{3.60 0.00 0.00 0.00 7.20 0}{7.20 9.00 9.00 9.00 10.80 1}{10.80 0.00 0.00 0.00 14.40 0}{14.40 0.00 0.00 0.00 18.00 0}
11 1 
12 21 
49 0 

RANKS: 1 -1 0 1 0
EVENT25: 1169 4a4ea5_4a5137_4a51d4_45e28e_4608cf_4592c8
COMP 51-0: 4a4ea5_4a5137_4a51d4_45e257_4608cf_4592c8 (1 5.74 0 5.74 0 5.74){0.00 0.00 0.00 0.00 3.60 0}{3.60 0.00 0.00 0.00 7.20 0}{7.20 9.00 9.00 9.00 10.80 1}{10.80 0.00 0.00 0.00 14.40 0}{14.40 0.00 0.00 0.00 18.00 0}
11 1 
12 18 
49 0 

RANKS: 1 -1 0 128 1
EVENT26: 1011 471052_47133e_4713fd_460ac3_4592c8
COMP 51-0: 471052_47133e_4713fd_45b0e2_460142_4592c8 (127 0.00 0 11.67 0 17.00){0.00 0.00 0.00 0.00 6.40 0}{6.40 11.00 12.20 12.60 12.80 10}{12.80 13.00 14.24 16.00 19.20 21}{19.20 0.00 0.00 0.00 25.60 0}{25.60 0.00 0.00 0.00 32.00 0}
COMP 51-1: 4a4ea5_4a5137_4a51d4_45e28e_4608cf_4592c8 (1 31.33 0 31.33 0 31.33){0.00 0.00 0.00 0.00 12.80 0}{12.80 0.00 0.00 0.00 25.60 0}{25.60 32.00 32.00 32.00 38.40 1}{38.40 0.00 0.00 0.00 51.20 0}{51.20 0.00 0.00 0.00 64.00 0}
10 1000 
12 1 
14 7 
19 0 

RANKS: 1 -1 0 128 1
EVENT27: 1010 470bed_470de3_470e43_460d4a_4592c8
COMP 51-0: 471052_47133e_4713fd_460ac3_4592c8 (128 3.51 0 13.33 0 0.00){0.00 15.00 21.84 35.00 1620.40 31}{1620.40 0.00 0.00 0.00 3240.80 0}{3240.80 4051.00 4051.00 4051.00 4861.20 1}{4861.20 0.00 0.00 0.00 6481.60 0}{6481.60 0.00 0.00 0.00 8102.00 0}
10 1000 

RANKS: 1 -1 0 128 1
EVENT28: 1171 491686_491ab6_491b7b_46a744_46a481_460e5a_4592c8
COMP 51-0: 470bed_470de3_470e43_460d4a_4592c8 (128 85.76 0 22.33 0 1616.30){0.00 0.00 0.00 0.00 11.20 0}{11.20 0.00 0.00 0.00 22.40 0}{22.40 23.00 29.10 32.00 33.60 29}{33.60 36.00 39.67 44.00 44.80 3}{44.80 0.00 0.00 0.00 56.00 0}
COMM 51-0: 470bed_470de3_470e43_460d4a_4592c8 (128 26969.81 0 18178.10 0 34734.40){0.00 0.00 0.00 0.00 3489.20 0}{3489.20 6947.00 6947.00 6947.00 6978.40 1}{6978.40 7182.00 8493.03 9709.00 10467.60 31}{10467.60 0.00 0.00 0.00 13956.80 0}{13956.80 0.00 0.00 0.00 17446.00 0}
10 1000 
3a :/tmp/interleave.dat    
3b 41 
3c 1000 
52 17626 

RANKS: 1 -1 0 1 0
EVENT29: 1169 4a4ea5_4a5137_4a51d4_460f96_4592c8
COMP 51-0: 491686_491ab6_491b7b_46a744_46a481_460e5a_4592c8 (1 17.00 0 17.00 0 17.00){0.00 0.00 0.00 0.00 6.80 0}{6.80 0.00 0.00 0.00 13.60 0}{13.60 17.00 17.00 17.00 20.40 1}{20.40 0.00 0.00 0.00 27.20 0}{27.20 0.00 0.00 0.00 34.00 0}
11 1 
12 35 
49 0 

RANKS: 1 -1 0 128 1
EVENT30: 1176 493ca4_493fc8_4940a9_46b48b_465436_460ff4_4592c8
COMP 51-0: 491686_491ab6_491b7b_46a744_46a481_460e5a_4592c8 (127 236.01 0 210.67 0 37.77){0.00 0.00 0.00 0.00 88.40 0}{88.40 0.00 0.00 0.00 176.80 0}{176.80 214.00 235.27 256.00 265.20 30}{265.20 0.00 0.00 0.00 353.60 0}{353.60 435.00 435.00 435.00 442.00 1}
COMP 51-1: 493ca4_493fc8_4940a9_46b48b_465436_460ff4_4592c8 (1920 15.41 0 16.90 0 43.33){0.00 0.00 0.00 0.00 7.20 0}{7.20 12.00 14.92 21.00 21.60 462}{21.60 21.86 22.08 24.00 28.80 15}{28.80 29.00 29.00 29.00 36.00 1}{36.00 38.00 39.50 41.00 46.00 2}
COMP 51-2: 4a4ea5_4a5137_4a51d4_460f96_4592c8 (1 794.67 0 794.67 0 794.67){0.00 0.00 0.00 0.00 411.20 0}{411.20 0.00 0.00 0.00 822.40 0}{822.40 1028.00 1028.00 1028.00 1233.60 1}{1233.60 0.00 0.00 0.00 1644.80 0}{1644.80 0.00 0.00 0.00 2056.00 0}
LOOP0: iter: ( 16 )[ 1 -1 0 128 1 ] mem: ( 1 )[ 1 -1 0 128 1 ]
12 131072 
14 12 
3c 1000 
3d ( 0 16777216 33554432 50331648 67108864 83886080 100663296 117440512 134217728 150994944 167772160 184549376 201326592 218103808 234881024 251658240 )[ 1 -1 0 1 0 ]
3d ( 131072 16908288 33685504 50462720 67239936 84017152 100794368 117571584 134348800 151126016 167903232 184680448 201457664 218234880 235012096 251789312 )[ 1 -1 1 1 0 ]
3d ( 393216 17170432 33947648 50724864 67502080 84279296 101056512 117833728 134610944 151388160 168165376 184942592 201719808 218497024 235274240 252051456 )[ 1 -1 3 1 0 ]
3d ( 917504 17694720 34471936 51249152 68026368 84803584 101580800 118358016 135135232 151912448 168689664 185466880 202244096 219021312 235798528 252575744 )[ 1 -1 7 1 0 ]
3d ( 1966080 18743296 35520512 52297728 69074944 85852160 102629376 119406592 136183808 152961024 169738240 186515456 203292672 220069888 236847104 253624320 )[ 1 -1 15 1 0 ]
3d ( 4063232 20840448 37617664 54394880 71172096 87949312 104726528 121503744 138280960 155058176 171835392 188612608 205389824 222167040 238944256 255721472 )[ 1 -1 31 1 0 ]
3d ( 8257536 25034752 41811968 58589184 75366400 92143616 108920832 125698048 142475264 159252480 176029696 192806912 209584128 226361344 243138560 259915776 )[ 1 -1 63 1 0 ]
3d ( 16646144 33423360 50200576 66977792 83755008 100532224 117309440 134086656 150863872 167641088 184418304 201195520 217972736 234749952 251527168 268304384 )[ 1 -1 127 1 0 ]
3d ( 12451840 29229056 46006272 62783488 79560704 96337920 113115136 129892352 146669568 163446784 180224000 197001216 213778432 230555648 247332864 264110080 )[ 1 -1 95 1 0 ]
3d ( 6160384 22937600 39714816 56492032 73269248 90046464 106823680 123600896 140378112 157155328 173932544 190709760 207486976 224264192 241041408 257818624 )[ 1 -1 47 1 0 ]
3d ( 10354688 27131904 43909120 60686336 77463552 94240768 111017984 127795200 144572416 161349632 178126848 194904064 211681280 228458496 245235712 262012928 )[ 1 -1 79 1 0 ]
3d ( 14548992 31326208 48103424 64880640 81657856 98435072 115212288 131989504 148766720 165543936 182321152 199098368 215875584 232652800 249430016 266207232 )[ 1 -1 111 1 0 ]
3d ( 3014656 19791872 36569088 53346304 70123520 86900736 103677952 120455168 137232384 154009600 170786816 187564032 204341248 221118464 237895680 254672896 )[ 1 -1 23 1 0 ]
3d ( 5111808 21889024 38666240 55443456 72220672 88997888 105775104 122552320 139329536 156106752 172883968 189661184 206438400 223215616 239992832 256770048 )[ 1 -1 39 1 0 ]
3d ( 9306112 26083328 42860544 59637760 76414976 93192192 109969408 126746624 143523840 160301056 177078272 193855488 210632704 227409920 244187136 260964352 )[ 1 -1 71 1 0 ]
3d ( 13500416 30277632 47054848 63832064 80609280 97386496 114163712 130940928 147718144 164495360 181272576 198049792 214827008 231604224 248381440 265158656 )[ 1 -1 103 1 0 ]
3d ( 7208960 23986176 40763392 57540608 74317824 91095040 107872256 124649472 141426688 158203904 174981120 191758336 208535552 225312768 242089984 258867200 )[ 1 -1 55 1 0 ]
3d ( 11403264 28180480 44957696 61734912 78512128 95289344 112066560 128843776 145620992 162398208 179175424 195952640 212729856 229507072 246284288 263061504 )[ 1 -1 87 1 0 ]
3d ( 15597568 32374784 49152000 65929216 82706432 99483648 116260864 133038080 149815296 166592512 183369728 200146944 216924160 233701376 250478592 267255808 )[ 1 -1 119 1 0 ]
3d ( 1441792 18219008 34996224 51773440 68550656 85327872 102105088 118882304 135659520 152436736 169213952 185991168 202768384 219545600 236322816 253100032 )[ 1 -1 11 1 0 ]
3d ( 2490368 19267584 36044800 52822016 69599232 86376448 103153664 119930880 136708096 153485312 170262528 187039744 203816960 220594176 237371392 254148608 )[ 1 -1 19 1 0 ]
3d ( 4587520 21364736 38141952 54919168 71696384 88473600 105250816 122028032 138805248 155582464 172359680 189136896 205914112 222691328 239468544 256245760 )[ 1 -1 35 1 0 ]
3d ( 8781824 25559040 42336256 59113472 75890688 92667904 109445120 126222336 142999552 159776768 176553984 193331200 210108416 226885632 243662848 260440064 )[ 1 -1 67 1 0 ]
3d ( 12976128 29753344 46530560 63307776 80084992 96862208 113639424 130416640 147193856 163971072 180748288 197525504 214302720 231079936 247857152 264634368 )[ 1 -1 99 1 0 ]
3d ( 6684672 23461888 40239104 57016320 73793536 90570752 107347968 124125184 140902400 157679616 174456832 191234048 208011264 224788480 241565696 258342912 )[ 1 -1 51 1 0 ]
3d ( 10878976 27656192 44433408 61210624 77987840 94765056 111542272 128319488 145096704 161873920 178651136 195428352 212205568 228982784 245760000 262537216 )[ 1 -1 83 1 0 ]
3d ( 15073280 31850496 48627712 65404928 82182144 98959360 115736576 132513792 149291008 166068224 182845440 199622656 216399872 233177088 249954304 266731520 )[ 1 -1 115 1 0 ]
3d ( 3538944 20316160 37093376 53870592 70647808 87425024 104202240 120979456 137756672 154533888 171311104 188088320 204865536 221642752 238419968 255197184 )[ 1 -1 27 1 0 ]
3d ( 5636096 22413312 39190528 55967744 72744960 89522176 106299392 123076608 139853824 156631040 173408256 190185472 206962688 223739904 240517120 257294336 )[ 1 -1 43 1 0 ]
3d ( 9830400 26607616 43384832 60162048 76939264 93716480 110493696 127270912 144048128 160825344 177602560 194379776 211156992 227934208 244711424 261488640 )[ 1 -1 75 1 0 ]
3d ( 14024704 30801920 47579136 64356352 81133568 97910784 114688000 131465216 148242432 165019648 181796864 198574080 215351296 232128512 248905728 265682944 )[ 1 -1 107 1 0 ]
3d ( 7733248 24510464 41287680 58064896 74842112 91619328 108396544 125173760 141950976 158728192 175505408 192282624 209059840 225837056 242614272 259391488 )[ 1 -1 59 1 0 ]
3d ( 11927552 28704768 45481984 62259200 79036416 95813632 112590848 129368064 146145280 162922496 179699712 196476928 213254144 230031360 246808576 263585792 )[ 1 -1 91 1 0 ]
3d ( 16121856 32899072 49676288 66453504 83230720 100007936 116785152 133562368 150339584 167116800 183894016 200671232 217448448 234225664 251002880 267780096 )[ 1 -1 123 1 0 ]
3d ( 655360 17432576 34209792 50987008 67764224 84541440 101318656 118095872 134873088 151650304 168427520 185204736 201981952 218759168 235536384 252313600 )[ 1 -1 5 1 0 ]
3d ( 1179648 17956864 34734080 51511296 68288512 85065728 101842944 118620160 135397376 152174592 168951808 185729024 202506240 219283456 236060672 252837888 )[ 1 -1 9 1 0 ]
3d ( 2228224 19005440 35782656 52559872 69337088 86114304 102891520 119668736 136445952 153223168 170000384 186777600 203554816 220332032 237109248 253886464 )[ 1 -1 17 1 0 ]
3d ( 4325376 21102592 37879808 54657024 71434240 88211456 104988672 121765888 138543104 155320320 172097536 188874752 205651968 222429184 239206400 255983616 )[ 1 -1 33 1 0 ]
3d ( 8519680 25296896 42074112 58851328 75628544 92405760 109182976 125960192 142737408 159514624 176291840 193069056 209846272 226623488 243400704 260177920 )[ 1 -1 65 1 0 ]
3d ( 12713984 29491200 46268416 63045632 79822848 96600064 113377280 130154496 146931712 163708928 180486144 197263360 214040576 230817792 247595008 264372224 )[ 1 -1 97 1 0 ]
3d ( 6422528 23199744 39976960 56754176 73531392 90308608 107085824 123863040 140640256 157417472 174194688 190971904 207749120 224526336 241303552 258080768 )[ 1 -1 49 1 0 ]
3d ( 10616832 27394048 44171264 60948480 77725696 94502912 111280128 128057344 144834560 161611776 178388992 195166208 211943424 228720640 245497856 262275072 )[ 1 -1 81 1 0 ]
3d ( 14811136 31588352 48365568 65142784 81920000 98697216 115474432 132251648 149028864 165806080 182583296 199360512 216137728 232914944 249692160 266469376 )[ 1 -1 113 1 0 ]
3d ( 3276800 20054016 36831232 53608448 70385664 87162880 103940096 120717312 137494528 154271744 171048960 187826176 204603392 221380608 238157824 254935040 )[ 1 -1 25 1 0 ]
3d ( 5373952 22151168 38928384 55705600 72482816 89260032 106037248 122814464 139591680 156368896 173146112 189923328 206700544 223477760 240254976 257032192 )[ 1 -1 41 1 0 ]
3d ( 9568256 26345472 43122688 59899904 76677120 93454336 110231552 127008768 143785984 160563200 177340416 194117632 210894848 227672064 244449280 261226496 )[ 1 -1 73 1 0 ]
3d ( 13762560 30539776 47316992 64094208 80871424 97648640 114425856 131203072 147980288 164757504 181534720 198311936 215089152 231866368 248643584 265420800 )[ 1 -1 105 1 0 ]
3d ( 7471104 24248320 41025536 57802752 74579968 91357184 108134400 124911616 141688832 158466048 175243264 192020480 208797696 225574912 242352128 259129344 )[ 1 -1 57 1 0 ]
3d ( 11665408 28442624 45219840 61997056 78774272 95551488 112328704 129105920 145883136 162660352 179437568 196214784 212992000 229769216 246546432 263323648 )[ 1 -1 89 1 0 ]
3d ( 15859712 32636928 49414144 66191360 82968576 99745792 116523008 133300224 150077440 166854656 183631872 200409088 217186304 233963520 250740736 267517952 )[ 1 -1 121 1 0 ]
3d ( 1703936 18481152 35258368 52035584 68812800 85590016 102367232 119144448 135921664 152698880 169476096 186253312 203030528 219807744 236584960 253362176 )[ 1 -1 13 1 0 ]
3d ( 2752512 19529728 36306944 53084160 69861376 86638592 103415808 120193024 136970240 153747456 170524672 187301888 204079104 220856320 237633536 254410752 )[ 1 -1 21 1 0 ]
3d ( 4849664 21626880 38404096 55181312 71958528 88735744 105512960 122290176 139067392 155844608 172621824 189399040 206176256 222953472 239730688 256507904 )[ 1 -1 37 1 0 ]
3d ( 9043968 25821184 42598400 59375616 76152832 92930048 109707264 126484480 143261696 160038912 176816128 193593344 210370560 227147776 243924992 260702208 )[ 1 -1 69 1 0 ]
3d ( 13238272 30015488 46792704 63569920 80347136 97124352 113901568 130678784 147456000 164233216 181010432 197787648 214564864 231342080 248119296 264896512 )[ 1 -1 101 1 0 ]
3d ( 6946816 23724032 40501248 57278464 74055680 90832896 107610112 124387328 141164544 157941760 174718976 191496192 208273408 225050624 241827840 258605056 )[ 1 -1 53 1 0 ]
3d ( 11141120 27918336 44695552 61472768 78249984 95027200 111804416 128581632 145358848 162136064 178913280 195690496 212467712 229244928 246022144 262799360 )[ 1 -1 85 1 0 ]
3d ( 15335424 32112640 48889856 65667072 82444288 99221504 115998720 132775936 149553152 166330368 183107584 199884800 216662016 233439232 250216448 266993664 )[ 1 -1 117 1 0 ]
3d ( 3801088 20578304 37355520 54132736 70909952 87687168 104464384 121241600 138018816 154796032 171573248 188350464 205127680 221904896 238682112 255459328 )[ 1 -1 29 1 0 ]
3d ( 5898240 22675456 39452672 56229888 73007104 89784320 106561536 123338752 140115968 156893184 173670400 190447616 207224832 224002048 240779264 257556480 )[ 1 -1 45 1 0 ]
3d ( 10092544 26869760 43646976 60424192 77201408 93978624 110755840 127533056 144310272 161087488 177864704 194641920 211419136 228196352 244973568 261750784 )[ 1 -1 77 1 0 ]
3d ( 14286848 31064064 47841280 64618496 81395712 98172928 114950144 131727360 148504576 165281792 182059008 198836224 215613440 232390656 249167872 265945088 )[ 1 -1 109 1 0 ]
3d ( 7995392 24772608 41549824 58327040 75104256 91881472 108658688 125435904 142213120 158990336 175767552 192544768 209321984 226099200 242876416 259653632 )[ 1 -1 61 1 0 ]
3d ( 12189696 28966912 45744128 62521344 79298560 96075776 112852992 129630208 146407424 163184640 179961856 196739072 213516288 230293504 247070720 263847936 )[ 1 -1 93 1 0 ]
3d ( 16384000 33161216 49938432 66715648 83492864 100270080 117047296 133824512 150601728 167378944 184156160 200933376 217710592 234487808 251265024 268042240 )[ 1 -1 125 1 0 ]
3d ( 262144 17039360 33816576 50593792 67371008 84148224 100925440 117702656 134479872 151257088 168034304 184811520 201588736 218365952 235143168 251920384 )[ 1 -1 2 1 0 ]
3d ( 524288 17301504 34078720 50855936 67633152 84410368 101187584 117964800 134742016 151519232 168296448 185073664 201850880 218628096 235405312 252182528 )[ 1 -1 4 1 0 ]
3d ( 1048576 17825792 34603008 51380224 68157440 84934656 101711872 118489088 135266304 152043520 168820736 185597952 202375168 219152384 235929600 252706816 )[ 1 -1 8 1 0 ]
3d ( 2097152 18874368 35651584 52428800 69206016 85983232 102760448 119537664 136314880 153092096 169869312 186646528 203423744 220200960 236978176 253755392 )[ 1 -1 16 1 0 ]
3d ( 4194304 20971520 37748736 54525952 71303168 88080384 104857600 121634816 138412032 155189248 171966464 188743680 205520896 222298112 239075328 255852544 )[ 1 -1 32 1 0 ]
3d ( 8388608 25165824 41943040 58720256 75497472 92274688 109051904 125829120 142606336 159383552 176160768 192937984 209715200 226492416 243269632 260046848 )[ 1 -1 64 1 0 ]
3d ( 12582912 29360128 46137344 62914560 79691776 96468992 113246208 130023424 146800640 163577856 180355072 197132288 213909504 230686720 247463936 264241152 )[ 1 -1 96 1 0 ]
3d ( 6291456 23068672 39845888 56623104 73400320 90177536 106954752 123731968 140509184 157286400 174063616 190840832 207618048 224395264 241172480 257949696 )[ 1 -1 48 1 0 ]
3d ( 10485760 27262976 44040192 60817408 77594624 94371840 111149056 127926272 144703488 161480704 178257920 195035136 211812352 228589568 245366784 262144000 )[ 1 -1 80 1 0 ]
3d ( 14680064 31457280 48234496 65011712 81788928 98566144 115343360 132120576 148897792 165675008 182452224 199229440 216006656 232783872 249561088 266338304 )[ 1 -1 112 1 0 ]
3d ( 3145728 19922944 36700160 53477376 70254592 87031808 103809024 120586240 137363456 154140672 170917888 187695104 204472320 221249536 238026752 254803968 )[ 1 -1 24 1 0 ]
3d ( 5242880 22020096 38797312 55574528 72351744 89128960 105906176 122683392 139460608 156237824 173015040 189792256 206569472 223346688 240123904 256901120 )[ 1 -1 40 1 0 ]
3d ( 9437184 26214400 42991616 59768832 76546048 93323264 110100480 126877696 143654912 160432128 177209344 193986560 210763776 227540992 244318208 261095424 )[ 1 -1 72 1 0 ]
3d ( 13631488 30408704 47185920 63963136 80740352 97517568 114294784 131072000 147849216 164626432 181403648 198180864 214958080 231735296 248512512 265289728 )[ 1 -1 104 1 0 ]
3d ( 7340032 24117248 40894464 57671680 74448896 91226112 108003328 124780544 141557760 158334976 175112192 191889408 208666624 225443840 242221056 258998272 )[ 1 -1 56 1 0 ]
3d ( 11534336 28311552 45088768 61865984 78643200 95420416 112197632 128974848 145752064 162529280 179306496 196083712 212860928 229638144 246415360 263192576 )[ 1 -1 88 1 0 ]
3d ( 15728640 32505856 49283072 66060288 82837504 99614720 116391936 133169152 149946368 166723584 183500800 200278016 217055232 233832448 250609664 267386880 )[ 1 -1 120 1 0 ]
3d ( 1572864 18350080 35127296 51904512 68681728 85458944 102236160 119013376 135790592 152567808 169345024 186122240 202899456 219676672 236453888 253231104 )[ 1 -1 12 1 0 ]
3d ( 2621440 19398656 36175872 52953088 69730304 86507520 103284736 120061952 136839168 153616384 170393600 187170816 203948032 220725248 237502464 254279680 )[ 1 -1 20 1 0 ]
3d ( 4718592 21495808 38273024 55050240 71827456 88604672 105381888 122159104 138936320 155713536 172490752 189267968 206045184 222822400 239599616 256376832 )[ 1 -1 36 1 0 ]
3d ( 8912896 25690112 42467328 59244544 76021760 92798976 109576192 126353408 143130624 159907840 176685056 193462272 210239488 227016704 243793920 260571136 )[ 1 -1 68 1 0 ]
3d ( 13107200 29884416 46661632 63438848 80216064 96993280 113770496 130547712 147324928 164102144 180879360 197656576 214433792 231211008 247988224 264765440 )[ 1 -1 100 1 0 ]
3d ( 6815744 23592960 40370176 57147392 73924608 90701824 107479040 124256256 141033472 157810688 174587904 191365120 208142336 224919552 241696768 258473984 )[ 1 -1 52 1 0 ]
3d ( 11010048 27787264 44564480 61341696 78118912 94896128 111673344 128450560 145227776 162004992 178782208 195559424 212336640 229113856 245891072 262668288 )[ 1 -1 84 1 0 ]
3d ( 15204352 31981568 48758784 65536000 82313216 99090432 115867648 132644864 149422080 166199296 182976512 199753728 216530944 233308160 250085376 266862592 )[ 1 -1 116 1 0 ]
3d ( 3670016 20447232 37224448 54001664 70778880 87556096 104333312 121110528 137887744 154664960 171442176 188219392 204996608 221773824 238551040 255328256 )[ 1 -1 28 1 0 ]
3d ( 5767168 22544384 39321600 56098816 72876032 89653248 106430464 123207680 139984896 156762112 173539328 190316544 207093760 223870976 240648192 257425408 )[ 1 -1 44 1 0 ]
3d ( 9961472 26738688 43515904 60293120 77070336 93847552 110624768 127401984 144179200 160956416 177733632 194510848 211288064 228065280 244842496 261619712 )[ 1 -1 76 1 0 ]
3d ( 14155776 30932992 47710208 64487424 81264640 98041856 114819072 131596288 148373504 165150720 181927936 198705152 215482368 232259584 249036800 265814016 )[ 1 -1 108 1 0 ]
3d ( 7864320 24641536 41418752 58195968 74973184 91750400 108527616 125304832 142082048 158859264 175636480 192413696 209190912 225968128 242745344 259522560 )[ 1 -1 60 1 0 ]
3d ( 12058624 28835840 45613056 62390272 79167488 95944704 112721920 129499136 146276352 163053568 179830784 196608000 213385216 230162432 246939648 263716864 )[ 1 -1 92 1 0 ]
3d ( 16252928 33030144 49807360 66584576 83361792 100139008 116916224 133693440 150470656 167247872 184025088 200802304 217579520 234356736 251133952 267911168 )[ 1 -1 124 1 0 ]
3d ( 786432 17563648 34340864 51118080 67895296 84672512 101449728 118226944 135004160 151781376 168558592 185335808 202113024 218890240 235667456 252444672 )[ 1 -1 6 1 0 ]
3d ( 1310720 18087936 34865152 51642368 68419584 85196800 101974016 118751232 135528448 152305664 169082880 185860096 202637312 219414528 236191744 252968960 )[ 1 -1 10 1 0 ]
3d ( 2359296 19136512 35913728 52690944 69468160 86245376 103022592 119799808 136577024 153354240 170131456 186908672 203685888 220463104 237240320 254017536 )[ 1 -1 18 1 0 ]
3d ( 4456448 21233664 38010880 54788096 71565312 88342528 105119744 121896960 138674176 155451392 172228608 189005824 205783040 222560256 239337472 256114688 )[ 1 -1 34 1 0 ]
3d ( 8650752 25427968 42205184 58982400 75759616 92536832 109314048 126091264 142868480 159645696 176422912 193200128 209977344 226754560 243531776 260308992 )[ 1 -1 66 1 0 ]
3d ( 12845056 29622272 46399488 63176704 79953920 96731136 113508352 130285568 147062784 163840000 180617216 197394432 214171648 230948864 247726080 264503296 )[ 1 -1 98 1 0 ]
3d ( 6553600 23330816 40108032 56885248 73662464 90439680 107216896 123994112 140771328 157548544 174325760 191102976 207880192 224657408 241434624 258211840 )[ 1 -1 50 1 0 ]
3d ( 10747904 27525120 44302336 61079552 77856768 94633984 111411200 128188416 144965632 161742848 178520064 195297280 212074496 228851712 245628928 262406144 )[ 1 -1 82 1 0 ]
3d ( 14942208 31719424 48496640 65273856 82051072 98828288 115605504 132382720 149159936 165937152 182714368 199491584 216268800 233046016 249823232 266600448 )[ 1 -1 114 1 0 ]
3d ( 3407872 20185088 36962304 53739520 70516736 87293952 104071168 120848384 137625600 154402816 171180032 187957248 204734464 221511680 238288896 255066112 )[ 1 -1 26 1 0 ]
3d ( 5505024 22282240 39059456 55836672 72613888 89391104 106168320 122945536 139722752 156499968 173277184 190054400 206831616 223608832 240386048 257163264 )[ 1 -1 42 1 0 ]
3d ( 9699328 26476544 43253760 60030976 76808192 93585408 110362624 127139840 143917056 160694272 177471488 194248704 211025920 227803136 244580352 261357568 )[ 1 -1 74 1 0 ]
3d ( 13893632 30670848 47448064 64225280 81002496 97779712 114556928 131334144 148111360 164888576 181665792 198443008 215220224 231997440 248774656 265551872 )[ 1 -1 106 1 0 ]
3d ( 7602176 24379392 41156608 57933824 74711040 91488256 108265472 125042688 141819904 158597120 175374336 192151552 208928768 225705984 242483200 259260416 )[ 1 -1 58 1 0 ]
3d ( 11796480 28573696 45350912 62128128 78905344 95682560 112459776 129236992 146014208 162791424 179568640 196345856 213123072 229900288 246677504 263454720 )[ 1 -1 90 1 0 ]
3d ( 15990784 32768000 49545216 66322432 83099648 99876864 116654080 133431296 150208512 166985728 183762944 200540160 217317376 234094592 250871808 267649024 )[ 1 -1 122 1 0 ]
3d ( 1835008 18612224 35389440 52166656 68943872 85721088 102498304 119275520 136052736 152829952 169607168 186384384 203161600 219938816 236716032 253493248 )[ 1 -1 14 1 0 ]
3d ( 2883584 19660800 36438016 53215232 69992448 86769664 103546880 120324096 137101312 153878528 170655744 187432960 204210176 220987392 237764608 254541824 )[ 1 -1 22 1 0 ]
3d ( 4980736 21757952 38535168 55312384 72089600 88866816 105644032 122421248 139198464 155975680 172752896 189530112 206307328 223084544 239861760 256638976 )[ 1 -1 38 1 0 ]
3d ( 9175040 25952256 42729472 59506688 76283904 93061120 109838336 126615552 143392768 160169984 176947200 193724416 210501632 227278848 244056064 260833280 )[ 1 -1 70 1 0 ]
3d ( 13369344 30146560 46923776 63700992 80478208 97255424 114032640 130809856 147587072 164364288 181141504 197918720 214695936 231473152 248250368 265027584 )[ 1 -1 102 1 0 ]
3d ( 7077888 23855104 40632320 57409536 74186752 90963968 107741184 124518400 141295616 158072832 174850048 191627264 208404480 225181696 241958912 258736128 )[ 1 -1 54 1 0 ]
3d ( 11272192 28049408 44826624 61603840 78381056 95158272 111935488 128712704 145489920 162267136 179044352 195821568 212598784 229376000 246153216 262930432 )[ 1 -1 86 1 0 ]
3d ( 15466496 32243712 49020928 65798144 82575360 99352576 116129792 132907008 149684224 166461440 183238656 200015872 216793088 233570304 250347520 267124736 )[ 1 -1 118 1 0 ]
3d ( 3932160 20709376 37486592 54263808 71041024 87818240 104595456 121372672 138149888 154927104 171704320 188481536 205258752 222035968 238813184 255590400 )[ 1 -1 30 1 0 ]
3d ( 6029312 22806528 39583744 56360960 73138176 89915392 106692608 123469824 140247040 157024256 173801472 190578688 207355904 224133120 240910336 257687552 )[ 1 -1 46 1 0 ]
3d ( 10223616 27000832 43778048 60555264 77332480 94109696 110886912 127664128 144441344 161218560 177995776 194772992 211550208 228327424 245104640 261881856 )[ 1 -1 78 1 0 ]
3d ( 14417920 31195136 47972352 64749568 81526784 98304000 115081216 131858432 148635648 165412864 182190080 198967296 215744512 232521728 249298944 266076160 )[ 1 -1 110 1 0 ]
3d ( 8126464 24903680 41680896 58458112 75235328 92012544 108789760 125566976 142344192 159121408 175898624 192675840 209453056 226230272 243007488 259784704 )[ 1 -1 62 1 0 ]
3d ( 12320768 29097984 45875200 62652416 79429632 96206848 112984064 129761280 146538496 163315712 180092928 196870144 213647360 230424576 247201792 263979008 )[ 1 -1 94 1 0 ]
3d ( 16515072 33292288 50069504 66846720 83623936 100401152 117178368 133955584 150732800 167510016 184287232 201064448 217841664 234618880 251396096 268173312 )[ 1 -1 126 1 0 ]

RANKS: 1 -1 0 128 1
EVENT31: 1183 496b2e_496d6d_496dcd_46b6dc_461140_4592c8
COMP 51-0: 493ca4_493fc8_4940a9_46b48b_465436_460ff4_4592c8 (128 61.03 0 50.00 0 79.33){0.00 0.00 0.00 0.00 21.20 0}{21.20 0.00 0.00 0.00 42.40 0}{42.40 49.00 58.19 63.09 63.60 21}{63.60 66.00 75.89 84.00 84.80 9}{84.80 85.00 85.50 86.00 106.00 2}
3c 1000 
52 50377 

RANKS: 1 -1 0 128 1
EVENT32: 1010 470bed_470de3_470e43_4612a4_4592c8
COMP 51-0: 496b2e_496d6d_496dcd_46b6dc_461140_4592c8 (128 11.60 0 10.67 0 12.67){0.00 0.00 0.00 0.00 5.20 0}{5.20 10.00 10.00 10.00 10.40 1}{10.40 11.00 11.90 13.00 15.60 31}{15.60 0.00 0.00 0.00 20.80 0}{20.80 0.00 0.00 0.00 26.00 0}
10 1000 

RANKS: 1 -1 0 128 1
EVENT33: 1171 491686_491ab6_491b7b_46be3a_461465_4592c8
COMP 51-0: 470bed_470de3_470e43_4612a4_4592c8 (128 12.32 0 11.00 0 13.33){0.00 0.00 0.00 0.00 4.40 0}{4.40 0.00 0.00 0.00 8.80 0}{8.80 11.00 12.13 13.00 13.20 30}{13.20 14.00 14.00 14.00 17.60 2}{17.60 0.00 0.00 0.00 22.00 0}
COMM 51-0: 470bed_470de3_470e43_4612a4_4592c8 (128 0.00 0 0.00 0 0.00){0.00 0.00 0.00 0.00 533.60 0}{533.60 0.00 0.00 0.00 1067.20 0}{1067.20 1329.00 1450.06 1569.00 1600.80 17}{1600.80 1642.86 1650.20 1753.00 2134.40 15}{2134.40 0.00 0.00 0.00 2668.00 0}
10 1000 
3a :/tmp/interleave.dat    
3b 2 
3c 1001 
52 598 

RANKS: 1 -1 0 128 1
EVENT34: 1183 496b2e_496d6d_496dcd_46bfdd_461465_4592c8
COMP 51-0: 491686_491ab6_491b7b_46be3a_461465_4592c8 (128 12.08 0 32.67 0 0.00){0.00 0.00 0.00 0.00 19.20 0}{19.20 32.00 34.85 35.30 38.40 18}{38.40 40.67 47.89 54.00 57.60 12}{57.60 65.00 65.00 65.00 96.00 1}{96.00 390.00 390.00 390.00 684.00 1}
3c 1001 
52 66 

RANKS: 1 -1 0 128 1
EVENT35: 1004 46e310_46e630_46e710_46c1e0_461465_4592c8
COMP 51-0: 496b2e_496d6d_496dcd_46bfdd_461465_4592c8 (128 3.26 0 3.20 0 4.48){0.00 0.00 0.00 0.00 6.40 0}{6.40 0.00 0.00 0.00 12.80 0}{12.80 13.00 14.56 17.00 19.20 32}{19.20 0.00 0.00 0.00 25.60 0}{25.60 0.00 0.00 0.00 32.00 0}
10 1000 
12 1 
14 38 
18 2 

RANKS: 1 -1 0 128 1
EVENT36: 1004 46e310_46e630_46e710_46c2e0_461465_4592c8
COMP 51-0: 46e310_46e630_46e710_46c1e0_461465_4592c8 (128 10.17 0 9.00 0 10.67){0.00 0.00 0.00 0.00 4.00 0}{4.00 0.00 0.00 0.00 8.00 0}{8.00 9.00 10.22 11.00 12.00 32}{12.00 0.00 0.00 0.00 16.00 0}{16.00 0.00 0.00 0.00 20.00 0}
10 1000 
12 1 
14 38 
18 1 

RANKS: 1 -1 0 128 1
EVENT37: 1004 46e310_46e630_46e710_459de7_46147b_4592c8
COMP 51-0: 46e310_46e630_46e710_46c2e0_461465_4592c8 (128 10.19 0 9.00 0 11.00){0.00 0.00 0.00 0.00 4.40 0}{4.40 0.00 0.00 0.00 8.80 0}{8.80 9.00 10.53 12.00 13.20 32}{13.20 0.00 0.00 0.00 17.60 0}{17.60 0.00 0.00 0.00 22.00 0}
10 1000 
12 1 
14 38 
18 3 

RANKS: 1 -1 0 128 1
EVENT38: 1104 48214b_4824b0_4825ae_45d3dc_4614bc_4592c8
COMP 51-0: 46e310_46e630_46e710_459de7_46147b_4592c8 (128 15.53 0 13.33 0 26.33){0.00 0.00 0.00 0.00 8.80 0}{8.80 11.00 11.00 11.00 13.20 1}{13.20 14.00 15.43 17.50 17.60 28}{17.60 18.00 18.00 18.00 22.00 2}{22.00 29.00 29.00 29.00 36.00 1}
COMP 51-1: 48214b_4824b0_4825ae_45d3dc_4614bc_4592c8 (1408 10.27 0 9.00 0 23.33){0.00 0.00 0.00 0.00 4.00 0}{4.00 0.00 0.00 0.00 8.00 0}{8.00 9.00 10.22 12.00 16.00 348}{16.00 17.00 18.00 19.00 20.00 3}{20.00 22.00 22.00 22.00 24.00 1}
LOOP0: iter: ( 12 )[ 1 -1 0 128 1 ] mem: ( 1 )[ 1 -1 0 128 1 ]
10 1000 
12 1 
14 10 
18 2 1 
19 0 

RANKS: 1 -1 0 128 1
EVENT39: 1010 470bed_470de3_470e43_461d7f_4592c8
COMP 51-0: 48214b_4824b0_4825ae_45d3dc_4614bc_4592c8 (128 13.44 0 11.33 0 17.67){0.00 0.00 0.00 0.00 5.20 0}{5.20 0.00 0.00 0.00 10.40 0}{10.40 11.00 12.77 15.00 15.60 30}{15.60 20.00 20.00 20.00 20.80 1}{20.80 22.00 22.00 22.00 26.00 1}
10 1000 

RANKS: 1 -1 0 128 1
EVENT40: 1171 491686_491ab6_491b7b_46a744_461e8f_4592c8
COMP 51-0: 470bed_470de3_470e43_461d7f_4592c8 (128 16.66 0 15.00 0 4.96){0.00 0.00 0.00 0.00 6.80 0}{6.80 0.00 0.00 0.00 13.60 0}{13.60 14.00 16.41 20.00 20.40 32}{20.40 0.00 0.00 0.00 27.20 0}{27.20 0.00 0.00 0.00 34.00 0}
COMM 51-0: 470bed_470de3_470e43_461d7f_4592c8 (128 0.00 0 0.00 0 0.00){0.00 0.00 0.00 0.00 789.60 0}{789.60 848.00 1034.83 1182.00 1184.40 12}{1184.40 1253.00 1326.38 1422.00 1579.20 8}{1579.20 1648.00 1735.91 1867.50 1974.00 11}{1974.00 2060.00 2060.00 2060.00 2146.00 1}
10 1000 
3a :/tmp/interleave.dat    
3b 41 
3c 1002 
52 2019 

RANKS: 1 -1 0 1 0
EVENT41: 1169 4a4ea5_4a5137_4a51d4_462003_4592c8
COMP 51-0: 491686_491ab6_491b7b_46a744_461e8f_4592c8 (1 13.67 0 13.67 0 13.67){0.00 0.00 0.00 0.00 5.20 0}{5.20 0.00 0.00 0.00 10.40 0}{10.40 13.00 13.00 13.00 15.60 1}{15.60 0.00 0.00 0.00 20.80 0}{20.80 0.00 0.00 0.00 26.00 0}
11 1 
12 34 
49 0 

RANKS: 1 -1 0 128 1
EVENT42: 1180 495934_495c58_495d39_46b48b_46551c_462061_4592c8
COMP 51-0: 491686_491ab6_491b7b_46a744_461e8f_4592c8 (127 230.09 0 200.97 0 257.00){0.00 0.00 0.00 0.00 89.60 0}{89.60 0.00 0.00 0.00 179.20 0}{179.20 200.00 228.67 248.00 268.80 30}{268.80 292.00 292.00 292.00 358.40 1}{358.40 0.00 0.00 0.00 448.00 0}
COMP 51-1: 495934_495c58_495d39_46b48b_46551c_462061_4592c8 (1920 13.43 0 15.90 0 29.33){0.00 0.00 0.00 0.00 7.60 0}{7.60 11.00 12.54 14.00 15.20 460}{15.20 15.57 19.14 21.20 22.80 19}{22.80 24.00 24.00 24.00 30.40 1}{30.40 0.00 0.00 0.00 38.00 0}
COMP 51-2: 4a4ea5_4a5137_4a51d4_462003_4592c8 (1 237.33 0 237.33 0 237.33){0.00 0.00 0.00 0.00 97.20 0}{97.20 0.00 0.00 0.00 194.40 0}{194.40 243.00 243.00 243.00 291.60 1}{291.60 0.00 0.00 0.00 388.80 0}{388.80 0.00 0.00 0.00 486.00 0}
LOOP0: iter: ( 16 )[ 1 -1 0 128 1 ] mem: ( 1 )[ 1 -1 0 128 1 ]
12 131072 
14 12 
3c 1002 
3d ( 0 16777216 33554432 50331648 67108864 83886080 100663296 117440512 134217728 150994944 167772160 184549376 201326592 218103808 234881024 251658240 )[ 1 -1 0 1 0 ]
3d ( 131072 16908288 33685504 50462720 67239936 84017152 100794368 117571584 134348800 151126016 167903232 184680448 201457664 218234880 235012096 251789312 )[ 1 -1 1 1 0 ]
3d ( 393216 17170432 33947648 50724864 67502080 84279296 101056512 117833728 134610944 151388160 168165376 184942592 201719808 218497024 235274240 252051456 )[ 1 -1 3 1 0 ]
3d ( 917504 17694720 34471936 51249152 68026368 84803584 101580800 118358016 135135232 151912448 168689664 185466880 202244096 219021312 235798528 252575744 )[ 1 -1 7 1 0 ]
3d ( 1966080 18743296 35520512 52297728 69074944 85852160 102629376 119406592 136183808 152961024 169738240 186515456 203292672 220069888 236847104 253624320 )[ 1 -1 15 1 0 ]
3d ( 4063232 20840448 37617664 54394880 71172096 87949312 104726528 121503744 138280960 155058176 171835392 188612608 205389824 222167040 238944256 255721472 )[ 1 -1 31 1 0 ]
3d ( 8257536 25034752 41811968 58589184 75366400 92143616 108920832 125698048 142475264 159252480 176029696 192806912 209584128 226361344 243138560 259915776 )[ 1 -1 63 1 0 ]
3d ( 16646144 33423360 50200576 66977792 83755008 100532224 117309440 134086656 150863872 167641088 184418304 201195520 217972736 234749952 251527168 268304384 )[ 1 -1 127 1 0 ]
3d ( 12451840 29229056 46006272 62783488 79560704 96337920 113115136 129892352 146669568 163446784 180224000 197001216 213778432 230555648 247332864 264110080 )[ 1 -1 95 1 0 ]
3d ( 6160384 22937600 39714816 56492032 73269248 90046464 106823680 123600896 140378112 157155328 173932544 190709760 207486976 224264192 241041408 257818624 )[ 1 -1 47 1 0 ]
3d ( 10354688 27131904 43909120 60686336 77463552 94240768 111017984 127795200 144572416 161349632 178126848 194904064 211681280 228458496 245235712 262012928 )[ 1 -1 79 1 0 ]
3d ( 14548992 31326208 48103424 64880640 81657856 98435072 115212288 131989504 148766720 165543936 182321152 199098368 215875584 232652800 249430016 266207232 )[ 1 -1 111 1 0 ]
3d ( 3014656 19791872 36569088 53346304 70123520 86900736 103677952 120455168 137232384 154009600 170786816 187564032 204341248 221118464 237895680 254672896 )[ 1 -1 23 1 0 ]
3d ( 5111808 21889024 38666240 55443456 72220672 88997888 105775104 122552320 139329536 156106752 172883968 189661184 206438400 223215616 239992832 256770048 )[ 1 -1 39 1 0 ]
3d ( 9306112 26083328 42860544 59637760 76414976 93192192 109969408 126746624 143523840 160301056 177078272 193855488 210632704 227409920 244187136 260964352 )[ 1 -1 71 1 0 ]
3d ( 13500416 30277632 47054848 63832064 80609280 97386496 114163712 130940928 147718144 164495360 181272576 198049792 214827008 231604224 248381440 265158656 )[ 1 -1 103 1 0 ]
3d ( 7208960 23986176 40763392 57540608 74317824 91095040 107872256 124649472 141426688 158203904 174981120 191758336 208535552 225312768 242089984 258867200 )[ 1 -1 55 1 0 ]
3d ( 11403264 28180480 44957696 61734912 78512128 95289344 112066560 128843776 145620992 162398208 179175424 195952640 212729856 229507072 246284288 263061504 )[ 1 -1 87 1 0 ]
3d ( 15597568 32374784 49152000 65929216 82706432 99483648 116260864 133038080 149815296 166592512 183369728 200146944 216924160 233701376 250478592 267255808 )[ 1 -1 119 1 0 ]
3d ( 1441792 18219008 34996224 51773440 68550656 85327872 102105088 118882304 135659520 152436736 169213952 185991168 202768384 219545600 236322816 253100032 )[ 1 -1 11 1 0 ]
3d ( 2490368 19267584 36044800 52822016 69599232 86376448 103153664 119930880 136708096 153485312 170262528 187039744 203816960 220594176 237371392 254148608 )[ 1 -1 19 1 0 ]
3d ( 4587520 21364736 38141952 54919168 71696384 88473600 105250816 122028032 138805248 155582464 172359680 189136896 205914112 222691328 239468544 256245760 )[ 1 -1 35 1 0 ]
3d ( 8781824 25559040 42336256 59113472 75890688 92667904 109445120 126222336 142999552 159776768 176553984 193331200 210108416 226885632 243662848 260440064 )[ 1 -1 67 1 0 ]
3d ( 12976128 29753344 46530560 63307776 80084992 96862208 113639424 130416640 147193856 163971072 180748288 197525504 214302720 231079936 247857152 264634368 )[ 1 -1 99 1 0 ]
3d ( 6684672 23461888 40239104 57016320 73793536 90570752 107347968 124125184 140902400 157679616 174456832 191234048 208011264 224788480 241565696 258342912 )[ 1 -1 51 1 0 ]
3d ( 10878976 27656192 44433408 61210624 77987840 94765056 111542272 128319488 145096704 161873920 178651136 195428352 212205568 228982784 245760000 262537216 )[ 1 -1 83 1 0 ]
3d ( 15073280 31850496 48627712 65404928 82182144 98959360 115736576 132513792 149291008 166068224 182845440 199622656 216399872 233177088 249954304 266731520 )[ 1 -1 115 1 0 ]
3d ( 3538944 20316160 37093376 53870592 70647808 87425024 104202240 120979456 137756672 154533888 171311104 188088320 204865536 221642752 238419968 255197184 )[ 1 -1 27 1 0 ]
3d ( 5636096 22413312 39190528 55967744 72744960 89522176 106299392 123076608 139853824 156631040 173408256 190185472 206962688 223739904 240517120 257294336 )[ 1 -1 43 1 0 ]
3d ( 9830400 26607616 43384832 60162048 76939264 93716480 110493696 127270912 144048128 160825344 177602560 194379776 211156992 227934208 244711424 261488640 )[ 1 -1 75 1 0 ]
3d ( 14024704 30801920 47579136 64356352 81133568 97910784 114688000 131465216 148242432 165019648 181796864 198574080 215351296 232128512 248905728 265682944 )[ 1 -1 107 1 0 ]
3d ( 7733248 24510464 41287680 58064896 74842112 91619328 108396544 125173760 141950976 158728192 175505408 192282624 209059840 225837056 242614272 259391488 )[ 1 -1 59 1 0 ]
3d ( 11927552 28704768 45481984 62259200 79036416 95813632 112590848 129368064 146145280 162922496 179699712 196476928 213254144 230031360 246808576 263585792 )[ 1 -1 91 1 0 ]
3d ( 16121856 32899072 49676288 66453504 83230720 100007936 116785152 133562368 150339584 167116800 183894016 200671232 217448448 234225664 251002880 267780096 )[ 1 -1 123 1 0 ]
3d ( 655360 17432576 34209792 50987008 67764224 84541440 101318656 118095872 134873088 151650304 168427520 185204736 201981952 218759168 235536384 252313600 )[ 1 -1 5 1 0 ]
3d ( 1179648 17956864 34734080 51511296 68288512 85065728 101842944 118620160 135397376 152174592 168951808 185729024 202506240 219283456 236060672 252837888 )[ 1 -1 9 1 0 ]
3d ( 2228224 19005440 35782656 52559872 69337088 86114304 102891520 119668736 136445952 153223168 170000384 186777600 203554816 220332032 237109248 253886464 )[ 1 -1 17 1 0 ]
3d ( 4325376 21102592 37879808 54657024 71434240 88211456 104988672 121765888 138543104 155320320 172097536 188874752 205651968 222429184 239206400 255983616 )[ 1 -1 33 1 0 ]
3d ( 8519680 25296896 42074112 58851328 75628544 92405760 109182976 125960192 142737408 159514624 176291840 193069056 209846272 226623488 243400704 260177920 )[ 1 -1 65 1 0 ]
3d ( 12713984 29491200 46268416 63045632 79822848 96600064 113377280 130154496 146931712 163708928 180486144 197263360 214040576 230817792 247595008 264372224 )[ 1 -1 97 1 0 ]
3d ( 6422528 23199744 39976960 56754176 73531392 90308608 107085824 123863040 140640256 157417472 174194688 190971904 207749120 224526336 241303552 258080768 )[ 1 -1 49 1 0 ]
3d ( 10616832 27394048 44171264 60948480 77725696 94502912 111280128 128057344 144834560 161611776 178388992 195166208 211943424 228720640 245497856 262275072 )[ 1 -1 81 1 0 ]
3d ( 14811136 31588352 48365568 65142784 81920000 98697216 115474432 132251648 149028864 165806080 182583296 199360512 216137728 232914944 249692160 266469376 )[ 1 -1 113 1 0 ]
3d ( 3276800 20054016 36831232 53608448 70385664 87162880 103940096 120717312 137494528 154271744 171048960 187826176 204603392 221380608 238157824 254935040 )[ 1 -1 25 1 0 ]
3d ( 5373952 22151168 38928384 55705600 72482816 89260032 106037248 122814464 139591680 156368896 173146112 189923328 206700544 223477760 240254976 257032192 )[ 1 -1 41 1 0 ]
3d ( 9568256 26345472 43122688 59899904 76677120 93454336 110231552 127008768 143785984 160563200 177340416 194117632 210894848 227672064 244449280 261226496 )[ 1 -1 73 1 0 ]
3d ( 13762560 30539776 47316992 64094208 80871424 97648640 114425856 131203072 147980288 164757504 181534720 198311936 215089152 231866368 248643584 265420800 )[ 1 -1 105 1 0 ]
3d ( 7471104 24248320 41025536 57802752 74579968 91357184 108134400 124911616 141688832 158466048 175243264 192020480 208797696 225574912 242352128 259129344 )[ 1 -1 57 1 0 ]
3d ( 11665408 28442624 45219840 61997056 78774272 95551488 112328704 129105920 145883136 162660352 179437568 196214784 212992000 229769216 246546432 263323648 )[ 1 -1 89 1 0 ]
3d ( 15859712 32636928 49414144 66191360 82968576 99745792 116523008 133300224 150077440 166854656 183631872 200409088 217186304 233963520 250740736 267517952 )[ 1 -1 121 1 0 ]
3d ( 1703936 18481152 35258368 52035584 68812800 85590016 102367232 119144448 135921664 152698880 169476096 186253312 203030528 219807744 236584960 253362176 )[ 1 -1 13 1 0 ]
3d ( 2752512 19529728 36306944 53084160 69861376 86638592 103415808 120193024 136970240 153747456 170524672 187301888 204079104 220856320 237633536 254410752 )[ 1 -1 21 1 0 ]
3d ( 4849664 21626880 38404096 55181312 71958528 88735744 105512960 122290176 139067392 155844608 172621824 189399040 206176256 222953472 239730688 256507904 )[ 1 -1 37 1 0 ]
3d ( 9043968 25821184 42598400 59375616 76152832 92930048 109707264 126484480 143261696 160038912 176816128 193593344 210370560 227147776 243924992 260702208 )[ 1 -1 69 1 0 ]
3d ( 13238272 30015488 46792704 63569920 80347136 97124352 113901568 130678784 147456000 164233216 181010432 197787648 214564864 231342080 248119296 264896512 )[ 1 -1 101 1 0 ]
3d ( 6946816 23724032 40501248 57278464 74055680 90832896 107610112 124387328 141164544 157941760 174718976 191496192 208273408 225050624 241827840 258605056 )[ 1 -1 53 1 0 ]
3d ( 11141120 27918336 44695552 61472768 78249984 95027200 111804416 128581632 145358848 162136064 178913280 195690496 212467712 229244928 246022144 262799360 )[ 1 -1 85 1 0 ]
3d ( 15335424 32112640 48889856 65667072 82444288 99221504 115998720 132775936 149553152 166330368 183107584 199884800 216662016 233439232 250216448 266993664 )[ 1 -1 117 1 0 ]
3d ( 3801088 20578304 37355520 54132736 70909952 87687168 104464384 121241600 138018816 154796032 171573248 188350464 205127680 221904896 238682112 255459328 )[ 1 -1 29 1 0 ]
3d ( 5898240 22675456 39452672 56229888 73007104 89784320 106561536 123338752 140115968 156893184 173670400 190447616 207224832 224002048 240779264 257556480 )[ 1 -1 45 1 0 ]
3d ( 10092544 26869760 43646976 60424192 77201408 93978624 110755840 127533056 144310272 161087488 177864704 194641920 211419136 228196352 244973568 261750784 )[ 1 -1 77 1 0 ]
3d ( 14286848 31064064 47841280 64618496 81395712 98172928 114950144 131727360 148504576 165281792 182059008 198836224 215613440 232390656 249167872 265945088 )[ 1 -1 109 1 0 ]
3d ( 7995392 24772608 41549824 58327040 75104256 91881472 108658688 125435904 142213120 158990336 175767552 192544768 209321984 226099200 242876416 259653632 )[ 1 -1 61 1 0 ]
3d ( 12189696 28966912 45744128 62521344 79298560 96075776 112852992 129630208 146407424 163184640 179961856 196739072 213516288 230293504 247070720 263847936 )[ 1 -1 93 1 0 ]
3d ( 16384000 33161216 49938432 66715648 83492864 100270080 117047296 133824512 150601728 167378944 184156160 200933376 217710592 234487808 251265024 268042240 )[ 1 -1 125 1 0 ]
3d ( 262144 17039360 33816576 50593792 67371008 84148224 100925440 117702656 134479872 151257088 168034304 184811520 201588736 218365952 235143168 251920384 )[ 1 -1 2 1 0 ]
3d ( 524288 17301504 34078720 50855936 67633152 84410368 101187584 117964800 134742016 151519232 168296448 185073664 201850880 218628096 235405312 252182528 )[ 1 -1 4 1 0 ]
3d ( 1048576 17825792 34603008 51380224 68157440 84934656 101711872 118489088 135266304 152043520 168820736 185597952 202375168 219152384 235929600 252706816 )[ 1 -1 8 1 0 ]
3d ( 2097152 18874368 35651584 52428800 69206016 85983232 102760448 119537664 136314880 153092096 169869312 186646528 203423744 220200960 236978176 253755392 )[ 1 -1 16 1 0 ]
3d ( 4194304 20971520 37748736 54525952 71303168 88080384 104857600 121634816 138412032 155189248 171966464 188743680 205520896 222298112 239075328 255852544 )[ 1 -1 32 1 0 ]
3d ( 8388608 25165824 41943040 58720256 75497472 92274688 109051904 125829120 142606336 159383552 176160768 192937984 209715200 226492416 243269632 260046848 )[ 1 -1 64 1 0 ]
3d ( 12582912 29360128 46137344 62914560 79691776 96468992 113246208 130023424 146800640 163577856 180355072 197132288 213909504 230686720 247463936 264241152 )[ 1 -1 96 1 0 ]
3d ( 6291456 23068672 39845888 56623104 73400320 90177536 106954752 123731968 140509184 157286400 174063616 190840832 207618048 224395264 241172480 257949696 )[ 1 -1 48 1 0 ]
3d ( 10485760 27262976 44040192 60817408 77594624 94371840 111149056 127926272 144703488 161480704 178257920 195035136 211812352 228589568 245366784 262144000 )[ 1 -1 80 1 0 ]
3d ( 14680064 31457280 48234496 65011712 81788928 98566144 115343360 132120576 148897792 165675008 182452224 199229440 216006656 232783872 249561088 266338304 )[ 1 -1 112 1 0 ]
3d ( 3145728 19922944 36700160 53477376 70254592 87031808 103809024 120586240 137363456 154140672 170917888 187695104 204472320 221249536 238026752 254803968 )[ 1 -1 24 1 0 ]
3d ( 5242880 22020096 38797312 55574528 72351744 89128960 105906176 122683392 139460608 156237824 173015040 189792256 206569472 223346688 240123904 256901120 )[ 1 -1 40 1 0 ]
3d ( 9437184 26214400 42991616 59768832 76546048 93323264 110100480 126877696 143654912 160432128 177209344 193986560 210763776 227540992 244318208 261095424 )[ 1 -1 72 1 0 ]
3d ( 13631488 30408704 47185920 63963136 80740352 97517568 114294784 131072000 147849216 164626432 181403648 198180864 214958080 231735296 248512512 265289728 )[ 1 -1 104 1 0 ]
3d ( 7340032 24117248 40894464 57671680 74448896 91226112 108003328 124780544 141557760 158334976 175112192 191889408 208666624 225443840 242221056 258998272 )[ 1 -1 56 1 0 ]
3d ( 11534336 28311552 45088768 61865984 78643200 95420416 112197632 128974848 145752064 162529280 179306496 196083712 212860928 229638144 246415360 263192576 )[ 1 -1 88 1 0 ]
3d ( 15728640 32505856 49283072 66060288 82837504 99614720 116391936 133169152 149946368 166723584 183500800 200278016 217055232 233832448 250609664 267386880 )[ 1 -1 120 1 0 ]
3d ( 1572864 18350080 35127296 51904512 68681728 85458944 102236160 119013376 135790592 152567808 169345024 186122240 202899456 219676672 236453888 253231104 )[ 1 -1 12 1 0 ]
3d ( 2621440 19398656 36175872 52953088 69730304 86507520 103284736 120061952 136839168 153616384 170393600 187170816 203948032 220725248 237502464 254279680 )[ 1 -1 20 1 0 ]
3d ( 4718592 21495808 38273024 55050240 71827456 88604672 105381888 122159104 138936320 155713536 172490752 189267968 206045184 222822400 239599616 256376832 )[ 1 -1 36 1 0 ]
3d ( 8912896 25690112 42467328 59244544 76021760 92798976 109576192 126353408 143130624 159907840 176685056 193462272 210239488 227016704 243793920 260571136 )[ 1 -1 68 1 0 ]
3d ( 13107200 29884416 46661632 63438848 80216064 96993280 113770496 130547712 147324928 164102144 180879360 197656576 214433792 231211008 247988224 264765440 )[ 1 -1 100 1 0 ]
3d ( 6815744 23592960 40370176 57147392 73924608 90701824 107479040 124256256 141033472 157810688 174587904 191365120 208142336 224919552 241696768 258473984 )[ 1 -1 52 1 0 ]
3d ( 11010048 27787264 44564480 61341696 78118912 94896128 111673344 128450560 145227776 162004992 178782208 195559424 212336640 229113856 245891072 262668288 )[ 1 -1 84 1 0 ]
3d ( 15204352 31981568 48758784 65536000 82313216 99090432 115867648 132644864 149422080 166199296 182976512 199753728 216530944 233308160 250085376 266862592 )[ 1 -1 116 1 0 ]
3d ( 3670016 20447232 37224448 54001664 70778880 87556096 104333312 121110528 137887744 154664960 171442176 188219392 204996608 221773824 238551040 255328256 )[ 1 -1 28 1 0 ]
3d ( 5767168 22544384 39321600 56098816 72876032 89653248 106430464 123207680 139984896 156762112 173539328 190316544 207093760 223870976 240648192 257425408 )[ 1 -1 44 1 0 ]
3d ( 9961472 26738688 43515904 60293120 77070336 93847552 110624768 127401984 144179200 160956416 177733632 194510848 211288064 228065280 244842496 261619712 )[ 1 -1 76 1 0 ]
3d ( 14155776 30932992 47710208 64487424 81264640 98041856 114819072 131596288 148373504 165150720 181927936 198705152 215482368 232259584 249036800 265814016 )[ 1 -1 108 1 0 ]
3d ( 7864320 24641536 41418752 58195968 74973184 91750400 108527616 125304832 142082048 158859264 175636480 192413696 209190912 225968128 242745344 259522560 )[ 1 -1 60 1 0 ]
3d ( 12058624 28835840 45613056 62390272 79167488 95944704 112721920 129499136 146276352 163053568 179830784 196608000 213385216 230162432 246939648 263716864 )[ 1 -1 92 1 0 ]
3d ( 16252928 33030144 49807360 66584576 83361792 100139008 116916224 133693440 150470656 167247872 184025088 200802304 217579520 234356736 251133952 267911168 )[ 1 -1 124 1 0 ]
3d ( 786432 17563648 34340864 51118080 67895296 84672512 101449728 118226944 135004160 151781376 168558592 185335808 202113024 218890240 235667456 252444672 )[ 1 -1 6 1 0 ]
3d ( 1310720 18087936 34865152 51642368 68419584 85196800 101974016 118751232 135528448 152305664 169082880 185860096 202637312 219414528 236191744 252968960 )[ 1 -1 10 1 0 ]
3d ( 2359296 19136512 35913728 52690944 69468160 86245376 103022592 119799808 136577024 153354240 170131456 186908672 203685888 220463104 237240320 254017536 )[ 1 -1 18 1 0 ]
3d ( 4456448 21233664 38010880 54788096 71565312 88342528 105119744 121896960 138674176 155451392 172228608 189005824 205783040 222560256 239337472 256114688 )[ 1 -1 34 1 0 ]
3d ( 8650752 25427968 42205184 58982400 75759616 92536832 109314048 126091264 142868480 159645696 176422912 193200128 209977344 226754560 243531776 260308992 )[ 1 -1 66 1 0 ]
3d ( 12845056 29622272 46399488 63176704 79953920 96731136 113508352 130285568 147062784 163840000 180617216 197394432 214171648 230948864 247726080 264503296 )[ 1 -1 98 1 0 ]
3d ( 6553600 23330816 40108032 56885248 73662464 90439680 107216896 123994112 140771328 157548544 174325760 191102976 207880192 224657408 241434624 258211840 )[ 1 -1 50 1 0 ]
3d ( 10747904 27525120 44302336 61079552 77856768 94633984 111411200 128188416 144965632 161742848 178520064 195297280 212074496 228851712 245628928 262406144 )[ 1 -1 82 1 0 ]
3d ( 14942208 31719424 48496640 65273856 82051072 98828288 115605504 132382720 149159936 165937152 182714368 199491584 216268800 233046016 249823232 266600448 )[ 1 -1 114 1 0 ]
3d ( 3407872 20185088 36962304 53739520 70516736 87293952 104071168 120848384 137625600 154402816 171180032 187957248 204734464 221511680 238288896 255066112 )[ 1 -1 26 1 0 ]
3d ( 5505024 22282240 39059456 55836672 72613888 89391104 106168320 122945536 139722752 156499968 173277184 190054400 206831616 223608832 240386048 257163264 )[ 1 -1 42 1 0 ]
3d ( 9699328 26476544 43253760 60030976 76808192 93585408 110362624 127139840 143917056 160694272 177471488 194248704 211025920 227803136 244580352 261357568 )[ 1 -1 74 1 0 ]
3d ( 13893632 30670848 47448064 64225280 81002496 97779712 114556928 131334144 148111360 164888576 181665792 198443008 215220224 231997440 248774656 265551872 )[ 1 -1 106 1 0 ]
3d ( 7602176 24379392 41156608 57933824 74711040 91488256 108265472 125042688 141819904 158597120 175374336 192151552 208928768 225705984 242483200 259260416 )[ 1 -1 58 1 0 ]
3d ( 11796480 28573696 45350912 62128128 78905344 95682560 112459776 129236992 146014208 162791424 179568640 196345856 213123072 229900288 246677504 263454720 )[ 1 -1 90 1 0 ]
3d ( 15990784 32768000 49545216 66322432 83099648 99876864 116654080 133431296 150208512 166985728 183762944 200540160 217317376 234094592 250871808 267649024 )[ 1 -1 122 1 0 ]
3d ( 1835008 18612224 35389440 52166656 68943872 85721088 102498304 119275520 136052736 152829952 169607168 186384384 203161600 219938816 236716032 253493248 )[ 1 -1 14 1 0 ]
3d ( 2883584 19660800 36438016 53215232 69992448 86769664 103546880 120324096 137101312 153878528 170655744 187432960 204210176 220987392 237764608 254541824 )[ 1 -1 22 1 0 ]
3d ( 4980736 21757952 38535168 55312384 72089600 88866816 105644032 122421248 139198464 155975680 172752896 189530112 206307328 223084544 239861760 256638976 )[ 1 -1 38 1 0 ]
3d ( 9175040 25952256 42729472 59506688 76283904 93061120 109838336 126615552 143392768 160169984 176947200 193724416 210501632 227278848 244056064 260833280 )[ 1 -1 70 1 0 ]
3d ( 13369344 30146560 46923776 63700992 80478208 97255424 114032640 130809856 147587072 164364288 181141504 197918720 214695936 231473152 248250368 265027584 )[ 1 -1 102 1 0 ]
3d ( 7077888 23855104 40632320 57409536 74186752 90963968 107741184 124518400 141295616 158072832 174850048 191627264 208404480 225181696 241958912 258736128 )[ 1 -1 54 1 0 ]
3d ( 11272192 28049408 44826624 61603840 78381056 95158272 111935488 128712704 145489920 162267136 179044352 195821568 212598784 229376000 246153216 262930432 )[ 1 -1 86 1 0 ]
3d ( 15466496 32243712 49020928 65798144 82575360 99352576 116129792 132907008 149684224 166461440 183238656 200015872 216793088 233570304 250347520 267124736 )[ 1 -1 118 1 0 ]
3d ( 3932160 20709376 37486592 54263808 71041024 87818240 104595456 121372672 138149888 154927104 171704320 188481536 205258752 222035968 238813184 255590400 )[ 1 -1 30 1 0 ]
3d ( 6029312 22806528 39583744 56360960 73138176 89915392 106692608 123469824 140247040 157024256 173801472 190578688 207355904 224133120 240910336 257687552 )[ 1 -1 46 1 0 ]
3d ( 10223616 27000832 43778048 60555264 77332480 94109696 110886912 127664128 144441344 161218560 177995776 194772992 211550208 228327424 245104640 261881856 )[ 1 -1 78 1 0 ]
3d ( 14417920 31195136 47972352 64749568 81526784 98304000 115081216 131858432 148635648 165412864 182190080 198967296 215744512 232521728 249298944 266076160 )[ 1 -1 110 1 0 ]
3d ( 8126464 24903680 41680896 58458112 75235328 92012544 108789760 125566976 142344192 159121408 175898624 192675840 209453056 226230272 243007488 259784704 )[ 1 -1 62 1 0 ]
3d ( 12320768 29097984 45875200 62652416 79429632 96206848 112984064 129761280 146538496 163315712 180092928 196870144 213647360 230424576 247201792 263979008 )[ 1 -1 94 1 0 ]
3d ( 16515072 33292288 50069504 66846720 83623936 100401152 117178368 133955584 150732800 167510016 184287232 201064448 217841664 234618880 251396096 268173312 )[ 1 -1 126 1 0 ]

RANKS: 1 -1 0 128 1
EVENT43: 1183 496b2e_496d6d_496dcd_46b6dc_4621ad_4592c8
COMP 51-0: 495934_495c58_495d39_46b48b_46551c_462061_4592c8 (128 50.71 0 39.67 0 58.67){0.00 0.00 0.00 0.00 18.40 0}{18.40 0.00 0.00 0.00 36.80 0}{36.80 41.00 44.96 54.00 55.20 13}{55.20 56.88 60.29 73.00 73.60 19}{73.60 0.00 0.00 0.00 92.00 0}
3c 1002 
52 819 

RANKS: 1 -1 0 128 1
EVENT44: 1171 491686_491ab6_491b7b_46be3a_462211_4592c8
COMP 51-0: 496b2e_496d6d_496dcd_46b6dc_4621ad_4592c8 (128 12.44 0 11.00 0 13.67){0.00 0.00 0.00 0.00 5.20 0}{5.20 0.00 0.00 0.00 10.40 0}{10.40 11.00 12.66 15.00 15.60 32}{15.60 0.00 0.00 0.00 20.80 0}{20.80 0.00 0.00 0.00 26.00 0}
COMM 51-0: 496b2e_496d6d_496dcd_46b6dc_4621ad_4592c8 (128 0.00 0 0.00 0 0.00){0.00 0.00 0.00 0.00 568.80 0}{568.80 0.00 0.00 0.00 1137.60 0}{1137.60 1141.00 1319.94 1659.00 1706.40 32}{1706.40 0.00 0.00 0.00 2275.20 0}{2275.20 0.00 0.00 0.00 2844.00 0}
10 1000 
3a :/tmp/interleave.dat    
3b 2 
3c 1003 
52 267 

RANKS: 1 -1 0 128 1
EVENT45: 1183 496b2e_496d6d_496dcd_46bfdd_462211_4592c8
COMP 51-0: 491686_491ab6_491b7b_46be3a_462211_4592c8 (128 18.54 0 15.62 0 35.40){0.00 0.00 0.00 0.00 8.00 0}{8.00 16.00 16.00 16.00 16.00 2}{16.00 17.00 18.61 21.00 24.00 28}{24.00 0.00 0.00 0.00 32.00 0}{32.00 34.00 34.50 35.00 40.00 2}
3c 1003 
52 47 

RANKS: 1 -1 0 128 1
EVENT46: 1004 46e310_46e630_46e710_46c1e0_462211_4592c8
COMP 51-0: 496b2e_496d6d_496dcd_46bfdd_462211_4592c8 (128 11.62 0 10.24 0 12.68){0.00 0.00 0.00 0.00 4.80 0}{4.80 0.00 0.00 0.00 9.60 0}{9.60 10.00 11.22 12.00 14.40 32}{14.40 0.00 0.00 0.00 19.20 0}{19.20 0.00 0.00 0.00 24.00 0}
10 1000 
12 1 
14 38 
18 2 

RANKS: 1 -1 0 128 1
EVENT47: 1004 46e310_46e630_46e710_46c2e0_462211_4592c8
COMP 51-0: 46e310_46e630_46e710_46c1e0_462211_4592c8 (128 9.68 0 9.00 0 10.33){0.00 0.00 0.00 0.00 4.00 0}{4.00 0.00 0.00 0.00 8.00 0}{8.00 9.00 10.31 11.00 12.00 32}{12.00 0.00 0.00 0.00 16.00 0}{16.00 0.00 0.00 0.00 20.00 0}
10 1000 
12 1 
14 38 
18 1 

RANKS: 1 -1 0 128 1
EVENT48: 1004 46e310_46e630_46e710_459de7_462227_4592c8
COMP 51-0: 46e310_46e630_46e710_46c2e0_462211_4592c8 (128 9.75 0 9.00 0 10.33){0.00 0.00 0.00 0.00 4.00 0}{4.00 0.00 0.00 0.00 8.00 0}{8.00 9.00 10.34 11.00 12.00 32}{12.00 0.00 0.00 0.00 16.00 0}{16.00 0.00 0.00 0.00 20.00 0}
10 1000 
12 1 
14 38 
18 3 

RANKS: 1 -1 0 128 1
EVENT49: 1104 48214b_4824b0_4825ae_45d3dc_462268_4592c8
COMP 51-0: 46e310_46e630_46e710_459de7_462227_4592c8 (128 11.38 0 9.76 0 13.20){0.00 0.00 0.00 0.00 4.40 0}{4.40 0.00 0.00 0.00 8.80 0}{8.80 10.00 11.44 13.00 13.20 32}{13.20 0.00 0.00 0.00 17.60 0}{17.60 0.00 0.00 0.00 22.00 0}
COMP 51-1: 48214b_4824b0_4825ae_45d3dc_462268_4592c8 (1408 10.41 0 7.62 0 0.00){0.00 0.00 0.00 0.00 4.00 0}{4.00 8.00 8.00 8.00 8.00 1}{8.00 9.00 10.13 11.00 16.00 345}{16.00 18.00 18.50 20.00 20.00 4}{20.00 27.00 28.50 30.00 40.00 2}
LOOP0: iter: ( 12 )[ 1 -1 0 128 1 ] mem: ( 1 )[ 1 -1 0 128 1 ]
10 1000 
12 1 
14 10 
18 2 1 
19 0 

RANKS: 1 -1 0 128 1
EVENT50: 1010 470bed_470de3_470e43_462676_4592c8
COMP 51-0: 48214b_4824b0_4825ae_45d3dc_462268_4592c8 (128 10.37 0 8.62 0 16.90){0.00 0.00 0.00 0.00 4.00 0}{4.00 0.00 0.00 0.00 8.00 0}{8.00 9.00 10.44 12.00 12.00 32}{12.00 0.00 0.00 0.00 16.00 0}{16.00 0.00 0.00 0.00 20.00 0}
10 1000 

RANKS: 1 -1 0 1 0
EVENT51: 1184 497051_4972e3_497353_46b9a3_45db5e_462786_4592c8
COMP 51-0: 470bed_470de3_470e43_462676_4592c8 (1 25.00 0 25.00 0 25.00){0.00 0.00 0.00 0.00 10.80 0}{10.80 0.00 0.00 0.00 21.60 0}{21.60 27.00 27.00 27.00 32.40 1}{32.40 0.00 0.00 0.00 43.20 0}{43.20 0.00 0.00 0.00 54.00 0}
3a :/tmp/interleave.dat    

RANKS: 1 -1 0 128 1
EVENT52: 1010 470bed_470de3_470e43_4627a3_4592c8
COMP 51-0: 470bed_470de3_470e43_462676_4592c8 (127 14.25 0 8.00 0 29.40){0.00 0.00 0.00 0.00 4.00 0}{4.00 8.00 8.00 8.00 8.00 1}{8.00 9.00 9.66 11.00 12.00 29}{12.00 13.00 13.00 13.00 16.00 1}{16.00 0.00 0.00 0.00 20.00 0}
COMP 51-1: 497051_4972e3_497353_46b9a3_45db5e_462786_4592c8 (1 34.30 0 34.30 0 34.30){0.00 0.00 0.00 0.00 7.20 0}{7.20 0.00 0.00 0.00 14.40 0}{14.40 18.00 18.00 18.00 21.60 1}{21.60 0.00 0.00 0.00 28.80 0}{28.80 0.00 0.00 0.00 36.00 0}
10 1000 

RANKS: 1 -1 0 1 0
EVENT53: 1169 4a4ea5_4a5137_4a51d4_45f333_4628d3_4592c8
COMP 51-0: 470bed_470de3_470e43_4627a3_4592c8 (1 74.20 0 74.20 0 74.20){0.00 0.00 0.00 0.00 14.80 0}{14.80 0.00 0.00 0.00 29.60 0}{29.60 37.00 37.00 37.00 44.40 1}{44.40 0.00 0.00 0.00 59.20 0}{59.20 0.00 0.00 0.00 74.00 0}
11 1 
12 109 
49 0 

RANKS: 1 -1 0 1 0
EVENT54: 1169 4a4ea5_4a5137_4a51d4_45f358_4628d3_4592c8
COMP 51-0: 4a4ea5_4a5137_4a51d4_45f333_4628d3_4592c8 (1 10.33 0 10.33 0 10.33){0.00 0.00 0.00 0.00 3.60 0}{3.60 0.00 0.00 0.00 7.20 0}{7.20 9.00 9.00 9.00 10.80 1}{10.80 0.00 0.00 0.00 14.40 0}{14.40 0.00 0.00 0.00 18.00 0}
11 1 
12 87 
49 0 

RANKS: 1 -1 0 1 0
EVENT55: 1169 4a4ea5_4a5137_4a51d4_45f384_4628d3_4592c8
COMP 51-0: 4a4ea5_4a5137_4a51d4_45f358_4628d3_4592c8 (1 12.00 0 12.00 0 12.00){0.00 0.00 0.00 0.00 5.60 0}{5.60 0.00 0.00 0.00 11.20 0}{11.20 14.00 14.00 14.00 16.80 1}{16.80 0.00 0.00 0.00 22.40 0}{22.40 0.00 0.00 0.00 28.00 0}
11 1 
12 108 
49 0 

RANKS: 1 -1 0 1 0
EVENT56: 1169 4a4ea5_4a5137_4a51d4_45f764_4628d3_4592c8
COMP 51-0: 4a4ea5_4a5137_4a51d4_45f384_4628d3_4592c8 (1 39.33 0 39.33 0 39.33){0.00 0.00 0.00 0.00 14.00 0}{14.00 0.00 0.00 0.00 28.00 0}{28.00 35.00 35.00 35.00 42.00 1}{42.00 0.00 0.00 0.00 56.00 0}{56.00 0.00 0.00 0.00 70.00 0}
11 1 
12 6 
49 0 

RANKS: 1 -1 0 1 0
EVENT57: 1169 4a4ea5_4a5137_4a51d4_45fb4a_4628d3_4592c8
COMP 51-0: 4a4ea5_4a5137_4a51d4_45f764_4628d3_4592c8 (1 24.00 0 24.00 0 24.00){0.00 0.00 0.00 0.00 10.00 0}{10.00 0.00 0.00 0.00 20.00 0}{20.00 25.00 25.00 25.00 30.00 1}{30.00 0.00 0.00 0.00 40.00 0}{40.00 0.00 0.00 0.00 50.00 0}
11 1 
12 6 
49 0 

RANKS: 1 -1 0 128 1
EVENT58: 1028 474931_474af2_474b52_4628dd_4592c8
COMP 51-0: 470bed_470de3_470e43_4627a3_4592c8 (127 139.38 0 31.89 0 478.60){0.00 0.00 0.00 0.00 17.60 0}{17.60 32.00 48.64 67.00 88.00 14}{88.00 93.50 97.00 106.00 116.00 6}{116.00 130.00 162.71 251.00 260.00 7}{260.00 304.00 335.00 396.00 532.00 4}
COMP 51-1: 4a4ea5_4a5137_4a51d4_45fb4a_4628d3_4592c8 (1 30.23 0 30.23 0 30.23){0.00 0.00 0.00 0.00 12.00 0}{12.00 0.00 0.00 0.00 24.00 0}{24.00 30.00 30.00 30.00 36.00 1}{36.00 0.00 0.00 0.00 48.00 0}{48.00 0.00 0.00 0.00 60.00 0}
10 1000 

RANKS: 1 -1 0 128 1
EVENT59: 1010 470bed_470de3_470e43_462a58_4592c8
COMP 51-0: 474931_474af2_474b52_4628dd_4592c8 (128 10.42 0 10.00 0 11.00){0.00 0.00 0.00 0.00 4.40 0}{4.40 0.00 0.00 0.00 8.80 0}{8.80 10.00 10.34 12.00 13.20 32}{13.20 0.00 0.00 0.00 17.60 0}{17.60 0.00 0.00 0.00 22.00 0}
10 2 

RANKS: 1 -1 0 128 1
EVENT60: 1045 476acc_476b3d_476b81_4593a5
COMP 51-0: 470bed_470de3_470e43_462a58_4592c8 (128 0.00 0 1.92 0 0.00){0.00 31.00 31.00 31.00 91.20 1}{91.20 0.00 0.00 0.00 182.40 0}{182.40 228.00 228.00 228.00 364.80 1}{364.80 0.00 0.00 0.00 456.00 0}{456.00 482.80 6329.93 8648.00 14094.00 30}
52 3590 

