RANKS: 1 -1 0 16 1
EVENT0: 1084 47cb68_47cc13_47cc5f_458f9f
33 2 
34 0 

RANKS: 1 -1 0 1 0
EVENT1: 1102 4810ba_481457_481550_45ae8b_45db7f_459218
COMP 51-0: 47cb68_47cc13_47cc5f_458f9f (1 61.00 0 61.00 0 61.00){0.00 0.00 0.00 0.00 24.40 0}{24.40 0.00 0.00 0.00 48.80 0}{48.80 61.00 61.00 61.00 73.20 1}{73.20 0.00 0.00 0.00 97.60 0}{97.60 0.00 0.00 0.00 122.00 0}
COMP 51-1: 4810ba_481457_481550_45ae8b_45db7f_459218 (14 10.47 0 9.00 0 14.00){0.00 0.00 0.00 0.00 5.60 0}{5.60 9.00 9.92 11.00 11.20 13}{11.20 14.00 14.00 14.00 16.80 1}{16.80 0.00 0.00 0.00 22.40 0}{22.40 0.00 0.00 0.00 28.00 0}
LOOP0: iter: ( 15 )[ 1 -1 0 1 0 ] mem: ( 1 )[ 1 -1 0 1 0 ]
10 2 
12 1024 
14 1 
1b 0 
2b 2147483647 

RANKS: 1 -1 1 15 1
EVENT2: 1113 485d8d_4860ce_4861a5_45afe1_45db7f_459218
COMP 51-0: 47cb68_47cc13_47cc5f_458f9f (15 57.81 5 40.00 10 81.00){0.00 0.00 0.00 0.00 18.40 0}{18.40 0.00 0.00 0.00 36.80 0}{36.80 40.00 47.62 54.00 55.20 8}{55.20 65.00 68.20 73.00 73.60 5}{73.60 76.00 78.50 81.00 92.00 2}
10 2 
12 1024 
14 1 
1a ( 15 )[ 1 -1 1 1 0 ]
1a ( 13 )[ 1 -1 3 1 0 ]
1a ( 9 )[ 1 -1 7 1 0 ]
1a ( 1 )[ 1 -1 15 1 0 ]
1a ( 5 )[ 1 -1 11 1 0 ]
1a ( 11 )[ 1 -1 5 1 0 ]
1a ( 7 )[ 1 -1 9 1 0 ]
1a ( 3 )[ 1 -1 13 1 0 ]
1a ( 14 )[ 1 -1 2 1 0 ]
1a ( 12 )[ 1 -1 4 1 0 ]
1a ( 8 )[ 1 -1 8 1 0 ]
1a ( 4 )[ 1 -1 12 1 0 ]
1a ( 10 )[ 1 -1 6 1 0 ]
1a ( 6 )[ 1 -1 10 1 0 ]
1a ( 2 )[ 1 -1 14 1 0 ]
1b 0 

RANKS: 1 -1 0 16 1
EVENT3: 1011 471052_47133e_4713fd_45b0e2_45db7f_459218
COMP 51-0: 4810ba_481457_481550_45ae8b_45db7f_459218 (1 13.00 0 13.00 0 13.00){0.00 0.00 0.00 0.00 5.20 0}{5.20 0.00 0.00 0.00 10.40 0}{10.40 13.00 13.00 13.00 15.60 1}{15.60 0.00 0.00 0.00 20.80 0}{20.80 0.00 0.00 0.00 26.00 0}
COMP 51-1: 485d8d_4860ce_4861a5_45afe1_45db7f_459218 (15 21.31 1 14.00 3 54.00){0.00 0.00 0.00 0.00 11.20 0}{11.20 14.00 14.67 16.00 16.80 3}{16.80 19.00 20.33 21.00 22.40 9}{22.40 23.00 23.00 23.00 28.00 2}{28.00 54.00 54.00 54.00 80.00 1}
10 2 
12 1 
14 3 
19 0 

RANKS: 1 -1 0 16 1
EVENT4: 1167 4a4646_4a4872_4a48cc_468bac_468df4_45db91_459218
COMP 51-0: 471052_47133e_4713fd_45b0e2_45db7f_459218 (16 2445.65 6 1720.00 2 3111.00){0.00 0.00 0.00 0.00 763.20 0}{763.20 0.00 0.00 0.00 1526.40 0}{1526.40 1720.00 1890.80 2025.00 2289.60 5}{2289.60 2302.00 2666.56 3043.00 3052.80 9}{3052.80 3104.00 3107.50 3111.00 3816.00 2}
49 0 
52 99938 

RANKS: 1 -1 0 16 1
EVENT5: 1011 471052_47133e_4713fd_45b7a0_45dba2_459218
COMP 51-0: 4a4646_4a4872_4a48cc_468bac_468df4_45db91_459218 (16 19.53 9 15.00 15 35.00){0.00 0.00 0.00 0.00 8.00 0}{8.00 15.00 15.00 15.00 16.00 2}{16.00 16.75 17.83 21.00 24.00 12}{24.00 0.00 0.00 0.00 32.00 0}{32.00 33.00 34.00 35.00 40.00 2}
10 2 
12 4 
14 12 
19 0 

RANKS: 1 -1 0 16 1
EVENT6: 1010 470bed_470de3_470e43_462b44_45dbc8_459218
COMP 51-0: 471052_47133e_4713fd_45b7a0_45dba2_459218 (16 35.88 15 22.00 4 69.00){0.00 0.00 0.00 0.00 11.60 0}{11.60 22.00 22.00 22.00 23.20 1}{23.20 29.00 33.00 34.00 34.80 8}{34.80 36.25 37.67 42.00 58.00 6}{58.00 69.00 69.00 69.00 80.00 1}
10 2 

RANKS: 1 -1 0 16 1
EVENT7: 1104 48214b_4824b0_4825ae_462c42_45dbc8_459218
COMP 51-0: 470bed_470de3_470e43_462b44_45dbc8_459218 (16 24.41 2 21.00 4 45.00){0.00 0.00 0.00 0.00 9.60 0}{9.60 0.00 0.00 0.00 19.20 0}{19.20 21.00 23.07 25.00 28.80 15}{28.80 0.00 0.00 0.00 38.40 0}{38.40 45.00 45.00 45.00 48.00 1}
10 2 
12 1 
14 10 
18 2 
19 0 

RANKS: 1 -1 0 16 1
EVENT8: 1104 48214b_4824b0_4825ae_462d4c_45dbc8_459218
COMP 51-0: 48214b_4824b0_4825ae_462c42_45dbc8_459218 (16 11.76 15 9.00 4 24.00){0.00 0.00 0.00 0.00 4.00 0}{4.00 0.00 0.00 0.00 8.00 0}{8.00 9.00 10.55 12.00 12.00 11}{12.00 12.33 12.50 13.00 20.00 4}{20.00 24.00 24.00 24.00 28.00 1}
10 2 
12 1 
14 10 
18 1 
19 0 

RANKS: 1 -1 0 16 1
EVENT9: 1011 471052_47133e_4713fd_462e50_45dbc8_459218
COMP 51-0: 48214b_4824b0_4825ae_462d4c_45dbc8_459218 (16 10.71 7 8.00 4 30.00){0.00 0.00 0.00 0.00 4.40 0}{4.40 8.00 8.25 8.50 8.80 4}{8.80 9.00 9.82 12.00 17.60 11}{17.60 0.00 0.00 0.00 22.00 0}{22.00 30.00 30.00 30.00 38.00 1}
10 2 
12 1 
14 10 
19 0 

RANKS: 1 -1 0 16 1
EVENT10: 1011 471052_47133e_4713fd_4675bc_45dbe2_459218
COMP 51-0: 471052_47133e_4713fd_462e50_45dbc8_459218 (16 10.35 1 9.00 4 22.00){0.00 0.00 0.00 0.00 5.20 0}{5.20 9.00 9.14 10.00 10.40 14}{10.40 13.00 13.00 13.00 15.60 1}{15.60 0.00 0.00 0.00 20.80 0}{20.80 22.00 22.00 22.00 26.00 1}
10 2 
12 1 
14 3 
19 0 

RANKS: 1 -1 0 1 0
EVENT11: 1169 4a4ea5_4a5137_4a51d4_45dd54_4592a1
COMP 51-0: 471052_47133e_4713fd_4675bc_45dbe2_459218 (1 181.00 0 181.00 0 181.00){0.00 0.00 0.00 0.00 72.40 0}{72.40 0.00 0.00 0.00 144.80 0}{144.80 181.00 181.00 181.00 217.20 1}{217.20 0.00 0.00 0.00 289.60 0}{289.60 0.00 0.00 0.00 362.00 0}
11 1 
12 18 
49 0 

RANKS: 1 -1 0 16 1
EVENT12: 1030 474d46_474f75_474fe5_45fced_4592c8
COMP 51-0: 471052_47133e_4713fd_4675bc_45dbe2_459218 (15 123.12 1 18.00 3 339.00){0.00 0.00 0.00 0.00 7.20 0}{7.20 0.00 0.00 0.00 14.40 0}{14.40 18.00 21.00 27.00 36.00 4}{36.00 54.00 76.40 87.00 138.00 5}{138.00 155.00 247.67 339.00 540.00 6}
COMP 51-1: 4a4ea5_4a5137_4a51d4_45dd54_4592a1 (1 169.00 0 169.00 0 169.00){0.00 0.00 0.00 0.00 67.60 0}{67.60 0.00 0.00 0.00 135.20 0}{135.20 169.00 169.00 169.00 202.80 1}{202.80 0.00 0.00 0.00 270.40 0}{270.40 0.00 0.00 0.00 338.00 0}
10 2 

RANKS: 1 -1 0 16 1
EVENT13: 1066 47b541_47b880_47b91f_45fdf8_4592c8
COMP 51-0: 474d46_474f75_474fe5_45fced_4592c8 (16 14.24 15 11.00 4 30.00){0.00 0.00 0.00 0.00 5.60 0}{5.60 11.00 11.00 11.00 11.20 1}{11.20 13.00 13.36 14.00 22.40 14}{22.40 0.00 0.00 0.00 28.00 0}{28.00 30.00 30.00 30.00 32.00 1}
b 0 15 1 
12 1 
21 1000 

RANKS: 1 -1 0 16 1
EVENT14: 1026 473ecc_47414c_4741cf_45fede_4592c8
COMP 51-0: 47b541_47b880_47b91f_45fdf8_4592c8 (16 13.12 6 10.00 4 25.00){0.00 0.00 0.00 0.00 4.40 0}{4.40 0.00 0.00 0.00 8.80 0}{8.80 10.00 11.83 13.00 13.20 12}{13.20 14.00 15.00 17.00 22.00 3}{22.00 25.00 25.00 25.00 28.00 1}
10 2 
21 1001 

RANKS: 1 -1 0 1 0
EVENT15: 1102 4810ba_481457_481550_45ae8b_460142_4592c8
COMP 51-0: 473ecc_47414c_4741cf_45fede_4592c8 (1 22.00 0 22.00 0 22.00){0.00 0.00 0.00 0.00 8.80 0}{8.80 0.00 0.00 0.00 17.60 0}{17.60 22.00 22.00 22.00 26.40 1}{26.40 0.00 0.00 0.00 35.20 0}{35.20 0.00 0.00 0.00 44.00 0}
COMP 51-1: 4810ba_481457_481550_45ae8b_460142_4592c8 (14 9.60 0 9.00 0 11.00){0.00 0.00 0.00 0.00 4.00 0}{4.00 0.00 0.00 0.00 8.00 0}{8.00 9.00 9.57 11.00 12.00 14}{12.00 0.00 0.00 0.00 16.00 0}{16.00 0.00 0.00 0.00 20.00 0}
LOOP0: iter: ( 15 )[ 1 -1 0 1 0 ] mem: ( 1 )[ 1 -1 0 1 0 ]
10 1000 
12 1024 
14 1 
1b 0 
2b 2147483647 

RANKS: 1 -1 1 15 1
EVENT16: 1113 485d8d_4860ce_4861a5_45afe1_460142_4592c8
COMP 51-0: 473ecc_47414c_4741cf_45fede_4592c8 (15 17.06 6 13.00 4 34.00){0.00 0.00 0.00 0.00 6.00 0}{6.00 0.00 0.00 0.00 12.00 0}{12.00 13.00 14.92 18.00 18.00 12}{18.00 21.00 22.50 24.00 30.00 2}{30.00 34.00 34.00 34.00 38.00 1}
10 1000 
12 1024 
14 1 
1a ( 15 )[ 1 -1 1 1 0 ]
1a ( 13 )[ 1 -1 3 1 0 ]
1a ( 9 )[ 1 -1 7 1 0 ]
1a ( 1 )[ 1 -1 15 1 0 ]
1a ( 5 )[ 1 -1 11 1 0 ]
1a ( 11 )[ 1 -1 5 1 0 ]
1a ( 7 )[ 1 -1 9 1 0 ]
1a ( 3 )[ 1 -1 13 1 0 ]
1a ( 14 )[ 1 -1 2 1 0 ]
1a ( 12 )[ 1 -1 4 1 0 ]
1a ( 8 )[ 1 -1 8 1 0 ]
1a ( 4 )[ 1 -1 12 1 0 ]
1a ( 10 )[ 1 -1 6 1 0 ]
1a ( 6 )[ 1 -1 10 1 0 ]
1a ( 2 )[ 1 -1 14 1 0 ]
1b 0 

RANKS: 1 -1 0 16 1
EVENT17: 1011 471052_47133e_4713fd_45b0e2_460142_4592c8
COMP 51-0: 4810ba_481457_481550_45ae8b_460142_4592c8 (1 10.00 0 10.00 0 10.00){0.00 0.00 0.00 0.00 4.00 0}{4.00 0.00 0.00 0.00 8.00 0}{8.00 10.00 10.00 10.00 12.00 1}{12.00 0.00 0.00 0.00 16.00 0}{16.00 0.00 0.00 0.00 20.00 0}
COMP 51-1: 485d8d_4860ce_4861a5_45afe1_460142_4592c8 (15 13.00 2 9.00 4 30.00){0.00 0.00 0.00 0.00 4.80 0}{4.80 9.00 9.00 9.00 9.60 1}{9.60 10.00 11.83 13.00 14.40 12}{14.40 15.00 15.00 15.00 24.00 1}{24.00 30.00 30.00 30.00 36.00 1}
10 1000 
12 1 
14 3 
19 0 

RANKS: 1 -1 0 1 0
EVENT18: 1169 4a4ea5_4a5137_4a51d4_45e063_4608cf_4592c8
COMP 51-0: 471052_47133e_4713fd_45b0e2_460142_4592c8 (1 18.00 0 18.00 0 18.00){0.00 0.00 0.00 0.00 7.20 0}{7.20 0.00 0.00 0.00 14.40 0}{14.40 18.00 18.00 18.00 21.60 1}{21.60 0.00 0.00 0.00 28.80 0}{28.80 0.00 0.00 0.00 36.00 0}
11 1 
12 10 
49 0 

RANKS: 1 -1 0 1 0
EVENT19: 1169 4a4ea5_4a5137_4a51d4_45e0c0_4608cf_4592c8
COMP 51-0: 4a4ea5_4a5137_4a51d4_45e063_4608cf_4592c8 (1 17.00 0 17.00 0 17.00){0.00 0.00 0.00 0.00 6.80 0}{6.80 0.00 0.00 0.00 13.60 0}{13.60 17.00 17.00 17.00 20.40 1}{20.40 0.00 0.00 0.00 27.20 0}{27.20 0.00 0.00 0.00 34.00 0}
11 1 
12 22 
49 0 

RANKS: 1 -1 0 1 0
EVENT20: 1169 4a4ea5_4a5137_4a51d4_45e0e9_4608cf_4592c8
COMP 51-0: 4a4ea5_4a5137_4a51d4_45e0c0_4608cf_4592c8 (1 12.00 0 12.00 0 12.00){0.00 0.00 0.00 0.00 4.80 0}{4.80 0.00 0.00 0.00 9.60 0}{9.60 12.00 12.00 12.00 14.40 1}{14.40 0.00 0.00 0.00 19.20 0}{19.20 0.00 0.00 0.00 24.00 0}
11 1 
12 16 
49 0 

RANKS: 1 -1 0 1 0
EVENT21: 1169 4a4ea5_4a5137_4a51d4_45e152_4608cf_4592c8
COMP 51-0: 4a4ea5_4a5137_4a51d4_45e0e9_4608cf_4592c8 (1 9.00 0 9.00 0 9.00){0.00 0.00 0.00 0.00 3.60 0}{3.60 0.00 0.00 0.00 7.20 0}{7.20 9.00 9.00 9.00 10.80 1}{10.80 0.00 0.00 0.00 14.40 0}{14.40 0.00 0.00 0.00 18.00 0}
11 1 
12 13 
49 0 

RANKS: 1 -1 0 1 0
EVENT22: 1169 4a4ea5_4a5137_4a51d4_45e1db_4608cf_4592c8
COMP 51-0: 4a4ea5_4a5137_4a51d4_45e152_4608cf_4592c8 (1 21.00 0 21.00 0 21.00){0.00 0.00 0.00 0.00 8.40 0}{8.40 0.00 0.00 0.00 16.80 0}{16.80 21.00 21.00 21.00 25.20 1}{25.20 0.00 0.00 0.00 33.60 0}{33.60 0.00 0.00 0.00 42.00 0}
11 1 
12 44 
49 0 

RANKS: 1 -1 0 1 0
EVENT23: 1169 4a4ea5_4a5137_4a51d4_45e1f6_4608cf_4592c8
COMP 51-0: 4a4ea5_4a5137_4a51d4_45e1db_4608cf_4592c8 (1 22.00 0 22.00 0 22.00){0.00 0.00 0.00 0.00 8.80 0}{8.80 0.00 0.00 0.00 17.60 0}{17.60 22.00 22.00 22.00 26.40 1}{26.40 0.00 0.00 0.00 35.20 0}{35.20 0.00 0.00 0.00 44.00 0}
11 1 
12 21 
49 0 

RANKS: 1 -1 0 1 0
EVENT24: 1169 4a4ea5_4a5137_4a51d4_45e21f_4608cf_4592c8
COMP 51-0: 4a4ea5_4a5137_4a51d4_45e1f6_4608cf_4592c8 (1 9.00 0 9.00 0 9.00){0.00 0.00 0.00 0.00 3.60 0}{3.60 0.00 0.00 0.00 7.20 0}{7.20 9.00 9.00 9.00 10.80 1}{10.80 0.00 0.00 0.00 14.40 0}{14.40 0.00 0.00 0.00 18.00 0}
11 1 
12 20 
49 0 

RANKS: 1 -1 0 1 0
EVENT25: 1169 4a4ea5_4a5137_4a51d4_45e257_4608cf_4592c8
COMP 51-0: 4a4ea5_4a5137_4a51d4_45e21f_4608cf_4592c8 (1 11.00 0 11.00 0 11.00){0.00 0.00 0.00 0.00 4.40 0}{4.40 0.00 0.00 0.00 8.80 0}{8.80 11.00 11.00 11.00 13.20 1}{13.20 0.00 0.00 0.00 17.60 0}{17.60 0.00 0.00 0.00 22.00 0}
11 1 
12 21 
49 0 

RANKS: 1 -1 0 1 0
EVENT26: 1169 4a4ea5_4a5137_4a51d4_45e28e_4608cf_4592c8
COMP 51-0: 4a4ea5_4a5137_4a51d4_45e257_4608cf_4592c8 (1 9.00 0 9.00 0 9.00){0.00 0.00 0.00 0.00 3.60 0}{3.60 0.00 0.00 0.00 7.20 0}{7.20 9.00 9.00 9.00 10.80 1}{10.80 0.00 0.00 0.00 14.40 0}{14.40 0.00 0.00 0.00 18.00 0}
11 1 
12 18 
49 0 

RANKS: 1 -1 0 16 1
EVENT27: 1011 471052_47133e_4713fd_460ac3_4592c8
COMP 51-0: 471052_47133e_4713fd_45b0e2_460142_4592c8 (15 17.38 9 12.00 4 41.00){0.00 0.00 0.00 0.00 6.40 0}{6.40 12.00 12.00 12.00 12.80 1}{12.80 14.00 16.08 18.00 25.60 13}{25.60 0.00 0.00 0.00 32.00 0}{32.00 41.00 41.00 41.00 50.00 1}
COMP 51-1: 4a4ea5_4a5137_4a51d4_45e28e_4608cf_4592c8 (1 30.00 0 30.00 0 30.00){0.00 0.00 0.00 0.00 12.00 0}{12.00 0.00 0.00 0.00 24.00 0}{24.00 30.00 30.00 30.00 36.00 1}{36.00 0.00 0.00 0.00 48.00 0}{48.00 0.00 0.00 0.00 60.00 0}
10 1000 
12 1 
14 7 
19 0 

RANKS: 1 -1 0 16 1
EVENT28: 1010 470bed_470de3_470e43_460d4a_4592c8
COMP 51-0: 471052_47133e_4713fd_460ac3_4592c8 (16 54.65 15 26.00 4 85.00){0.00 0.00 0.00 0.00 21.60 0}{21.60 26.00 26.50 27.00 43.20 2}{43.20 46.00 51.00 54.00 54.00 3}{54.00 57.20 61.10 66.67 74.00 10}{74.00 85.00 85.00 85.00 96.00 1}
10 1000 

RANKS: 1 -1 0 16 1
EVENT29: 1171 491686_491ab6_491b7b_46a744_46a481_460e5a_4592c8
COMP 51-0: 470bed_470de3_470e43_460d4a_4592c8 (16 147.29 0 25.00 7 1729.00){0.00 0.00 0.00 0.00 20.00 0}{20.00 25.00 26.25 32.00 50.00 8}{50.00 55.00 55.00 55.00 60.00 1}{60.00 62.00 80.83 87.00 106.00 6}{106.00 1729.00 1729.00 1729.00 3352.00 1}
COMM 51-0: 470bed_470de3_470e43_460d4a_4592c8 (16 1642.41 12 1167.00 4 3587.00){0.00 0.00 0.00 0.00 950.40 0}{950.40 1167.00 1338.36 1421.25 1425.60 11}{1425.60 1548.00 1645.50 1743.00 2376.00 2}{2376.00 2507.00 2566.50 2626.00 2876.00 2}{2876.00 3587.00 3587.00 3587.00 4298.00 1}
10 1 
3a :/tmp/chunk.dat.(-1 0 16 1)  
3b 41 
3c 1000 
52 5641 

RANKS: 1 -1 0 1 0
EVENT30: 1169 4a4ea5_4a5137_4a51d4_460f96_4592c8
COMP 51-0: 491686_491ab6_491b7b_46a744_46a481_460e5a_4592c8 (1 17.00 0 17.00 0 17.00){0.00 0.00 0.00 0.00 6.80 0}{6.80 0.00 0.00 0.00 13.60 0}{13.60 17.00 17.00 17.00 20.40 1}{20.40 0.00 0.00 0.00 27.20 0}{27.20 0.00 0.00 0.00 34.00 0}
11 1 
12 35 
49 0 

RANKS: 1 -1 0 16 1
EVENT31: 1173 49278e_492ab2_492b93_46b5b6_465436_460ff4_4592c8
COMP 51-0: 491686_491ab6_491b7b_46a744_46a481_460e5a_4592c8 (15 260.50 3 227.00 4 537.00){0.00 0.00 0.00 0.00 98.00 0}{98.00 0.00 0.00 0.00 196.00 0}{196.00 227.00 241.86 281.00 392.00 14}{392.00 0.00 0.00 0.00 490.00 0}{490.00 537.00 537.00 537.00 584.00 1}
COMP 51-1: 49278e_492ab2_492b93_46b5b6_465436_460ff4_4592c8 (240 41.27 12 21.00 13 100.00){0.00 21.00 21.00 21.00 24.80 1}{24.80 27.00 40.13 48.57 49.60 228}{49.60 52.00 57.00 61.00 62.00 3}{62.00 64.00 66.17 69.00 72.00 6}{72.00 75.00 87.50 100.00 128.00 2}
COMP 51-2: 4a4ea5_4a5137_4a51d4_460f96_4592c8 (1 264.00 0 264.00 0 264.00){0.00 0.00 0.00 0.00 105.60 0}{105.60 0.00 0.00 0.00 211.20 0}{211.20 264.00 264.00 264.00 316.80 1}{316.80 0.00 0.00 0.00 422.40 0}{422.40 0.00 0.00 0.00 528.00 0}
LOOP0: iter: ( 16 )[ 1 -1 0 16 1 ] mem: ( 1 )[ 1 -1 0 16 1 ]
12 131072 
14 12 
3c 1000 
3d 0 131072 262144 393216 524288 655360 786432 917504 1048576 1179648 1310720 1441792 1572864 1703936 1835008 1966080 

RANKS: 1 -1 0 16 1
EVENT32: 1183 496b2e_496d6d_496dcd_46b6dc_461140_4592c8
COMP 51-0: 49278e_492ab2_492b93_46b5b6_465436_460ff4_4592c8 (16 151.06 11 130.00 6 240.00){0.00 0.00 0.00 0.00 53.20 0}{53.20 0.00 0.00 0.00 106.40 0}{106.40 130.00 142.64 158.00 159.60 14}{159.60 198.00 198.00 198.00 212.80 1}{212.80 240.00 240.00 240.00 266.00 1}
3c 1000 
52 1038109 

RANKS: 1 -1 0 16 1
EVENT33: 1010 470bed_470de3_470e43_4612a4_4592c8
COMP 51-0: 496b2e_496d6d_496dcd_46b6dc_461140_4592c8 (16 26.53 0 26.00 1 27.00){0.00 0.00 0.00 0.00 10.40 0}{10.40 0.00 0.00 0.00 20.80 0}{20.80 26.00 26.56 27.00 31.20 16}{31.20 0.00 0.00 0.00 41.60 0}{41.60 0.00 0.00 0.00 52.00 0}
10 1000 

RANKS: 1 -1 0 16 1
EVENT34: 1171 491686_491ab6_491b7b_46be3a_461465_4592c8
COMP 51-0: 470bed_470de3_470e43_4612a4_4592c8 (16 28.18 1 27.00 0 31.00){0.00 0.00 0.00 0.00 12.40 0}{12.40 0.00 0.00 0.00 24.80 0}{24.80 27.00 28.00 31.00 37.20 16}{37.20 0.00 0.00 0.00 49.60 0}{49.60 0.00 0.00 0.00 62.00 0}
COMM 51-0: 470bed_470de3_470e43_4612a4_4592c8 (16 2554.53 0 2495.00 3 2606.00){0.00 0.00 0.00 0.00 998.00 0}{998.00 0.00 0.00 0.00 1996.00 0}{1996.00 2495.00 2558.25 2606.00 2994.00 16}{2994.00 0.00 0.00 0.00 3992.00 0}{3992.00 0.00 0.00 0.00 4990.00 0}
10 1000 
3a :/tmp/chunk.dat.(-1 0 16 1)  
3b 2 
3c 1001 
52 10031 

RANKS: 1 -1 0 16 1
EVENT35: 1183 496b2e_496d6d_496dcd_46bfdd_461465_4592c8
COMP 51-0: 491686_491ab6_491b7b_46be3a_461465_4592c8 (16 90.59 9 87.00 0 96.00){0.00 0.00 0.00 0.00 38.40 0}{38.40 0.00 0.00 0.00 76.80 0}{76.80 87.00 90.25 96.00 115.20 16}{115.20 0.00 0.00 0.00 153.60 0}{153.60 0.00 0.00 0.00 192.00 0}
3c 1001 
52 649 

RANKS: 1 -1 0 16 1
EVENT36: 1004 46e310_46e630_46e710_46c0d3_461465_4592c8
COMP 51-0: 496b2e_496d6d_496dcd_46bfdd_461465_4592c8 (16 42.47 2 17.00 1 117.00){0.00 0.00 0.00 0.00 14.00 0}{14.00 17.00 17.67 19.00 28.00 3}{28.00 33.00 37.09 45.00 56.00 11}{56.00 0.00 0.00 0.00 70.00 0}{70.00 109.00 113.00 117.00 164.00 2}
10 1000 
12 1 
14 38 
18 3 

RANKS: 1 -1 0 16 1
EVENT37: 1004 46e310_46e630_46e710_459de7_46147b_4592c8
COMP 51-0: 46e310_46e630_46e710_46c0d3_461465_4592c8 (16 22.82 6 10.00 2 30.00){0.00 10.00 10.00 10.00 10.00 1}{10.00 11.00 13.33 18.00 20.00 3}{20.00 25.00 26.08 30.00 30.00 12}{30.00 0.00 0.00 0.00 40.00 0}{40.00 0.00 0.00 0.00 50.00 0}
10 1000 
12 1 
14 38 
18 3 

RANKS: 1 -1 0 16 1
EVENT38: 1104 48214b_4824b0_4825ae_45d3dc_4614bc_4592c8
COMP 51-0: 46e310_46e630_46e710_459de7_46147b_4592c8 (16 35.06 15 17.00 14 74.00){0.00 0.00 0.00 0.00 11.20 0}{11.20 17.00 18.60 20.00 22.40 5}{22.40 28.00 28.00 28.00 33.60 1}{33.60 37.00 41.44 48.00 56.00 9}{56.00 74.00 74.00 74.00 92.00 1}
COMP 51-1: 48214b_4824b0_4825ae_45d3dc_4614bc_4592c8 (176 21.27 15 9.00 14 55.00){0.00 9.00 10.31 11.00 18.40 55}{18.40 21.00 25.36 27.10 27.60 112}{27.60 28.00 32.60 36.00 36.80 5}{36.80 37.00 38.67 40.00 46.00 3}{46.00 55.00 55.00 55.00 64.00 1}
LOOP0: iter: ( 12 )[ 1 -1 0 16 1 ] mem: ( 1 )[ 1 -1 0 16 1 ]
10 1000 
12 1 
14 10 
18 2 1 
19 0 

RANKS: 1 -1 0 16 1
EVENT39: 1010 470bed_470de3_470e43_461d7f_4592c8
COMP 51-0: 48214b_4824b0_4825ae_45d3dc_4614bc_4592c8 (16 33.29 15 18.00 3 41.00){0.00 0.00 0.00 0.00 15.60 0}{15.60 18.00 19.00 21.00 31.20 5}{31.20 37.00 39.27 41.00 46.80 11}{46.80 0.00 0.00 0.00 62.40 0}{62.40 0.00 0.00 0.00 78.00 0}
10 1000 

RANKS: 1 -1 0 16 1
EVENT40: 1171 491686_491ab6_491b7b_46a744_461e8f_4592c8
COMP 51-0: 470bed_470de3_470e43_461d7f_4592c8 (16 35.53 4 16.00 14 58.00){0.00 0.00 0.00 0.00 15.20 0}{15.20 16.00 18.00 20.00 30.40 5}{30.40 37.00 39.88 43.00 45.60 8}{45.60 46.00 52.33 58.00 60.80 3}{60.80 0.00 0.00 0.00 76.00 0}
COMM 51-0: 470bed_470de3_470e43_461d7f_4592c8 (16 191.59 15 95.00 14 261.00){0.00 0.00 0.00 0.00 90.80 0}{90.80 95.00 100.80 106.00 181.60 5}{181.60 216.00 229.64 261.00 272.40 11}{272.40 0.00 0.00 0.00 363.20 0}{363.20 0.00 0.00 0.00 454.00 0}
10 1 
3a :/tmp/chunk.dat.(-1 0 16 1)  
3b 41 
3c 1002 
52 5533 

RANKS: 1 -1 0 1 0
EVENT41: 1169 4a4ea5_4a5137_4a51d4_462003_4592c8
COMP 51-0: 491686_491ab6_491b7b_46a744_461e8f_4592c8 (1 28.00 0 28.00 0 28.00){0.00 0.00 0.00 0.00 11.20 0}{11.20 0.00 0.00 0.00 22.40 0}{22.40 28.00 28.00 28.00 33.60 1}{33.60 0.00 0.00 0.00 44.80 0}{44.80 0.00 0.00 0.00 56.00 0}
11 1 
12 34 
49 0 

RANKS: 1 -1 0 16 1
EVENT42: 1179 4951ba_4954de_4955bf_46b5b6_46551c_462061_4592c8
COMP 51-0: 491686_491ab6_491b7b_46a744_461e8f_4592c8 (15 463.00 15 208.00 1 590.00){0.00 208.00 223.75 231.00 236.00 4}{236.00 251.00 251.00 251.00 472.00 1}{472.00 556.00 567.20 590.00 708.00 10}{708.00 0.00 0.00 0.00 944.00 0}{944.00 0.00 0.00 0.00 1180.00 0}
COMP 51-1: 4951ba_4954de_4955bf_46b5b6_46551c_462061_4592c8 (240 23.94 9 10.00 15 225.00){0.00 10.00 11.10 13.00 13.60 72}{13.60 14.00 22.50 27.00 27.20 6}{27.20 27.40 27.94 35.00 40.80 156}{40.80 41.00 43.60 47.00 68.00 5}{68.00 225.00 225.00 225.00 382.00 1}
COMP 51-2: 4a4ea5_4a5137_4a51d4_462003_4592c8 (1 691.00 0 691.00 0 691.00){0.00 0.00 0.00 0.00 276.40 0}{276.40 0.00 0.00 0.00 552.80 0}{552.80 691.00 691.00 691.00 829.20 1}{829.20 0.00 0.00 0.00 1105.60 0}{1105.60 0.00 0.00 0.00 1382.00 0}
LOOP0: iter: ( 16 )[ 1 -1 0 16 1 ] mem: ( 1 )[ 1 -1 0 16 1 ]
12 131072 
14 12 
3c 1002 
3d 0 131072 262144 393216 524288 655360 786432 917504 1048576 1179648 1310720 1441792 1572864 1703936 1835008 1966080 

RANKS: 1 -1 0 16 1
EVENT43: 1183 496b2e_496d6d_496dcd_46b6dc_4621ad_4592c8
COMP 51-0: 4951ba_4954de_4955bf_46b5b6_46551c_462061_4592c8 (16 91.00 6 49.00 13 113.00){0.00 0.00 0.00 0.00 40.40 0}{40.40 49.00 55.80 73.00 80.80 5}{80.80 99.00 106.09 113.00 121.20 11}{121.20 0.00 0.00 0.00 161.60 0}{161.60 0.00 0.00 0.00 202.00 0}
3c 1002 
52 5643 

RANKS: 1 -1 0 16 1
EVENT44: 1171 491686_491ab6_491b7b_46be3a_462211_4592c8
COMP 51-0: 496b2e_496d6d_496dcd_46b6dc_4621ad_4592c8 (16 22.18 15 10.00 12 28.00){0.00 10.00 10.00 10.00 10.80 2}{10.80 11.00 11.67 12.00 21.60 3}{21.60 26.00 26.82 28.00 32.40 11}{32.40 0.00 0.00 0.00 43.20 0}{43.20 0.00 0.00 0.00 54.00 0}
COMM 51-0: 496b2e_496d6d_496dcd_46b6dc_4621ad_4592c8 (16 2178.12 14 586.00 4 4608.00){0.00 0.00 0.00 0.00 575.60 0}{575.60 586.00 586.00 586.00 1151.20 1}{1151.20 1185.00 1567.40 1987.00 2302.40 10}{2302.40 2844.00 2844.00 2844.00 2878.00 1}{2878.00 3760.00 4121.25 4608.00 4720.00 4}
10 1000 
3a :/tmp/chunk.dat.(-1 0 16 1)  
3b 2 
3c 1003 
52 2334 

RANKS: 1 -1 0 16 1
EVENT45: 1183 496b2e_496d6d_496dcd_46bfdd_462211_4592c8
COMP 51-0: 491686_491ab6_491b7b_46be3a_462211_4592c8 (16 35.53 15 18.00 7 44.00){0.00 0.00 0.00 0.00 17.20 0}{17.20 18.00 18.40 20.00 34.40 5}{34.40 41.00 42.64 44.00 51.60 11}{51.60 0.00 0.00 0.00 68.80 0}{68.80 0.00 0.00 0.00 86.00 0}
3c 1003 
52 138 

RANKS: 1 -1 0 16 1
EVENT46: 1004 46e310_46e630_46e710_46c0d3_462211_4592c8
COMP 51-0: 496b2e_496d6d_496dcd_46bfdd_462211_4592c8 (16 23.35 15 10.00 3 39.00){0.00 10.00 10.20 11.00 14.40 5}{14.40 24.00 24.75 25.00 28.80 8}{28.80 36.00 37.33 39.00 43.20 3}{43.20 0.00 0.00 0.00 57.60 0}{57.60 0.00 0.00 0.00 72.00 0}
10 1000 
12 1 
14 38 
18 3 

RANKS: 1 -1 0 16 1
EVENT47: 1004 46e310_46e630_46e710_459de7_462227_4592c8
COMP 51-0: 46e310_46e630_46e710_46c0d3_462211_4592c8 (16 19.94 9 9.00 5 26.00){0.00 9.00 9.00 9.00 9.60 1}{9.60 10.00 10.00 10.00 19.20 4}{19.20 24.00 24.18 26.00 28.80 11}{28.80 0.00 0.00 0.00 38.40 0}{38.40 0.00 0.00 0.00 48.00 0}
10 1000 
12 1 
14 38 
18 3 

RANKS: 1 -1 0 16 1
EVENT48: 1104 48214b_4824b0_4825ae_45d3dc_462268_4592c8
COMP 51-0: 46e310_46e630_46e710_459de7_462227_4592c8 (16 20.88 15 10.00 0 26.00){0.00 10.00 10.00 10.00 10.40 2}{10.40 11.00 11.00 11.00 20.80 3}{20.80 24.00 25.09 26.00 31.20 11}{31.20 0.00 0.00 0.00 41.60 0}{41.60 0.00 0.00 0.00 52.00 0}
COMP 51-1: 48214b_4824b0_4825ae_45d3dc_462268_4592c8 (176 21.24 15 9.00 11 149.00){0.00 9.00 9.94 10.05 10.80 48}{10.80 11.00 11.71 16.00 21.60 7}{21.60 22.00 25.11 27.00 32.40 119}{32.40 36.00 36.00 36.00 54.00 1}{54.00 149.00 149.00 149.00 244.00 1}
LOOP0: iter: ( 12 )[ 1 -1 0 16 1 ] mem: ( 1 )[ 1 -1 0 16 1 ]
10 1000 
12 1 
14 10 
18 2 1 
19 0 

RANKS: 1 -1 0 16 1
EVENT49: 1010 470bed_470de3_470e43_462676_4592c8
COMP 51-0: 48214b_4824b0_4825ae_45d3dc_462268_4592c8 (16 20.71 15 10.00 0 26.00){0.00 10.00 10.00 10.00 10.40 4}{10.40 11.00 11.00 11.00 20.80 1}{20.80 24.00 25.00 26.00 31.20 11}{31.20 0.00 0.00 0.00 41.60 0}{41.60 0.00 0.00 0.00 52.00 0}
10 1000 

RANKS: 1 -1 0 16 1
EVENT50: 1184 497051_4972e3_497353_46b9a3_45db0a_462786_4592c8
COMP 51-0: 470bed_470de3_470e43_462676_4592c8 (16 77.88 15 27.00 10 111.00){0.00 27.00 28.20 31.00 41.60 5}{41.60 82.00 82.00 82.00 83.20 1}{83.20 87.00 99.70 111.00 124.80 10}{124.80 0.00 0.00 0.00 166.40 0}{166.40 0.00 0.00 0.00 208.00 0}
3a :/tmp/chunk.dat.(-1 0 16 1)  

RANKS: 1 -1 0 16 1
EVENT51: 1010 470bed_470de3_470e43_4627a3_4592c8
COMP 51-0: 497051_4972e3_497353_46b9a3_45db0a_462786_4592c8 (16 15.35 15 11.00 1 27.00){0.00 0.00 0.00 0.00 5.20 0}{5.20 0.00 0.00 0.00 10.40 0}{10.40 11.00 12.00 14.00 20.80 12}{20.80 25.00 25.67 26.00 26.00 3}{26.00 27.00 27.00 27.00 28.00 1}
10 1000 

RANKS: 1 -1 0 1 0
EVENT52: 1169 4a4ea5_4a5137_4a51d4_45f333_4628d3_4592c8
COMP 51-0: 470bed_470de3_470e43_4627a3_4592c8 (1 26.00 0 26.00 0 26.00){0.00 0.00 0.00 0.00 10.40 0}{10.40 0.00 0.00 0.00 20.80 0}{20.80 26.00 26.00 26.00 31.20 1}{31.20 0.00 0.00 0.00 41.60 0}{41.60 0.00 0.00 0.00 52.00 0}
11 1 
12 109 
49 0 

RANKS: 1 -1 0 1 0
EVENT53: 1169 4a4ea5_4a5137_4a51d4_45f358_4628d3_4592c8
COMP 51-0: 4a4ea5_4a5137_4a51d4_45f333_4628d3_4592c8 (1 9.00 0 9.00 0 9.00){0.00 0.00 0.00 0.00 3.60 0}{3.60 0.00 0.00 0.00 7.20 0}{7.20 9.00 9.00 9.00 10.80 1}{10.80 0.00 0.00 0.00 14.40 0}{14.40 0.00 0.00 0.00 18.00 0}
11 1 
12 87 
49 0 

RANKS: 1 -1 0 1 0
EVENT54: 1169 4a4ea5_4a5137_4a51d4_45f384_4628d3_4592c8
COMP 51-0: 4a4ea5_4a5137_4a51d4_45f358_4628d3_4592c8 (1 15.00 0 15.00 0 15.00){0.00 0.00 0.00 0.00 6.00 0}{6.00 0.00 0.00 0.00 12.00 0}{12.00 15.00 15.00 15.00 18.00 1}{18.00 0.00 0.00 0.00 24.00 0}{24.00 0.00 0.00 0.00 30.00 0}
11 1 
12 108 
49 0 

RANKS: 1 -1 0 1 0
EVENT55: 1169 4a4ea5_4a5137_4a51d4_45f764_4628d3_4592c8
COMP 51-0: 4a4ea5_4a5137_4a51d4_45f384_4628d3_4592c8 (1 39.00 0 39.00 0 39.00){0.00 0.00 0.00 0.00 15.60 0}{15.60 0.00 0.00 0.00 31.20 0}{31.20 39.00 39.00 39.00 46.80 1}{46.80 0.00 0.00 0.00 62.40 0}{62.40 0.00 0.00 0.00 78.00 0}
11 1 
12 6 
49 0 

RANKS: 1 -1 0 1 0
EVENT56: 1169 4a4ea5_4a5137_4a51d4_45fb4a_4628d3_4592c8
COMP 51-0: 4a4ea5_4a5137_4a51d4_45f764_4628d3_4592c8 (1 95.00 0 95.00 0 95.00){0.00 0.00 0.00 0.00 38.00 0}{38.00 0.00 0.00 0.00 76.00 0}{76.00 95.00 95.00 95.00 114.00 1}{114.00 0.00 0.00 0.00 152.00 0}{152.00 0.00 0.00 0.00 190.00 0}
11 1 
12 6 
49 0 

RANKS: 1 -1 0 16 1
EVENT57: 1028 474931_474af2_474b52_4628dd_4592c8
COMP 51-0: 470bed_470de3_470e43_4627a3_4592c8 (15 158.38 13 34.00 5 323.00){0.00 34.00 49.00 73.00 80.40 3}{80.40 125.00 128.86 139.00 160.80 7}{160.80 193.00 197.00 201.00 241.20 2}{241.20 251.00 283.50 316.00 321.60 2}{321.60 323.00 323.00 323.00 402.00 1}
COMP 51-1: 4a4ea5_4a5137_4a51d4_45fb4a_4628d3_4592c8 (1 28.00 0 28.00 0 28.00){0.00 0.00 0.00 0.00 11.20 0}{11.20 0.00 0.00 0.00 22.40 0}{22.40 28.00 28.00 28.00 33.60 1}{33.60 0.00 0.00 0.00 44.80 0}{44.80 0.00 0.00 0.00 56.00 0}
10 1000 

RANKS: 1 -1 0 16 1
EVENT58: 1010 470bed_470de3_470e43_462a58_4592c8
COMP 51-0: 474931_474af2_474b52_4628dd_4592c8 (16 11.12 8 10.00 0 12.00){0.00 0.00 0.00 0.00 4.80 0}{4.80 0.00 0.00 0.00 9.60 0}{9.60 10.00 11.06 12.00 14.40 16}{14.40 0.00 0.00 0.00 19.20 0}{19.20 0.00 0.00 0.00 24.00 0}
10 2 

RANKS: 1 -1 0 16 1
EVENT59: 1045 476acc_476b3d_476b81_4593a5
COMP 51-0: 470bed_470de3_470e43_462a58_4592c8 (16 226.00 15 94.00 3 240.00){0.00 94.00 94.00 94.00 94.40 1}{94.40 0.00 0.00 0.00 188.80 0}{188.80 227.00 234.13 240.00 283.20 15}{283.20 0.00 0.00 0.00 377.60 0}{377.60 0.00 0.00 0.00 472.00 0}
52 5623 

