RANKS: 1 -1 0 24 1
EVENT0: 1084 47cb68_47cc13_47cc5f_458f9f
33 2 
34 0 

RANKS: 1 -1 0 1 0
EVENT1: 1102 4810ba_481457_481550_45ae8b_45db7f_459218
COMP 51-0: 47cb68_47cc13_47cc5f_458f9f (1 60.00 0 60.00 0 60.00){0.00 0.00 0.00 0.00 24.00 0}{24.00 0.00 0.00 0.00 48.00 0}{48.00 60.00 60.00 60.00 72.00 1}{72.00 0.00 0.00 0.00 96.00 0}{96.00 0.00 0.00 0.00 120.00 0}
COMP 51-1: 4810ba_481457_481550_45ae8b_45db7f_459218 (22 10.39 0 9.00 0 15.00){0.00 0.00 0.00 0.00 6.00 0}{6.00 9.00 9.95 12.00 12.00 21}{12.00 15.00 15.00 15.00 18.00 1}{18.00 0.00 0.00 0.00 24.00 0}{24.00 0.00 0.00 0.00 30.00 0}
LOOP0: iter: ( 23 )[ 1 -1 0 1 0 ] mem: ( 1 )[ 1 -1 0 1 0 ]
10 2 
12 1024 
14 1 
1b 0 
2b 2147483647 

RANKS: 1 -1 1 23 1
EVENT2: 1113 485d8d_4860ce_4861a5_45afe1_45db7f_459218
COMP 51-0: 47cb68_47cc13_47cc5f_458f9f (23 56.25 17 43.00 2 97.00){0.00 0.00 0.00 0.00 36.80 0}{36.80 43.00 50.33 53.50 55.20 15}{55.20 58.00 63.00 72.00 73.60 6}{73.60 74.00 74.00 74.00 92.00 1}{92.00 97.00 97.00 97.00 102.00 1}
10 2 
12 1024 
14 1 
1a ( 23 )[ 1 -1 1 1 0 ]
1a ( 21 )[ 1 -1 3 1 0 ]
1a ( 17 )[ 1 -1 7 1 0 ]
1a ( 9 )[ 1 -1 15 1 0 ]
1a ( 1 )[ 1 -1 23 1 0 ]
1a ( 13 )[ 1 -1 11 1 0 ]
1a ( 5 )[ 1 -1 19 1 0 ]
1a ( 19 )[ 1 -1 5 1 0 ]
1a ( 15 )[ 1 -1 9 1 0 ]
1a ( 7 )[ 1 -1 17 1 0 ]
1a ( 11 )[ 1 -1 13 1 0 ]
1a ( 3 )[ 1 -1 21 1 0 ]
1a ( 22 )[ 1 -1 2 1 0 ]
1a ( 20 )[ 1 -1 4 1 0 ]
1a ( 16 )[ 1 -1 8 1 0 ]
1a ( 8 )[ 1 -1 16 1 0 ]
1a ( 12 )[ 1 -1 12 1 0 ]
1a ( 4 )[ 1 -1 20 1 0 ]
1a ( 18 )[ 1 -1 6 1 0 ]
1a ( 14 )[ 1 -1 10 1 0 ]
1a ( 6 )[ 1 -1 18 1 0 ]
1a ( 10 )[ 1 -1 14 1 0 ]
1a ( 2 )[ 1 -1 22 1 0 ]
1b 0 

RANKS: 1 -1 0 24 1
EVENT3: 1011 471052_47133e_4713fd_45b0e2_45db7f_459218
COMP 51-0: 4810ba_481457_481550_45ae8b_45db7f_459218 (1 14.00 0 14.00 0 14.00){0.00 0.00 0.00 0.00 5.60 0}{5.60 0.00 0.00 0.00 11.20 0}{11.20 14.00 14.00 14.00 16.80 1}{16.80 0.00 0.00 0.00 22.40 0}{22.40 0.00 0.00 0.00 28.00 0}
COMP 51-1: 485d8d_4860ce_4861a5_45afe1_45db7f_459218 (23 18.46 8 13.00 18 35.00){0.00 0.00 0.00 0.00 12.00 0}{12.00 13.00 15.42 18.00 18.00 12}{18.00 19.00 20.00 22.00 24.00 9}{24.00 28.00 28.00 28.00 30.00 1}{30.00 35.00 35.00 35.00 40.00 1}
10 2 
12 1 
14 3 
19 0 

RANKS: 1 -1 0 24 1
EVENT4: 1167 4a4646_4a4872_4a48cc_468bac_468df4_45db91_459218
COMP 51-0: 471052_47133e_4713fd_45b0e2_45db7f_459218 (24 3603.44 5 2090.00 16 12372.00){0.00 0.00 0.00 0.00 1358.00 0}{1358.00 2090.00 2423.69 2471.36 2716.00 8}{2716.00 2728.50 3149.82 3664.00 5432.00 14}{5432.00 0.00 0.00 0.00 6790.00 0}{6790.00 10832.00 11602.00 12372.00 17954.00 2}
49 0 
52 235548 

RANKS: 1 -1 0 24 1
EVENT5: 1011 471052_47133e_4713fd_45b7a0_45dba2_459218
COMP 51-0: 4a4646_4a4872_4a48cc_468bac_468df4_45db91_459218 (24 15.20 20 12.00 0 17.00){0.00 0.00 0.00 0.00 6.80 0}{6.80 12.00 12.67 13.00 13.60 3}{13.60 14.50 15.48 17.00 20.40 21}{20.40 0.00 0.00 0.00 27.20 0}{27.20 0.00 0.00 0.00 34.00 0}
10 2 
12 4 
14 12 
19 0 

RANKS: 1 -1 0 24 1
EVENT6: 1010 470bed_470de3_470e43_462b44_45dbc8_459218
COMP 51-0: 471052_47133e_4713fd_45b7a0_45dba2_459218 (24 33.24 16 21.00 12 46.00){0.00 0.00 0.00 0.00 15.20 0}{15.20 21.00 24.17 27.00 30.40 6}{30.40 34.00 35.41 40.00 45.60 17}{45.60 46.00 46.00 46.00 60.80 1}{60.80 0.00 0.00 0.00 76.00 0}
10 2 

RANKS: 1 -1 0 24 1
EVENT7: 1104 48214b_4824b0_4825ae_462c42_45dbc8_459218
COMP 51-0: 470bed_470de3_470e43_462b44_45dbc8_459218 (24 22.12 11 18.00 13 31.00){0.00 0.00 0.00 0.00 9.20 0}{9.20 18.00 18.00 18.00 18.40 2}{18.40 20.00 21.70 24.00 27.60 20}{27.60 29.00 30.00 31.00 36.80 2}{36.80 0.00 0.00 0.00 46.00 0}
10 2 
12 1 
14 10 
18 2 
19 0 

RANKS: 1 -1 0 24 1
EVENT8: 1104 48214b_4824b0_4825ae_462d4c_45dbc8_459218
COMP 51-0: 48214b_4824b0_4825ae_462c42_45dbc8_459218 (24 10.36 1 9.00 0 19.00){0.00 0.00 0.00 0.00 7.60 0}{7.60 9.00 9.61 12.00 15.20 23}{15.20 19.00 19.00 19.00 22.80 1}{22.80 0.00 0.00 0.00 30.40 0}{30.40 0.00 0.00 0.00 38.00 0}
10 2 
12 1 
14 10 
18 1 
19 0 

RANKS: 1 -1 0 24 1
EVENT9: 1011 471052_47133e_4713fd_462e50_45dbc8_459218
COMP 51-0: 48214b_4824b0_4825ae_462d4c_45dbc8_459218 (24 10.68 23 9.00 23 13.00){0.00 0.00 0.00 0.00 4.80 0}{4.80 9.00 9.00 9.00 9.60 3}{9.60 9.88 10.86 13.00 14.40 21}{14.40 0.00 0.00 0.00 19.20 0}{19.20 0.00 0.00 0.00 24.00 0}
10 2 
12 1 
14 10 
19 0 

RANKS: 1 -1 0 24 1
EVENT10: 1011 471052_47133e_4713fd_4675bc_45dbe2_459218
COMP 51-0: 471052_47133e_4713fd_462e50_45dbc8_459218 (24 11.52 0 9.00 17 15.00){0.00 0.00 0.00 0.00 3.60 0}{3.60 0.00 0.00 0.00 7.20 0}{7.20 9.00 10.21 10.75 10.80 14}{10.80 11.00 13.25 14.00 14.40 8}{14.40 15.00 15.00 15.00 18.00 2}
10 2 
12 1 
14 3 
19 0 

RANKS: 1 -1 0 1 0
EVENT11: 1169 4a4ea5_4a5137_4a51d4_45dd54_4592a1
COMP 51-0: 471052_47133e_4713fd_4675bc_45dbe2_459218 (1 120.00 0 120.00 0 120.00){0.00 0.00 0.00 0.00 48.00 0}{48.00 0.00 0.00 0.00 96.00 0}{96.00 120.00 120.00 120.00 144.00 1}{144.00 0.00 0.00 0.00 192.00 0}{192.00 0.00 0.00 0.00 240.00 0}
11 1 
12 18 
49 0 

RANKS: 1 -1 0 24 1
EVENT12: 1030 474d46_474f75_474fe5_45fced_4592c8
COMP 51-0: 471052_47133e_4713fd_4675bc_45dbe2_459218 (23 41.50 11 17.00 21 91.00){0.00 17.00 18.29 20.00 29.20 14}{29.20 0.00 0.00 0.00 58.40 0}{58.40 68.00 72.00 79.00 87.60 8}{87.60 91.00 91.00 91.00 116.80 1}{116.80 0.00 0.00 0.00 146.00 0}
COMP 51-1: 4a4ea5_4a5137_4a51d4_45dd54_4592a1 (1 179.00 0 179.00 0 179.00){0.00 0.00 0.00 0.00 71.60 0}{71.60 0.00 0.00 0.00 143.20 0}{143.20 179.00 179.00 179.00 214.80 1}{214.80 0.00 0.00 0.00 286.40 0}{286.40 0.00 0.00 0.00 358.00 0}
10 2 

RANKS: 1 -1 0 24 1
EVENT13: 1066 47b541_47b880_47b91f_45fdf8_4592c8
COMP 51-0: 474d46_474f75_474fe5_45fced_4592c8 (24 13.92 16 11.00 7 16.00){0.00 0.00 0.00 0.00 5.60 0}{5.60 11.00 11.00 11.00 11.20 1}{11.20 13.00 14.04 16.00 16.80 23}{16.80 0.00 0.00 0.00 22.40 0}{22.40 0.00 0.00 0.00 28.00 0}
b 0 23 1 
12 1 
21 1000 

RANKS: 1 -1 0 24 1
EVENT14: 1026 473ecc_47414c_4741cf_45fede_4592c8
COMP 51-0: 47b541_47b880_47b91f_45fdf8_4592c8 (24 11.28 1 10.00 2 14.00){0.00 0.00 0.00 0.00 4.40 0}{4.40 0.00 0.00 0.00 8.80 0}{8.80 10.00 10.74 12.00 13.20 19}{13.20 13.25 13.40 14.00 17.60 5}{17.60 0.00 0.00 0.00 22.00 0}
10 2 
21 1001 

RANKS: 1 -1 0 1 0
EVENT15: 1102 4810ba_481457_481550_45ae8b_460142_4592c8
COMP 51-0: 473ecc_47414c_4741cf_45fede_4592c8 (1 26.00 0 26.00 0 26.00){0.00 0.00 0.00 0.00 10.40 0}{10.40 0.00 0.00 0.00 20.80 0}{20.80 26.00 26.00 26.00 31.20 1}{31.20 0.00 0.00 0.00 41.60 0}{41.60 0.00 0.00 0.00 52.00 0}
COMP 51-1: 4810ba_481457_481550_45ae8b_460142_4592c8 (22 10.17 0 9.00 0 12.00){0.00 0.00 0.00 0.00 4.80 0}{4.80 9.00 9.00 9.00 9.60 3}{9.60 10.00 10.26 12.00 14.40 19}{14.40 0.00 0.00 0.00 19.20 0}{19.20 0.00 0.00 0.00 24.00 0}
LOOP0: iter: ( 23 )[ 1 -1 0 1 0 ] mem: ( 1 )[ 1 -1 0 1 0 ]
10 1000 
12 1024 
14 1 
1b 0 
2b 2147483647 

RANKS: 1 -1 1 23 1
EVENT16: 1113 485d8d_4860ce_4861a5_45afe1_460142_4592c8
COMP 51-0: 473ecc_47414c_4741cf_45fede_4592c8 (23 21.92 23 15.00 12 43.00){0.00 0.00 0.00 0.00 11.60 0}{11.60 15.00 18.31 22.00 23.20 16}{23.20 24.00 26.83 32.00 34.80 6}{34.80 43.00 43.00 43.00 46.40 1}{46.40 0.00 0.00 0.00 58.00 0}
10 1000 
12 1024 
14 1 
1a ( 23 )[ 1 -1 1 1 0 ]
1a ( 21 )[ 1 -1 3 1 0 ]
1a ( 17 )[ 1 -1 7 1 0 ]
1a ( 9 )[ 1 -1 15 1 0 ]
1a ( 1 )[ 1 -1 23 1 0 ]
1a ( 13 )[ 1 -1 11 1 0 ]
1a ( 5 )[ 1 -1 19 1 0 ]
1a ( 19 )[ 1 -1 5 1 0 ]
1a ( 15 )[ 1 -1 9 1 0 ]
1a ( 7 )[ 1 -1 17 1 0 ]
1a ( 11 )[ 1 -1 13 1 0 ]
1a ( 3 )[ 1 -1 21 1 0 ]
1a ( 22 )[ 1 -1 2 1 0 ]
1a ( 20 )[ 1 -1 4 1 0 ]
1a ( 16 )[ 1 -1 8 1 0 ]
1a ( 8 )[ 1 -1 16 1 0 ]
1a ( 12 )[ 1 -1 12 1 0 ]
1a ( 4 )[ 1 -1 20 1 0 ]
1a ( 18 )[ 1 -1 6 1 0 ]
1a ( 14 )[ 1 -1 10 1 0 ]
1a ( 6 )[ 1 -1 18 1 0 ]
1a ( 10 )[ 1 -1 14 1 0 ]
1a ( 2 )[ 1 -1 22 1 0 ]
1b 0 

RANKS: 1 -1 0 24 1
EVENT17: 1011 471052_47133e_4713fd_45b0e2_460142_4592c8
COMP 51-0: 4810ba_481457_481550_45ae8b_460142_4592c8 (1 9.00 0 9.00 0 9.00){0.00 0.00 0.00 0.00 3.60 0}{3.60 0.00 0.00 0.00 7.20 0}{7.20 9.00 9.00 9.00 10.80 1}{10.80 0.00 0.00 0.00 14.40 0}{14.40 0.00 0.00 0.00 18.00 0}
COMP 51-1: 485d8d_4860ce_4861a5_45afe1_460142_4592c8 (23 10.71 3 9.00 12 13.00){0.00 0.00 0.00 0.00 4.00 0}{4.00 0.00 0.00 0.00 8.00 0}{8.00 9.00 10.11 12.00 12.00 18}{12.00 13.00 13.00 13.00 16.00 5}{16.00 0.00 0.00 0.00 20.00 0}
10 1000 
12 1 
14 3 
19 0 

RANKS: 1 -1 0 1 0
EVENT18: 1169 4a4ea5_4a5137_4a51d4_45e063_4608cf_4592c8
COMP 51-0: 471052_47133e_4713fd_45b0e2_460142_4592c8 (1 19.00 0 19.00 0 19.00){0.00 0.00 0.00 0.00 7.60 0}{7.60 0.00 0.00 0.00 15.20 0}{15.20 19.00 19.00 19.00 22.80 1}{22.80 0.00 0.00 0.00 30.40 0}{30.40 0.00 0.00 0.00 38.00 0}
11 1 
12 10 
49 0 

RANKS: 1 -1 0 1 0
EVENT19: 1169 4a4ea5_4a5137_4a51d4_45e0c0_4608cf_4592c8
COMP 51-0: 4a4ea5_4a5137_4a51d4_45e063_4608cf_4592c8 (1 17.00 0 17.00 0 17.00){0.00 0.00 0.00 0.00 6.80 0}{6.80 0.00 0.00 0.00 13.60 0}{13.60 17.00 17.00 17.00 20.40 1}{20.40 0.00 0.00 0.00 27.20 0}{27.20 0.00 0.00 0.00 34.00 0}
11 1 
12 22 
49 0 

RANKS: 1 -1 0 1 0
EVENT20: 1169 4a4ea5_4a5137_4a51d4_45e0e9_4608cf_4592c8
COMP 51-0: 4a4ea5_4a5137_4a51d4_45e0c0_4608cf_4592c8 (1 9.00 0 9.00 0 9.00){0.00 0.00 0.00 0.00 3.60 0}{3.60 0.00 0.00 0.00 7.20 0}{7.20 9.00 9.00 9.00 10.80 1}{10.80 0.00 0.00 0.00 14.40 0}{14.40 0.00 0.00 0.00 18.00 0}
11 1 
12 16 
49 0 

RANKS: 1 -1 0 1 0
EVENT21: 1169 4a4ea5_4a5137_4a51d4_45e152_4608cf_4592c8
COMP 51-0: 4a4ea5_4a5137_4a51d4_45e0e9_4608cf_4592c8 (1 12.00 0 12.00 0 12.00){0.00 0.00 0.00 0.00 4.80 0}{4.80 0.00 0.00 0.00 9.60 0}{9.60 12.00 12.00 12.00 14.40 1}{14.40 0.00 0.00 0.00 19.20 0}{19.20 0.00 0.00 0.00 24.00 0}
11 1 
12 13 
49 0 

RANKS: 1 -1 0 1 0
EVENT22: 1169 4a4ea5_4a5137_4a51d4_45e1db_4608cf_4592c8
COMP 51-0: 4a4ea5_4a5137_4a51d4_45e152_4608cf_4592c8 (1 12.00 0 12.00 0 12.00){0.00 0.00 0.00 0.00 4.80 0}{4.80 0.00 0.00 0.00 9.60 0}{9.60 12.00 12.00 12.00 14.40 1}{14.40 0.00 0.00 0.00 19.20 0}{19.20 0.00 0.00 0.00 24.00 0}
11 1 
12 44 
49 0 

RANKS: 1 -1 0 1 0
EVENT23: 1169 4a4ea5_4a5137_4a51d4_45e1f6_4608cf_4592c8
COMP 51-0: 4a4ea5_4a5137_4a51d4_45e1db_4608cf_4592c8 (1 9.00 0 9.00 0 9.00){0.00 0.00 0.00 0.00 3.60 0}{3.60 0.00 0.00 0.00 7.20 0}{7.20 9.00 9.00 9.00 10.80 1}{10.80 0.00 0.00 0.00 14.40 0}{14.40 0.00 0.00 0.00 18.00 0}
11 1 
12 21 
49 0 

RANKS: 1 -1 0 1 0
EVENT24: 1169 4a4ea5_4a5137_4a51d4_45e21f_4608cf_4592c8
COMP 51-0: 4a4ea5_4a5137_4a51d4_45e1f6_4608cf_4592c8 (1 11.00 0 11.00 0 11.00){0.00 0.00 0.00 0.00 4.40 0}{4.40 0.00 0.00 0.00 8.80 0}{8.80 11.00 11.00 11.00 13.20 1}{13.20 0.00 0.00 0.00 17.60 0}{17.60 0.00 0.00 0.00 22.00 0}
11 1 
12 20 
49 0 

RANKS: 1 -1 0 1 0
EVENT25: 1169 4a4ea5_4a5137_4a51d4_45e257_4608cf_4592c8
COMP 51-0: 4a4ea5_4a5137_4a51d4_45e21f_4608cf_4592c8 (1 10.00 0 10.00 0 10.00){0.00 0.00 0.00 0.00 4.00 0}{4.00 0.00 0.00 0.00 8.00 0}{8.00 10.00 10.00 10.00 12.00 1}{12.00 0.00 0.00 0.00 16.00 0}{16.00 0.00 0.00 0.00 20.00 0}
11 1 
12 21 
49 0 

RANKS: 1 -1 0 1 0
EVENT26: 1169 4a4ea5_4a5137_4a51d4_45e28e_4608cf_4592c8
COMP 51-0: 4a4ea5_4a5137_4a51d4_45e257_4608cf_4592c8 (1 12.00 0 12.00 0 12.00){0.00 0.00 0.00 0.00 4.80 0}{4.80 0.00 0.00 0.00 9.60 0}{9.60 12.00 12.00 12.00 14.40 1}{14.40 0.00 0.00 0.00 19.20 0}{19.20 0.00 0.00 0.00 24.00 0}
11 1 
12 18 
49 0 

RANKS: 1 -1 0 24 1
EVENT27: 1011 471052_47133e_4713fd_460ac3_4592c8
COMP 51-0: 471052_47133e_4713fd_45b0e2_460142_4592c8 (23 15.21 17 11.00 18 18.00){0.00 0.00 0.00 0.00 6.40 0}{6.40 11.00 11.00 11.00 12.80 1}{12.80 13.00 15.36 18.00 19.20 22}{19.20 0.00 0.00 0.00 25.60 0}{25.60 0.00 0.00 0.00 32.00 0}
COMP 51-1: 4a4ea5_4a5137_4a51d4_45e28e_4608cf_4592c8 (1 33.00 0 33.00 0 33.00){0.00 0.00 0.00 0.00 13.20 0}{13.20 0.00 0.00 0.00 26.40 0}{26.40 33.00 33.00 33.00 39.60 1}{39.60 0.00 0.00 0.00 52.80 0}{52.80 0.00 0.00 0.00 66.00 0}
10 1000 
12 1 
14 7 
19 0 

RANKS: 1 -1 0 24 1
EVENT28: 1010 470bed_470de3_470e43_460d4a_4592c8
COMP 51-0: 471052_47133e_4713fd_460ac3_4592c8 (24 45.60 9 31.00 12 63.00){0.00 0.00 0.00 0.00 14.80 0}{14.80 0.00 0.00 0.00 29.60 0}{29.60 31.00 38.00 44.00 44.40 13}{44.40 47.00 53.12 55.00 59.20 8}{59.20 60.00 61.33 63.00 74.00 3}
10 1000 

RANKS: 1 -1 0 24 1
EVENT29: 1171 491686_491ab6_491b7b_46a744_46a481_460e5a_4592c8
COMP 51-0: 470bed_470de3_470e43_460d4a_4592c8 (24 33.08 8 24.00 21 49.00){0.00 0.00 0.00 0.00 11.60 0}{11.60 0.00 0.00 0.00 23.20 0}{23.20 24.00 28.57 33.00 34.80 14}{34.80 35.00 38.78 44.00 46.40 9}{46.40 49.00 49.00 49.00 58.00 1}
COMM 51-0: 470bed_470de3_470e43_460d4a_4592c8 (24 2159.32 17 955.00 7 5186.00){0.00 955.00 955.00 955.00 1012.00 1}{1012.00 1156.00 1337.45 1879.00 2024.00 11}{2024.00 2062.00 2658.56 2909.00 3036.00 9}{3036.00 3162.00 3336.50 3511.00 5060.00 2}{5060.00 5186.00 5186.00 5186.00 5312.00 1}
10 1 
3a :/tmp/chunk.dat.(-1 0 24 1)  
3b 41 
3c 1000 
52 33816 

RANKS: 1 -1 0 1 0
EVENT30: 1169 4a4ea5_4a5137_4a51d4_460f96_4592c8
COMP 51-0: 491686_491ab6_491b7b_46a744_46a481_460e5a_4592c8 (1 15.00 0 15.00 0 15.00){0.00 0.00 0.00 0.00 6.00 0}{6.00 0.00 0.00 0.00 12.00 0}{12.00 15.00 15.00 15.00 18.00 1}{18.00 0.00 0.00 0.00 24.00 0}{24.00 0.00 0.00 0.00 30.00 0}
11 1 
12 35 
49 0 

RANKS: 1 -1 0 24 1
EVENT31: 1173 49278e_492ab2_492b93_46b5b6_465436_460ff4_4592c8
COMP 51-0: 491686_491ab6_491b7b_46a744_46a481_460e5a_4592c8 (23 225.67 5 203.00 2 237.00){0.00 0.00 0.00 0.00 88.80 0}{88.80 0.00 0.00 0.00 177.60 0}{177.60 203.00 225.83 237.00 266.40 23}{266.40 0.00 0.00 0.00 355.20 0}{355.20 0.00 0.00 0.00 444.00 0}
COMP 51-1: 49278e_492ab2_492b93_46b5b6_465436_460ff4_4592c8 (360 27.17 8 12.00 20 193.00){0.00 0.00 0.00 0.00 11.20 0}{11.20 12.00 19.47 28.00 28.00 214}{28.00 29.75 37.09 43.00 44.00 143}{44.00 52.00 52.00 52.00 60.00 1}{60.00 80.00 136.50 193.00 326.00 2}
COMP 51-2: 4a4ea5_4a5137_4a51d4_460f96_4592c8 (1 241.00 0 241.00 0 241.00){0.00 0.00 0.00 0.00 96.40 0}{96.40 0.00 0.00 0.00 192.80 0}{192.80 241.00 241.00 241.00 289.20 1}{289.20 0.00 0.00 0.00 385.60 0}{385.60 0.00 0.00 0.00 482.00 0}
LOOP0: iter: ( 16 )[ 1 -1 0 24 1 ] mem: ( 1 )[ 1 -1 0 24 1 ]
12 131072 
14 12 
3c 1000 
3d 0 131072 262144 393216 524288 655360 786432 917504 1048576 1179648 1310720 1441792 1572864 1703936 1835008 1966080 

RANKS: 1 -1 0 24 1
EVENT32: 1183 496b2e_496d6d_496dcd_46b6dc_461140_4592c8
COMP 51-0: 49278e_492ab2_492b93_46b5b6_465436_460ff4_4592c8 (24 104.80 1 47.00 20 154.00){0.00 0.00 0.00 0.00 41.60 0}{41.60 47.00 64.67 74.50 83.20 6}{83.20 88.00 107.00 124.00 124.80 12}{124.80 126.00 140.67 154.00 166.40 6}{166.40 0.00 0.00 0.00 208.00 0}
3c 1000 
52 394399 

RANKS: 1 -1 0 24 1
EVENT33: 1010 470bed_470de3_470e43_4612a4_4592c8
COMP 51-0: 496b2e_496d6d_496dcd_46b6dc_461140_4592c8 (24 21.20 1 10.00 2 29.00){0.00 10.00 10.00 10.00 10.00 1}{10.00 11.00 13.38 18.00 20.00 8}{20.00 21.00 25.87 29.00 30.00 15}{30.00 0.00 0.00 0.00 40.00 0}{40.00 0.00 0.00 0.00 50.00 0}
10 1000 

RANKS: 1 -1 0 24 1
EVENT34: 1171 491686_491ab6_491b7b_46be3a_461465_4592c8
COMP 51-0: 470bed_470de3_470e43_4612a4_4592c8 (24 17.92 7 11.00 6 31.00){0.00 0.00 0.00 0.00 10.40 0}{10.40 11.00 12.67 15.00 15.60 15}{15.60 16.00 16.00 16.00 20.80 1}{20.80 26.00 26.00 26.00 26.00 1}{26.00 27.00 29.00 31.00 34.00 7}
COMM 51-0: 470bed_470de3_470e43_4612a4_4592c8 (24 4455.44 2 3764.00 4 5125.00){0.00 0.00 0.00 0.00 1756.00 0}{1756.00 0.00 0.00 0.00 3512.00 0}{3512.00 3764.00 4458.17 5125.00 5268.00 24}{5268.00 0.00 0.00 0.00 7024.00 0}{7024.00 0.00 0.00 0.00 8780.00 0}
10 1000 
3a :/tmp/chunk.dat.(-1 0 24 1)  
3b 2 
3c 1001 
52 129446 

RANKS: 1 -1 0 24 1
EVENT35: 1183 496b2e_496d6d_496dcd_46bfdd_461465_4592c8
COMP 51-0: 491686_491ab6_491b7b_46be3a_461465_4592c8 (24 60.68 1 35.00 14 123.00){0.00 0.00 0.00 0.00 34.40 0}{34.40 35.00 41.00 43.00 51.60 13}{51.60 53.00 62.75 85.00 86.00 4}{86.00 87.00 94.50 105.00 122.00 6}{122.00 123.00 123.00 123.00 124.00 1}
3c 1001 
52 981 

RANKS: 1 -1 0 24 1
EVENT36: 1004 46e310_46e630_46e710_46c0d3_461465_4592c8
COMP 51-0: 496b2e_496d6d_496dcd_46bfdd_461465_4592c8 (24 21.04 1 13.00 18 43.00){0.00 0.00 0.00 0.00 6.00 0}{6.00 0.00 0.00 0.00 12.00 0}{12.00 13.00 14.38 16.00 30.00 16}{30.00 33.00 34.00 34.75 36.00 7}{36.00 43.00 43.00 43.00 50.00 1}
10 1000 
12 1 
14 38 
18 3 

RANKS: 1 -1 0 24 1
EVENT37: 1004 46e310_46e630_46e710_459de7_46147b_4592c8
COMP 51-0: 46e310_46e630_46e710_46c0d3_461465_4592c8 (24 16.96 11 10.00 2 60.00){0.00 0.00 0.00 0.00 9.60 0}{9.60 10.00 11.24 24.00 24.00 17}{24.00 25.00 26.00 27.00 28.00 5}{28.00 31.00 31.00 31.00 34.00 1}{34.00 60.00 60.00 60.00 86.00 1}
10 1000 
12 1 
14 38 
18 3 

RANKS: 1 -1 0 24 1
EVENT38: 1104 48214b_4824b0_4825ae_45d3dc_4614bc_4592c8
COMP 51-0: 46e310_46e630_46e710_459de7_46147b_4592c8 (24 22.60 0 11.00 2 51.00){0.00 0.00 0.00 0.00 8.80 0}{8.80 11.00 11.00 11.00 13.20 1}{13.20 14.00 16.69 21.00 22.00 16}{22.00 32.00 37.50 41.00 42.00 6}{42.00 51.00 51.00 51.00 60.00 1}
COMP 51-1: 48214b_4824b0_4825ae_45d3dc_4614bc_4592c8 (264 15.31 1 9.00 5 68.00){0.00 0.00 0.00 0.00 6.80 0}{6.80 9.00 10.32 13.00 13.60 184}{13.60 17.00 25.61 32.40 34.00 75}{34.00 35.00 38.00 43.00 50.00 4}{50.00 68.00 68.00 68.00 86.00 1}
LOOP0: iter: ( 12 )[ 1 -1 0 24 1 ] mem: ( 1 )[ 1 -1 0 24 1 ]
10 1000 
12 1 
14 10 
18 2 1 
19 0 

RANKS: 1 -1 0 24 1
EVENT39: 1010 470bed_470de3_470e43_461d7f_4592c8
COMP 51-0: 48214b_4824b0_4825ae_45d3dc_4614bc_4592c8 (24 24.08 12 14.00 5 53.00){0.00 0.00 0.00 0.00 7.20 0}{7.20 14.00 14.00 14.00 14.40 1}{14.40 15.00 17.94 21.00 28.80 16}{28.80 34.00 35.00 36.00 36.00 2}{36.00 38.67 42.60 53.00 70.00 5}
10 1000 

RANKS: 1 -1 0 24 1
EVENT40: 1171 491686_491ab6_491b7b_46a744_461e8f_4592c8
COMP 51-0: 470bed_470de3_470e43_461d7f_4592c8 (24 31.16 8 16.00 18 61.00){0.00 16.00 17.00 18.00 19.20 2}{19.20 22.00 23.62 28.00 28.80 13}{28.80 29.00 32.50 36.00 38.40 2}{38.40 39.50 40.00 41.00 48.00 3}{48.00 54.00 57.25 61.00 68.00 4}
COMM 51-0: 470bed_470de3_470e43_461d7f_4592c8 (24 134.12 9 94.00 5 257.00){0.00 0.00 0.00 0.00 47.20 0}{47.20 94.00 94.00 94.00 94.40 1}{94.40 99.00 115.11 135.00 188.80 19}{188.80 225.00 226.50 228.00 236.00 2}{236.00 244.00 250.50 257.00 278.00 2}
10 1 
3a :/tmp/chunk.dat.(-1 0 24 1)  
3b 41 
3c 1002 
52 10375 

RANKS: 1 -1 0 1 0
EVENT41: 1169 4a4ea5_4a5137_4a51d4_462003_4592c8
COMP 51-0: 491686_491ab6_491b7b_46a744_461e8f_4592c8 (1 12.00 0 12.00 0 12.00){0.00 0.00 0.00 0.00 4.80 0}{4.80 0.00 0.00 0.00 9.60 0}{9.60 12.00 12.00 12.00 14.40 1}{14.40 0.00 0.00 0.00 19.20 0}{19.20 0.00 0.00 0.00 24.00 0}
11 1 
12 34 
49 0 

RANKS: 1 -1 0 24 1
EVENT42: 1179 4951ba_4954de_4955bf_46b5b6_46551c_462061_4592c8
COMP 51-0: 491686_491ab6_491b7b_46a744_461e8f_4592c8 (23 293.38 7 207.00 5 983.00){0.00 0.00 0.00 0.00 90.80 0}{90.80 0.00 0.00 0.00 181.60 0}{181.60 207.00 227.32 253.00 454.00 19}{454.00 459.00 459.00 459.00 464.00 1}{464.00 514.00 678.67 983.00 1502.00 3}
COMP 51-1: 4951ba_4954de_4955bf_46b5b6_46551c_462061_4592c8 (360 12.80 1 10.00 5 47.00){0.00 0.00 0.00 0.00 5.60 0}{5.60 10.00 11.32 16.00 16.80 331}{16.80 17.75 26.90 28.25 28.50 23}{28.50 29.00 31.50 34.00 39.50 2}{39.50 42.00 44.75 47.00 54.50 4}
COMP 51-2: 4a4ea5_4a5137_4a51d4_462003_4592c8 (1 256.00 0 256.00 0 256.00){0.00 0.00 0.00 0.00 102.40 0}{102.40 0.00 0.00 0.00 204.80 0}{204.80 256.00 256.00 256.00 307.20 1}{307.20 0.00 0.00 0.00 409.60 0}{409.60 0.00 0.00 0.00 512.00 0}
LOOP0: iter: ( 16 )[ 1 -1 0 24 1 ] mem: ( 1 )[ 1 -1 0 24 1 ]
12 131072 
14 12 
3c 1002 
3d 0 131072 262144 393216 524288 655360 786432 917504 1048576 1179648 1310720 1441792 1572864 1703936 1835008 1966080 

RANKS: 1 -1 0 24 1
EVENT43: 1183 496b2e_496d6d_496dcd_46b6dc_4621ad_4592c8
COMP 51-0: 4951ba_4954de_4955bf_46b5b6_46551c_462061_4592c8 (24 49.68 5 42.00 23 63.00){0.00 0.00 0.00 0.00 19.60 0}{19.60 0.00 0.00 0.00 39.20 0}{39.20 42.00 49.13 55.00 58.80 23}{58.80 63.00 63.00 63.00 78.40 1}{78.40 0.00 0.00 0.00 98.00 0}
3c 1002 
52 3823 

RANKS: 1 -1 0 24 1
EVENT44: 1171 491686_491ab6_491b7b_46be3a_462211_4592c8
COMP 51-0: 496b2e_496d6d_496dcd_46b6dc_4621ad_4592c8 (24 10.96 3 10.00 3 12.00){0.00 0.00 0.00 0.00 4.40 0}{4.40 0.00 0.00 0.00 8.80 0}{8.80 10.00 10.96 12.00 13.20 24}{13.20 0.00 0.00 0.00 17.60 0}{17.60 0.00 0.00 0.00 22.00 0}
COMM 51-0: 496b2e_496d6d_496dcd_46b6dc_4621ad_4592c8 (24 6291.60 4 2173.00 12 9420.00){0.00 2173.00 2630.50 2927.00 3385.20 4}{3385.20 4203.00 5147.91 6048.00 6770.40 11}{6770.40 8463.00 9075.33 9420.00 10155.60 9}{10155.60 0.00 0.00 0.00 13540.80 0}{13540.80 0.00 0.00 0.00 16926.00 0}
10 1000 
3a :/tmp/chunk.dat.(-1 0 24 1)  
3b 2 
3c 1003 
52 6262 

RANKS: 1 -1 0 24 1
EVENT45: 1183 496b2e_496d6d_496dcd_46bfdd_462211_4592c8
COMP 51-0: 491686_491ab6_491b7b_46be3a_462211_4592c8 (24 20.52 15 16.00 1 25.00){0.00 0.00 0.00 0.00 9.60 0}{9.60 16.00 18.33 18.75 19.20 12}{19.20 20.00 22.42 25.00 28.80 12}{28.80 0.00 0.00 0.00 38.40 0}{38.40 0.00 0.00 0.00 48.00 0}
3c 1003 
52 309 

RANKS: 1 -1 0 24 1
EVENT46: 1004 46e310_46e630_46e710_46c0d3_462211_4592c8
COMP 51-0: 496b2e_496d6d_496dcd_46bfdd_462211_4592c8 (24 10.72 23 10.00 23 12.00){0.00 0.00 0.00 0.00 4.40 0}{4.40 0.00 0.00 0.00 8.80 0}{8.80 10.00 10.71 12.00 13.20 24}{13.20 0.00 0.00 0.00 17.60 0}{17.60 0.00 0.00 0.00 22.00 0}
10 1000 
12 1 
14 38 
18 3 

RANKS: 1 -1 0 24 1
EVENT47: 1004 46e310_46e630_46e710_459de7_462227_4592c8
COMP 51-0: 46e310_46e630_46e710_46c0d3_462211_4592c8 (24 11.56 23 10.00 22 14.00){0.00 0.00 0.00 0.00 4.40 0}{4.40 0.00 0.00 0.00 8.80 0}{8.80 10.00 11.48 13.00 13.20 23}{13.20 14.00 14.00 14.00 17.60 1}{17.60 0.00 0.00 0.00 22.00 0}
10 1000 
12 1 
14 38 
18 3 

RANKS: 1 -1 0 24 1
EVENT48: 1104 48214b_4824b0_4825ae_45d3dc_462268_4592c8
COMP 51-0: 46e310_46e630_46e710_459de7_462227_4592c8 (24 11.80 0 11.00 3 13.00){0.00 0.00 0.00 0.00 4.40 0}{4.40 0.00 0.00 0.00 8.80 0}{8.80 11.00 11.83 13.00 13.20 24}{13.20 0.00 0.00 0.00 17.60 0}{17.60 0.00 0.00 0.00 22.00 0}
COMP 51-1: 48214b_4824b0_4825ae_45d3dc_462268_4592c8 (264 10.37 1 9.00 21 27.00){0.00 0.00 0.00 0.00 4.00 0}{4.00 0.00 0.00 0.00 8.00 0}{8.00 9.00 10.14 12.00 12.00 251}{12.00 12.57 13.75 16.00 20.00 12}{20.00 27.00 27.00 27.00 34.00 1}
LOOP0: iter: ( 12 )[ 1 -1 0 24 1 ] mem: ( 1 )[ 1 -1 0 24 1 ]
10 1000 
12 1 
14 10 
18 2 1 
19 0 

RANKS: 1 -1 0 24 1
EVENT49: 1010 470bed_470de3_470e43_462676_4592c8
COMP 51-0: 48214b_4824b0_4825ae_45d3dc_462268_4592c8 (24 10.52 10 9.00 10 12.00){0.00 0.00 0.00 0.00 4.40 0}{4.40 0.00 0.00 0.00 8.80 0}{8.80 9.00 10.50 12.00 13.20 24}{13.20 0.00 0.00 0.00 17.60 0}{17.60 0.00 0.00 0.00 22.00 0}
10 1000 

RANKS: 1 -1 0 24 1
EVENT50: 1184 497051_4972e3_497353_46b9a3_45db0a_462786_4592c8
COMP 51-0: 470bed_470de3_470e43_462676_4592c8 (24 55.44 5 23.00 12 120.00){0.00 23.00 25.80 30.00 32.40 10}{32.40 33.00 50.67 60.00 64.80 3}{64.80 65.00 73.00 87.00 97.20 9}{97.20 118.00 119.00 120.00 129.60 2}{129.60 0.00 0.00 0.00 162.00 0}
3a :/tmp/chunk.dat.(-1 0 24 1)  

RANKS: 1 -1 0 24 1
EVENT51: 1010 470bed_470de3_470e43_4627a3_4592c8
COMP 51-0: 497051_4972e3_497353_46b9a3_45db0a_462786_4592c8 (24 11.40 7 10.00 13 16.00){0.00 0.00 0.00 0.00 4.40 0}{4.40 0.00 0.00 0.00 8.80 0}{8.80 10.00 11.00 12.00 13.20 22}{13.20 16.00 16.00 16.00 17.60 2}{17.60 0.00 0.00 0.00 22.00 0}
10 1000 

RANKS: 1 -1 0 1 0
EVENT52: 1169 4a4ea5_4a5137_4a51d4_45f333_4628d3_4592c8
COMP 51-0: 470bed_470de3_470e43_4627a3_4592c8 (1 27.00 0 27.00 0 27.00){0.00 0.00 0.00 0.00 10.80 0}{10.80 0.00 0.00 0.00 21.60 0}{21.60 27.00 27.00 27.00 32.40 1}{32.40 0.00 0.00 0.00 43.20 0}{43.20 0.00 0.00 0.00 54.00 0}
11 1 
12 109 
49 0 

RANKS: 1 -1 0 1 0
EVENT53: 1169 4a4ea5_4a5137_4a51d4_45f358_4628d3_4592c8
COMP 51-0: 4a4ea5_4a5137_4a51d4_45f333_4628d3_4592c8 (1 9.00 0 9.00 0 9.00){0.00 0.00 0.00 0.00 3.60 0}{3.60 0.00 0.00 0.00 7.20 0}{7.20 9.00 9.00 9.00 10.80 1}{10.80 0.00 0.00 0.00 14.40 0}{14.40 0.00 0.00 0.00 18.00 0}
11 1 
12 87 
49 0 

RANKS: 1 -1 0 1 0
EVENT54: 1169 4a4ea5_4a5137_4a51d4_45f384_4628d3_4592c8
COMP 51-0: 4a4ea5_4a5137_4a51d4_45f358_4628d3_4592c8 (1 12.00 0 12.00 0 12.00){0.00 0.00 0.00 0.00 4.80 0}{4.80 0.00 0.00 0.00 9.60 0}{9.60 12.00 12.00 12.00 14.40 1}{14.40 0.00 0.00 0.00 19.20 0}{19.20 0.00 0.00 0.00 24.00 0}
11 1 
12 108 
49 0 

RANKS: 1 -1 0 1 0
EVENT55: 1169 4a4ea5_4a5137_4a51d4_45f764_4628d3_4592c8
COMP 51-0: 4a4ea5_4a5137_4a51d4_45f384_4628d3_4592c8 (1 252.00 0 252.00 0 252.00){0.00 0.00 0.00 0.00 100.80 0}{100.80 0.00 0.00 0.00 201.60 0}{201.60 252.00 252.00 252.00 302.40 1}{302.40 0.00 0.00 0.00 403.20 0}{403.20 0.00 0.00 0.00 504.00 0}
11 1 
12 6 
49 0 

RANKS: 1 -1 0 1 0
EVENT56: 1169 4a4ea5_4a5137_4a51d4_45fb4a_4628d3_4592c8
COMP 51-0: 4a4ea5_4a5137_4a51d4_45f764_4628d3_4592c8 (1 25.00 0 25.00 0 25.00){0.00 0.00 0.00 0.00 10.00 0}{10.00 0.00 0.00 0.00 20.00 0}{20.00 25.00 25.00 25.00 30.00 1}{30.00 0.00 0.00 0.00 40.00 0}{40.00 0.00 0.00 0.00 50.00 0}
11 1 
12 6 
49 0 

RANKS: 1 -1 0 24 1
EVENT57: 1028 474931_474af2_474b52_4628dd_4592c8
COMP 51-0: 470bed_470de3_470e43_4627a3_4592c8 (23 34.50 17 27.00 2 46.00){0.00 0.00 0.00 0.00 12.40 0}{12.40 0.00 0.00 0.00 24.80 0}{24.80 27.00 32.53 35.00 37.20 17}{37.20 38.50 40.67 46.00 49.60 6}{49.60 0.00 0.00 0.00 62.00 0}
COMP 51-1: 4a4ea5_4a5137_4a51d4_45fb4a_4628d3_4592c8 (1 27.00 0 27.00 0 27.00){0.00 0.00 0.00 0.00 10.80 0}{10.80 0.00 0.00 0.00 21.60 0}{21.60 27.00 27.00 27.00 32.40 1}{32.40 0.00 0.00 0.00 43.20 0}{43.20 0.00 0.00 0.00 54.00 0}
10 1000 

RANKS: 1 -1 0 24 1
EVENT58: 1010 470bed_470de3_470e43_462a58_4592c8
COMP 51-0: 474931_474af2_474b52_4628dd_4592c8 (24 10.96 0 10.00 18 17.00){0.00 0.00 0.00 0.00 4.00 0}{4.00 0.00 0.00 0.00 8.00 0}{8.00 10.00 10.74 11.00 12.00 23}{12.00 0.00 0.00 0.00 16.00 0}{16.00 17.00 17.00 17.00 20.00 1}
10 2 

RANKS: 1 -1 0 24 1
EVENT59: 1045 476acc_476b3d_476b81_4593a5
COMP 51-0: 470bed_470de3_470e43_462a58_4592c8 (24 540.72 12 294.00 2 1499.00){0.00 0.00 0.00 0.00 236.00 0}{236.00 294.00 408.25 467.00 472.00 20}{472.00 590.00 590.00 590.00 944.00 1}{944.00 0.00 0.00 0.00 1180.00 0}{1180.00 1292.00 1391.00 1499.00 1584.00 3}
52 10439 

