RANKS: 1 -1 0 32 1
EVENT0: 1084 47cb68_47cc13_47cc5f_458f9f
33 2 
34 0 

RANKS: 1 -1 0 1 0
EVENT1: 1102 4810ba_481457_481550_45ae8b_45db7f_459218
COMP 51-0: 47cb68_47cc13_47cc5f_458f9f (1 61.00 0 61.00 0 61.00){0.00 0.00 0.00 0.00 24.40 0}{24.40 0.00 0.00 0.00 48.80 0}{48.80 61.00 61.00 61.00 73.20 1}{73.20 0.00 0.00 0.00 97.60 0}{97.60 0.00 0.00 0.00 122.00 0}
COMP 51-1: 4810ba_481457_481550_45ae8b_45db7f_459218 (30 10.77 0 9.00 0 16.00){0.00 0.00 0.00 0.00 6.00 0}{6.00 9.00 10.07 12.00 12.00 27}{12.00 15.00 15.67 16.00 18.00 3}{18.00 0.00 0.00 0.00 24.00 0}{24.00 0.00 0.00 0.00 30.00 0}
LOOP0: iter: ( 31 )[ 1 -1 0 1 0 ] mem: ( 1 )[ 1 -1 0 1 0 ]
10 2 
12 1024 
14 1 
1b 0 
2b 2147483647 

RANKS: 1 -1 1 31 1
EVENT2: 1113 485d8d_4860ce_4861a5_45afe1_45db7f_459218
COMP 51-0: 47cb68_47cc13_47cc5f_458f9f (31 51.06 5 39.00 2 76.00){0.00 0.00 0.00 0.00 18.40 0}{18.40 0.00 0.00 0.00 36.80 0}{36.80 39.00 45.00 48.67 55.20 21}{55.20 56.00 63.00 73.00 73.60 9}{73.60 76.00 76.00 76.00 92.00 1}
10 2 
12 1024 
14 1 
1a ( 31 )[ 1 -1 1 1 0 ]
1a ( 29 )[ 1 -1 3 1 0 ]
1a ( 25 )[ 1 -1 7 1 0 ]
1a ( 17 )[ 1 -1 15 1 0 ]
1a ( 1 )[ 1 -1 31 1 0 ]
1a ( 9 )[ 1 -1 23 1 0 ]
1a ( 21 )[ 1 -1 11 1 0 ]
1a ( 13 )[ 1 -1 19 1 0 ]
1a ( 5 )[ 1 -1 27 1 0 ]
1a ( 27 )[ 1 -1 5 1 0 ]
1a ( 23 )[ 1 -1 9 1 0 ]
1a ( 15 )[ 1 -1 17 1 0 ]
1a ( 7 )[ 1 -1 25 1 0 ]
1a ( 19 )[ 1 -1 13 1 0 ]
1a ( 11 )[ 1 -1 21 1 0 ]
1a ( 3 )[ 1 -1 29 1 0 ]
1a ( 30 )[ 1 -1 2 1 0 ]
1a ( 28 )[ 1 -1 4 1 0 ]
1a ( 24 )[ 1 -1 8 1 0 ]
1a ( 16 )[ 1 -1 16 1 0 ]
1a ( 8 )[ 1 -1 24 1 0 ]
1a ( 20 )[ 1 -1 12 1 0 ]
1a ( 12 )[ 1 -1 20 1 0 ]
1a ( 4 )[ 1 -1 28 1 0 ]
1a ( 26 )[ 1 -1 6 1 0 ]
1a ( 22 )[ 1 -1 10 1 0 ]
1a ( 14 )[ 1 -1 18 1 0 ]
1a ( 6 )[ 1 -1 26 1 0 ]
1a ( 18 )[ 1 -1 14 1 0 ]
1a ( 10 )[ 1 -1 22 1 0 ]
1a ( 2 )[ 1 -1 30 1 0 ]
1b 0 

RANKS: 1 -1 0 32 1
EVENT3: 1011 471052_47133e_4713fd_45b0e2_45db7f_459218
COMP 51-0: 4810ba_481457_481550_45ae8b_45db7f_459218 (1 15.00 0 15.00 0 15.00){0.00 0.00 0.00 0.00 6.00 0}{6.00 0.00 0.00 0.00 12.00 0}{12.00 15.00 15.00 15.00 18.00 1}{18.00 0.00 0.00 0.00 24.00 0}{24.00 0.00 0.00 0.00 30.00 0}
COMP 51-1: 485d8d_4860ce_4861a5_45afe1_45db7f_459218 (31 21.44 8 14.00 20 39.00){0.00 0.00 0.00 0.00 12.00 0}{12.00 14.00 19.56 24.00 24.00 25}{24.00 25.00 27.25 29.00 30.00 4}{30.00 34.00 34.00 34.00 38.00 1}{38.00 39.00 39.00 39.00 40.00 1}
10 2 
12 1 
14 3 
19 0 

RANKS: 1 -1 0 32 1
EVENT4: 1167 4a4646_4a4872_4a48cc_468bac_468df4_45db91_459218
COMP 51-0: 471052_47133e_4713fd_45b0e2_45db7f_459218 (32 3066.42 18 2375.00 11 3922.00){0.00 0.00 0.00 0.00 1311.60 0}{1311.60 2375.00 2484.83 2543.67 2623.20 6}{2623.20 2793.00 3192.46 3922.00 3934.80 26}{3934.80 0.00 0.00 0.00 5246.40 0}{5246.40 0.00 0.00 0.00 6558.00 0}
49 0 
52 248737 

RANKS: 1 -1 0 32 1
EVENT5: 1011 471052_47133e_4713fd_45b7a0_45dba2_459218
COMP 51-0: 4a4646_4a4872_4a48cc_468bac_468df4_45db91_459218 (32 14.42 3 12.00 31 19.00){0.00 0.00 0.00 0.00 6.40 0}{6.40 12.00 12.00 12.00 12.80 5}{12.80 13.45 14.81 19.00 19.20 27}{19.20 0.00 0.00 0.00 25.60 0}{25.60 0.00 0.00 0.00 32.00 0}
10 2 
12 4 
14 12 
19 0 

RANKS: 1 -1 0 32 1
EVENT6: 1010 470bed_470de3_470e43_462b44_45dbc8_459218
COMP 51-0: 471052_47133e_4713fd_45b7a0_45dba2_459218 (32 36.42 21 23.00 5 140.00){0.00 0.00 0.00 0.00 16.80 0}{16.80 23.00 29.22 31.90 33.60 23}{33.60 37.00 43.50 54.00 67.20 8}{67.20 0.00 0.00 0.00 84.00 0}{84.00 140.00 140.00 140.00 196.00 1}
10 2 

RANKS: 1 -1 0 32 1
EVENT7: 1104 48214b_4824b0_4825ae_462c42_45dbc8_459218
COMP 51-0: 470bed_470de3_470e43_462b44_45dbc8_459218 (32 21.00 7 19.00 7 24.00){0.00 0.00 0.00 0.00 8.40 0}{8.40 0.00 0.00 0.00 16.80 0}{16.80 19.00 21.00 24.00 25.20 32}{25.20 0.00 0.00 0.00 33.60 0}{33.60 0.00 0.00 0.00 42.00 0}
10 2 
12 1 
14 10 
18 2 
19 0 

RANKS: 1 -1 0 32 1
EVENT8: 1104 48214b_4824b0_4825ae_462d4c_45dbc8_459218
COMP 51-0: 48214b_4824b0_4825ae_462c42_45dbc8_459218 (32 9.55 1 9.00 3 12.00){0.00 0.00 0.00 0.00 4.00 0}{4.00 0.00 0.00 0.00 8.00 0}{8.00 9.00 9.53 12.00 12.00 32}{12.00 0.00 0.00 0.00 16.00 0}{16.00 0.00 0.00 0.00 20.00 0}
10 2 
12 1 
14 10 
18 1 
19 0 

RANKS: 1 -1 0 32 1
EVENT9: 1011 471052_47133e_4713fd_462e50_45dbc8_459218
COMP 51-0: 48214b_4824b0_4825ae_462d4c_45dbc8_459218 (32 11.79 0 9.00 19 16.00){0.00 0.00 0.00 0.00 3.60 0}{3.60 0.00 0.00 0.00 7.20 0}{7.20 9.00 9.09 10.00 10.80 11}{10.80 12.00 13.05 14.00 14.40 19}{14.40 16.00 16.00 16.00 18.00 2}
10 2 
12 1 
14 10 
19 0 

RANKS: 1 -1 0 32 1
EVENT10: 1011 471052_47133e_4713fd_4675bc_45dbe2_459218
COMP 51-0: 471052_47133e_4713fd_462e50_45dbc8_459218 (32 11.03 0 9.00 8 14.00){0.00 0.00 0.00 0.00 3.60 0}{3.60 0.00 0.00 0.00 7.20 0}{7.20 9.00 10.20 10.58 10.80 20}{10.80 11.00 12.58 14.00 14.40 12}{14.40 0.00 0.00 0.00 18.00 0}
10 2 
12 1 
14 3 
19 0 

RANKS: 1 -1 0 1 0
EVENT11: 1169 4a4ea5_4a5137_4a51d4_45dd54_4592a1
COMP 51-0: 471052_47133e_4713fd_4675bc_45dbe2_459218 (1 114.00 0 114.00 0 114.00){0.00 0.00 0.00 0.00 45.60 0}{45.60 0.00 0.00 0.00 91.20 0}{91.20 114.00 114.00 114.00 136.80 1}{136.80 0.00 0.00 0.00 182.40 0}{182.40 0.00 0.00 0.00 228.00 0}
11 1 
12 18 
49 0 

RANKS: 1 -1 0 32 1
EVENT12: 1030 474d46_474f75_474fe5_45fced_4592c8
COMP 51-0: 471052_47133e_4713fd_4675bc_45dbe2_459218 (31 18.56 31 17.00 3 22.00){0.00 0.00 0.00 0.00 7.20 0}{7.20 0.00 0.00 0.00 14.40 0}{14.40 17.00 18.34 21.00 21.60 29}{21.60 22.00 22.00 22.00 28.80 2}{28.80 0.00 0.00 0.00 36.00 0}
COMP 51-1: 4a4ea5_4a5137_4a51d4_45dd54_4592a1 (1 605.00 0 605.00 0 605.00){0.00 0.00 0.00 0.00 242.00 0}{242.00 0.00 0.00 0.00 484.00 0}{484.00 605.00 605.00 605.00 726.00 1}{726.00 0.00 0.00 0.00 968.00 0}{968.00 0.00 0.00 0.00 1210.00 0}
10 2 

RANKS: 1 -1 0 32 1
EVENT13: 1066 47b541_47b880_47b91f_45fdf8_4592c8
COMP 51-0: 474d46_474f75_474fe5_45fced_4592c8 (32 14.03 0 11.00 25 18.00){0.00 0.00 0.00 0.00 4.40 0}{4.40 0.00 0.00 0.00 8.80 0}{8.80 11.00 11.50 13.00 13.20 4}{13.20 13.49 14.37 16.00 17.60 27}{17.60 18.00 18.00 18.00 22.00 1}
b 0 31 1 
12 1 
21 1000 

RANKS: 1 -1 0 32 1
EVENT14: 1026 473ecc_47414c_4741cf_45fede_4592c8
COMP 51-0: 47b541_47b880_47b91f_45fdf8_4592c8 (32 11.06 28 9.00 0 16.00){0.00 0.00 0.00 0.00 6.40 0}{6.40 9.00 10.33 11.00 12.80 27}{12.80 13.00 14.00 16.00 19.20 5}{19.20 0.00 0.00 0.00 25.60 0}{25.60 0.00 0.00 0.00 32.00 0}
10 2 
21 1001 

RANKS: 1 -1 0 1 0
EVENT15: 1102 4810ba_481457_481550_45ae8b_460142_4592c8
COMP 51-0: 473ecc_47414c_4741cf_45fede_4592c8 (1 21.00 0 21.00 0 21.00){0.00 0.00 0.00 0.00 8.40 0}{8.40 0.00 0.00 0.00 16.80 0}{16.80 21.00 21.00 21.00 25.20 1}{25.20 0.00 0.00 0.00 33.60 0}{33.60 0.00 0.00 0.00 42.00 0}
COMP 51-1: 4810ba_481457_481550_45ae8b_460142_4592c8 (30 9.32 0 9.00 0 12.00){0.00 0.00 0.00 0.00 3.60 0}{3.60 0.00 0.00 0.00 7.20 0}{7.20 9.00 9.11 10.00 10.80 27}{10.80 11.00 11.33 12.00 14.40 3}{14.40 0.00 0.00 0.00 18.00 0}
LOOP0: iter: ( 31 )[ 1 -1 0 1 0 ] mem: ( 1 )[ 1 -1 0 1 0 ]
10 1000 
12 1024 
14 1 
1b 0 
2b 2147483647 

RANKS: 1 -1 1 31 1
EVENT16: 1113 485d8d_4860ce_4861a5_45afe1_460142_4592c8
COMP 51-0: 473ecc_47414c_4741cf_45fede_4592c8 (31 15.16 7 13.00 2 20.00){0.00 0.00 0.00 0.00 6.00 0}{6.00 0.00 0.00 0.00 12.00 0}{12.00 13.00 15.00 17.12 18.00 30}{18.00 20.00 20.00 20.00 24.00 1}{24.00 0.00 0.00 0.00 30.00 0}
10 1000 
12 1024 
14 1 
1a ( 31 )[ 1 -1 1 1 0 ]
1a ( 29 )[ 1 -1 3 1 0 ]
1a ( 25 )[ 1 -1 7 1 0 ]
1a ( 17 )[ 1 -1 15 1 0 ]
1a ( 1 )[ 1 -1 31 1 0 ]
1a ( 9 )[ 1 -1 23 1 0 ]
1a ( 21 )[ 1 -1 11 1 0 ]
1a ( 13 )[ 1 -1 19 1 0 ]
1a ( 5 )[ 1 -1 27 1 0 ]
1a ( 27 )[ 1 -1 5 1 0 ]
1a ( 23 )[ 1 -1 9 1 0 ]
1a ( 15 )[ 1 -1 17 1 0 ]
1a ( 7 )[ 1 -1 25 1 0 ]
1a ( 19 )[ 1 -1 13 1 0 ]
1a ( 11 )[ 1 -1 21 1 0 ]
1a ( 3 )[ 1 -1 29 1 0 ]
1a ( 30 )[ 1 -1 2 1 0 ]
1a ( 28 )[ 1 -1 4 1 0 ]
1a ( 24 )[ 1 -1 8 1 0 ]
1a ( 16 )[ 1 -1 16 1 0 ]
1a ( 8 )[ 1 -1 24 1 0 ]
1a ( 20 )[ 1 -1 12 1 0 ]
1a ( 12 )[ 1 -1 20 1 0 ]
1a ( 4 )[ 1 -1 28 1 0 ]
1a ( 26 )[ 1 -1 6 1 0 ]
1a ( 22 )[ 1 -1 10 1 0 ]
1a ( 14 )[ 1 -1 18 1 0 ]
1a ( 6 )[ 1 -1 26 1 0 ]
1a ( 18 )[ 1 -1 14 1 0 ]
1a ( 10 )[ 1 -1 22 1 0 ]
1a ( 2 )[ 1 -1 30 1 0 ]
1b 0 

RANKS: 1 -1 0 32 1
EVENT17: 1011 471052_47133e_4713fd_45b0e2_460142_4592c8
COMP 51-0: 4810ba_481457_481550_45ae8b_460142_4592c8 (1 10.00 0 10.00 0 10.00){0.00 0.00 0.00 0.00 4.00 0}{4.00 0.00 0.00 0.00 8.00 0}{8.00 10.00 10.00 10.00 12.00 1}{12.00 0.00 0.00 0.00 16.00 0}{16.00 0.00 0.00 0.00 20.00 0}
COMP 51-1: 485d8d_4860ce_4861a5_45afe1_460142_4592c8 (31 9.59 1 9.00 3 15.00){0.00 0.00 0.00 0.00 3.60 0}{3.60 0.00 0.00 0.00 7.20 0}{7.20 9.00 9.24 10.00 10.80 29}{10.80 0.00 0.00 0.00 14.40 0}{14.40 15.00 15.00 15.00 18.00 2}
10 1000 
12 1 
14 3 
19 0 

RANKS: 1 -1 0 1 0
EVENT18: 1169 4a4ea5_4a5137_4a51d4_45e063_4608cf_4592c8
COMP 51-0: 471052_47133e_4713fd_45b0e2_460142_4592c8 (1 17.00 0 17.00 0 17.00){0.00 0.00 0.00 0.00 6.80 0}{6.80 0.00 0.00 0.00 13.60 0}{13.60 17.00 17.00 17.00 20.40 1}{20.40 0.00 0.00 0.00 27.20 0}{27.20 0.00 0.00 0.00 34.00 0}
11 1 
12 10 
49 0 

RANKS: 1 -1 0 1 0
EVENT19: 1169 4a4ea5_4a5137_4a51d4_45e0c0_4608cf_4592c8
COMP 51-0: 4a4ea5_4a5137_4a51d4_45e063_4608cf_4592c8 (1 16.00 0 16.00 0 16.00){0.00 0.00 0.00 0.00 6.40 0}{6.40 0.00 0.00 0.00 12.80 0}{12.80 16.00 16.00 16.00 19.20 1}{19.20 0.00 0.00 0.00 25.60 0}{25.60 0.00 0.00 0.00 32.00 0}
11 1 
12 22 
49 0 

RANKS: 1 -1 0 1 0
EVENT20: 1169 4a4ea5_4a5137_4a51d4_45e0e9_4608cf_4592c8
COMP 51-0: 4a4ea5_4a5137_4a51d4_45e0c0_4608cf_4592c8 (1 12.00 0 12.00 0 12.00){0.00 0.00 0.00 0.00 4.80 0}{4.80 0.00 0.00 0.00 9.60 0}{9.60 12.00 12.00 12.00 14.40 1}{14.40 0.00 0.00 0.00 19.20 0}{19.20 0.00 0.00 0.00 24.00 0}
11 1 
12 16 
49 0 

RANKS: 1 -1 0 1 0
EVENT21: 1169 4a4ea5_4a5137_4a51d4_45e152_4608cf_4592c8
COMP 51-0: 4a4ea5_4a5137_4a51d4_45e0e9_4608cf_4592c8 (1 8.00 0 8.00 0 8.00){0.00 0.00 0.00 0.00 3.20 0}{3.20 0.00 0.00 0.00 6.40 0}{6.40 8.00 8.00 8.00 9.60 1}{9.60 0.00 0.00 0.00 12.80 0}{12.80 0.00 0.00 0.00 16.00 0}
11 1 
12 13 
49 0 

RANKS: 1 -1 0 1 0
EVENT22: 1169 4a4ea5_4a5137_4a51d4_45e1db_4608cf_4592c8
COMP 51-0: 4a4ea5_4a5137_4a51d4_45e152_4608cf_4592c8 (1 12.00 0 12.00 0 12.00){0.00 0.00 0.00 0.00 4.80 0}{4.80 0.00 0.00 0.00 9.60 0}{9.60 12.00 12.00 12.00 14.40 1}{14.40 0.00 0.00 0.00 19.20 0}{19.20 0.00 0.00 0.00 24.00 0}
11 1 
12 44 
49 0 

RANKS: 1 -1 0 1 0
EVENT23: 1169 4a4ea5_4a5137_4a51d4_45e1f6_4608cf_4592c8
COMP 51-0: 4a4ea5_4a5137_4a51d4_45e1db_4608cf_4592c8 (1 11.00 0 11.00 0 11.00){0.00 0.00 0.00 0.00 4.40 0}{4.40 0.00 0.00 0.00 8.80 0}{8.80 11.00 11.00 11.00 13.20 1}{13.20 0.00 0.00 0.00 17.60 0}{17.60 0.00 0.00 0.00 22.00 0}
11 1 
12 21 
49 0 

RANKS: 1 -1 0 1 0
EVENT24: 1169 4a4ea5_4a5137_4a51d4_45e21f_4608cf_4592c8
COMP 51-0: 4a4ea5_4a5137_4a51d4_45e1f6_4608cf_4592c8 (1 9.00 0 9.00 0 9.00){0.00 0.00 0.00 0.00 3.60 0}{3.60 0.00 0.00 0.00 7.20 0}{7.20 9.00 9.00 9.00 10.80 1}{10.80 0.00 0.00 0.00 14.40 0}{14.40 0.00 0.00 0.00 18.00 0}
11 1 
12 20 
49 0 

RANKS: 1 -1 0 1 0
EVENT25: 1169 4a4ea5_4a5137_4a51d4_45e257_4608cf_4592c8
COMP 51-0: 4a4ea5_4a5137_4a51d4_45e21f_4608cf_4592c8 (1 11.00 0 11.00 0 11.00){0.00 0.00 0.00 0.00 4.40 0}{4.40 0.00 0.00 0.00 8.80 0}{8.80 11.00 11.00 11.00 13.20 1}{13.20 0.00 0.00 0.00 17.60 0}{17.60 0.00 0.00 0.00 22.00 0}
11 1 
12 21 
49 0 

RANKS: 1 -1 0 1 0
EVENT26: 1169 4a4ea5_4a5137_4a51d4_45e28e_4608cf_4592c8
COMP 51-0: 4a4ea5_4a5137_4a51d4_45e257_4608cf_4592c8 (1 8.00 0 8.00 0 8.00){0.00 0.00 0.00 0.00 3.20 0}{3.20 0.00 0.00 0.00 6.40 0}{6.40 8.00 8.00 8.00 9.60 1}{9.60 0.00 0.00 0.00 12.80 0}{12.80 0.00 0.00 0.00 16.00 0}
11 1 
12 18 
49 0 

RANKS: 1 -1 0 32 1
EVENT27: 1011 471052_47133e_4713fd_460ac3_4592c8
COMP 51-0: 471052_47133e_4713fd_45b0e2_460142_4592c8 (31 13.94 31 11.00 3 18.00){0.00 0.00 0.00 0.00 6.40 0}{6.40 11.00 11.75 12.00 12.80 8}{12.80 13.00 14.61 18.00 19.20 23}{19.20 0.00 0.00 0.00 25.60 0}{25.60 0.00 0.00 0.00 32.00 0}
COMP 51-1: 4a4ea5_4a5137_4a51d4_45e28e_4608cf_4592c8 (1 30.00 0 30.00 0 30.00){0.00 0.00 0.00 0.00 12.00 0}{12.00 0.00 0.00 0.00 24.00 0}{24.00 30.00 30.00 30.00 36.00 1}{36.00 0.00 0.00 0.00 48.00 0}{48.00 0.00 0.00 0.00 60.00 0}
10 1000 
12 1 
14 7 
19 0 

RANKS: 1 -1 0 32 1
EVENT28: 1010 470bed_470de3_470e43_460d4a_4592c8
COMP 51-0: 471052_47133e_4713fd_460ac3_4592c8 (32 104.24 14 34.00 11 313.00){0.00 0.00 0.00 0.00 20.00 0}{20.00 34.00 56.62 98.00 100.00 21}{100.00 125.00 133.75 149.00 150.00 4}{150.00 177.00 211.00 249.00 258.00 5}{258.00 298.00 305.50 313.00 368.00 2}
10 1000 

RANKS: 1 -1 0 32 1
EVENT29: 1171 491686_491ab6_491b7b_46a744_46a481_460e5a_4592c8
COMP 51-0: 470bed_470de3_470e43_460d4a_4592c8 (32 28.15 1 23.00 18 41.00){0.00 0.00 0.00 0.00 10.00 0}{10.00 0.00 0.00 0.00 20.00 0}{20.00 23.00 27.48 29.55 30.00 29}{30.00 31.00 33.00 35.00 40.00 2}{40.00 41.00 41.00 41.00 50.00 1}
COMM 51-0: 470bed_470de3_470e43_460d4a_4592c8 (32 2468.09 10 917.00 15 8801.00){0.00 0.00 0.00 0.00 741.60 0}{741.60 917.00 978.14 1030.00 1112.40 7}{1112.40 1122.67 1131.00 1198.00 1483.20 11}{1483.20 1776.00 1808.50 1841.00 1854.00 2}{1854.00 2477.00 4801.25 8801.00 15748.00 12}
10 1 
3a :/tmp/chunk.dat.(-1 0 32 1)  
3b 41 
3c 1000 
52 18123 

RANKS: 1 -1 0 1 0
EVENT30: 1169 4a4ea5_4a5137_4a51d4_460f96_4592c8
COMP 51-0: 491686_491ab6_491b7b_46a744_46a481_460e5a_4592c8 (1 17.00 0 17.00 0 17.00){0.00 0.00 0.00 0.00 6.80 0}{6.80 0.00 0.00 0.00 13.60 0}{13.60 17.00 17.00 17.00 20.40 1}{20.40 0.00 0.00 0.00 27.20 0}{27.20 0.00 0.00 0.00 34.00 0}
11 1 
12 35 
49 0 

RANKS: 1 -1 0 32 1
EVENT31: 1173 49278e_492ab2_492b93_46b5b6_465436_460ff4_4592c8
COMP 51-0: 491686_491ab6_491b7b_46a744_46a481_460e5a_4592c8 (31 226.78 28 205.00 28 261.00){0.00 0.00 0.00 0.00 90.00 0}{90.00 0.00 0.00 0.00 180.00 0}{180.00 205.00 226.84 261.00 270.00 31}{270.00 0.00 0.00 0.00 360.00 0}{360.00 0.00 0.00 0.00 450.00 0}
COMP 51-1: 49278e_492ab2_492b93_46b5b6_465436_460ff4_4592c8 (480 31.86 3 13.00 14 56.00){0.00 0.00 0.00 0.00 12.00 0}{12.00 13.00 18.62 24.00 24.00 156}{24.00 25.00 27.40 30.00 30.00 5}{30.00 32.00 38.41 53.00 54.00 318}{54.00 56.00 56.00 56.00 58.00 1}
COMP 51-2: 4a4ea5_4a5137_4a51d4_460f96_4592c8 (1 212.00 0 212.00 0 212.00){0.00 0.00 0.00 0.00 84.80 0}{84.80 0.00 0.00 0.00 169.60 0}{169.60 212.00 212.00 212.00 254.40 1}{254.40 0.00 0.00 0.00 339.20 0}{339.20 0.00 0.00 0.00 424.00 0}
LOOP0: iter: ( 16 )[ 1 -1 0 32 1 ] mem: ( 1 )[ 1 -1 0 32 1 ]
12 131072 
14 12 
3c 1000 
3d 0 131072 262144 393216 524288 655360 786432 917504 1048576 1179648 1310720 1441792 1572864 1703936 1835008 1966080 

RANKS: 1 -1 0 32 1
EVENT32: 1183 496b2e_496d6d_496dcd_46b6dc_461140_4592c8
COMP 51-0: 49278e_492ab2_492b93_46b5b6_465436_460ff4_4592c8 (32 93.30 13 49.00 25 140.00){0.00 0.00 0.00 0.00 34.40 0}{34.40 49.00 58.71 61.20 68.80 7}{68.80 72.00 82.50 101.00 103.20 10}{103.20 108.50 115.50 131.00 137.60 14}{137.60 140.00 140.00 140.00 172.00 1}
3c 1000 
52 863397 

RANKS: 1 -1 0 32 1
EVENT33: 1010 470bed_470de3_470e43_4612a4_4592c8
COMP 51-0: 496b2e_496d6d_496dcd_46b6dc_461140_4592c8 (32 18.48 1 10.00 5 27.00){0.00 0.00 0.00 0.00 6.80 0}{6.80 10.00 12.09 12.44 13.60 11}{13.60 15.50 17.00 20.00 20.40 7}{20.40 21.00 24.36 27.00 27.20 14}{27.20 0.00 0.00 0.00 34.00 0}
10 1000 

RANKS: 1 -1 0 32 1
EVENT34: 1171 491686_491ab6_491b7b_46be3a_461465_4592c8
COMP 51-0: 470bed_470de3_470e43_4612a4_4592c8 (32 15.12 20 11.00 15 32.00){0.00 0.00 0.00 0.00 9.60 0}{9.60 11.00 12.52 14.00 14.40 25}{14.40 18.00 18.50 19.00 19.20 2}{19.20 23.00 26.25 29.00 30.00 4}{30.00 32.00 32.00 32.00 34.00 1}
COMM 51-0: 470bed_470de3_470e43_4612a4_4592c8 (32 7047.58 12 5516.00 5 8226.00){0.00 0.00 0.00 0.00 2264.40 0}{2264.40 0.00 0.00 0.00 4528.80 0}{4528.80 5516.00 6312.87 6424.31 6793.20 15}{6793.20 7426.00 7777.41 8226.00 9057.60 17}{9057.60 0.00 0.00 0.00 11322.00 0}
10 1000 
3a :/tmp/chunk.dat.(-1 0 32 1)  
3b 2 
3c 1001 
52 236127 

RANKS: 1 -1 0 32 1
EVENT35: 1183 496b2e_496d6d_496dcd_46bfdd_461465_4592c8
COMP 51-0: 491686_491ab6_491b7b_46be3a_461465_4592c8 (32 96.55 19 41.00 1 258.00){0.00 41.00 55.84 60.29 66.80 19}{66.80 88.00 106.00 125.00 133.60 3}{133.60 140.00 153.56 186.00 200.40 9}{200.40 258.00 258.00 258.00 267.20 1}{267.20 0.00 0.00 0.00 334.00 0}
3c 1001 
52 1678 

RANKS: 1 -1 0 32 1
EVENT36: 1004 46e310_46e630_46e710_46c0d3_461465_4592c8
COMP 51-0: 496b2e_496d6d_496dcd_46bfdd_461465_4592c8 (32 16.45 3 14.00 5 37.00){0.00 0.00 0.00 0.00 6.00 0}{6.00 0.00 0.00 0.00 12.00 0}{12.00 14.00 15.84 23.00 24.00 31}{24.00 0.00 0.00 0.00 30.00 0}{30.00 37.00 37.00 37.00 44.00 1}
10 1000 
12 1 
14 38 
18 3 

RANKS: 1 -1 0 32 1
EVENT37: 1004 46e310_46e630_46e710_459de7_46147b_4592c8
COMP 51-0: 46e310_46e630_46e710_46c0d3_461465_4592c8 (32 11.70 1 10.00 18 18.00){0.00 0.00 0.00 0.00 4.40 0}{4.40 0.00 0.00 0.00 8.80 0}{8.80 10.00 11.04 13.00 13.20 28}{13.20 15.00 16.00 17.00 17.60 3}{17.60 18.00 18.00 18.00 22.00 1}
10 1000 
12 1 
14 38 
18 3 

RANKS: 1 -1 0 32 1
EVENT38: 1104 48214b_4824b0_4825ae_45d3dc_4614bc_4592c8
COMP 51-0: 46e310_46e630_46e710_459de7_46147b_4592c8 (32 24.73 0 16.00 25 70.00){0.00 0.00 0.00 0.00 12.80 0}{12.80 16.00 17.71 18.50 19.20 7}{19.20 20.00 22.82 25.33 25.60 17}{25.60 26.00 31.14 35.00 36.00 7}{36.00 70.00 70.00 70.00 104.00 1}
COMP 51-1: 48214b_4824b0_4825ae_45d3dc_4614bc_4592c8 (352 10.31 1 9.00 25 20.00){0.00 0.00 0.00 0.00 4.00 0}{4.00 0.00 0.00 0.00 8.00 0}{8.00 9.00 10.16 11.46 12.00 343}{12.00 12.14 13.79 15.00 16.00 4}{16.00 17.00 18.20 20.00 20.00 5}
LOOP0: iter: ( 12 )[ 1 -1 0 32 1 ] mem: ( 1 )[ 1 -1 0 32 1 ]
10 1000 
12 1 
14 10 
18 2 1 
19 0 

RANKS: 1 -1 0 32 1
EVENT39: 1010 470bed_470de3_470e43_461d7f_4592c8
COMP 51-0: 48214b_4824b0_4825ae_45d3dc_4614bc_4592c8 (32 18.00 17 13.00 3 24.00){0.00 0.00 0.00 0.00 6.40 0}{6.40 0.00 0.00 0.00 12.80 0}{12.80 13.00 15.47 17.00 19.20 17}{19.20 19.88 21.00 24.00 25.60 15}{25.60 0.00 0.00 0.00 32.00 0}
10 1000 

RANKS: 1 -1 0 32 1
EVENT40: 1171 491686_491ab6_491b7b_46a744_461e8f_4592c8
COMP 51-0: 470bed_470de3_470e43_461d7f_4592c8 (32 24.52 16 18.00 12 34.00){0.00 0.00 0.00 0.00 7.60 0}{7.60 0.00 0.00 0.00 15.20 0}{15.20 18.00 21.45 22.71 22.80 11}{22.80 24.17 25.74 29.17 30.40 19}{30.40 31.00 32.50 34.00 38.00 2}
COMM 51-0: 470bed_470de3_470e43_461d7f_4592c8 (32 159.52 28 103.00 0 606.00){0.00 103.00 130.71 174.00 242.40 31}{242.40 0.00 0.00 0.00 484.80 0}{484.80 606.00 606.00 606.00 727.20 1}{727.20 0.00 0.00 0.00 969.60 0}{969.60 0.00 0.00 0.00 1212.00 0}
10 1 
3a :/tmp/chunk.dat.(-1 0 32 1)  
3b 41 
3c 1002 
52 18151 

RANKS: 1 -1 0 1 0
EVENT41: 1169 4a4ea5_4a5137_4a51d4_462003_4592c8
COMP 51-0: 491686_491ab6_491b7b_46a744_461e8f_4592c8 (1 15.00 0 15.00 0 15.00){0.00 0.00 0.00 0.00 6.00 0}{6.00 0.00 0.00 0.00 12.00 0}{12.00 15.00 15.00 15.00 18.00 1}{18.00 0.00 0.00 0.00 24.00 0}{24.00 0.00 0.00 0.00 30.00 0}
11 1 
12 34 
49 0 

RANKS: 1 -1 0 32 1
EVENT42: 1179 4951ba_4954de_4955bf_46b5b6_46551c_462061_4592c8
COMP 51-0: 491686_491ab6_491b7b_46a744_461e8f_4592c8 (31 225.28 3 199.00 28 309.00){0.00 0.00 0.00 0.00 84.80 0}{84.80 0.00 0.00 0.00 169.60 0}{169.60 199.00 221.66 237.00 254.40 29}{254.40 260.00 284.50 309.00 339.20 2}{339.20 0.00 0.00 0.00 424.00 0}
COMP 51-1: 4951ba_4954de_4955bf_46b5b6_46551c_462061_4592c8 (480 11.26 0 10.00 12 81.00){0.00 0.00 0.00 0.00 9.60 0}{9.60 10.00 11.00 14.00 14.40 470}{14.40 14.50 16.12 20.00 24.00 8}{24.00 25.00 25.00 25.00 26.00 1}{26.00 81.00 81.00 81.00 136.00 1}
COMP 51-2: 4a4ea5_4a5137_4a51d4_462003_4592c8 (1 256.00 0 256.00 0 256.00){0.00 0.00 0.00 0.00 102.40 0}{102.40 0.00 0.00 0.00 204.80 0}{204.80 256.00 256.00 256.00 307.20 1}{307.20 0.00 0.00 0.00 409.60 0}{409.60 0.00 0.00 0.00 512.00 0}
LOOP0: iter: ( 16 )[ 1 -1 0 32 1 ] mem: ( 1 )[ 1 -1 0 32 1 ]
12 131072 
14 12 
3c 1002 
3d 0 131072 262144 393216 524288 655360 786432 917504 1048576 1179648 1310720 1441792 1572864 1703936 1835008 1966080 

RANKS: 1 -1 0 32 1
EVENT43: 1183 496b2e_496d6d_496dcd_46b6dc_4621ad_4592c8
COMP 51-0: 4951ba_4954de_4955bf_46b5b6_46551c_462061_4592c8 (32 49.88 15 40.00 18 76.00){0.00 0.00 0.00 0.00 22.00 0}{22.00 40.00 41.25 43.00 44.00 4}{44.00 44.67 49.12 57.25 66.00 26}{66.00 73.00 74.50 76.00 88.00 2}{88.00 0.00 0.00 0.00 110.00 0}
3c 1002 
52 5497 

RANKS: 1 -1 0 32 1
EVENT44: 1171 491686_491ab6_491b7b_46be3a_462211_4592c8
COMP 51-0: 496b2e_496d6d_496dcd_46b6dc_4621ad_4592c8 (32 10.91 7 10.00 2 12.00){0.00 0.00 0.00 0.00 4.40 0}{4.40 0.00 0.00 0.00 8.80 0}{8.80 10.00 10.91 12.00 13.20 32}{13.20 0.00 0.00 0.00 17.60 0}{17.60 0.00 0.00 0.00 22.00 0}
COMM 51-0: 496b2e_496d6d_496dcd_46b6dc_4621ad_4592c8 (32 17468.91 6 5758.00 2 22940.00){0.00 5758.00 6332.00 6906.00 8882.00 2}{8882.00 9947.00 11965.43 15693.00 17764.00 7}{17764.00 18258.00 19906.39 22940.00 26646.00 23}{26646.00 0.00 0.00 0.00 35528.00 0}{35528.00 0.00 0.00 0.00 44410.00 0}
10 1000 
3a :/tmp/chunk.dat.(-1 0 32 1)  
3b 2 
3c 1003 
52 17387 

RANKS: 1 -1 0 32 1
EVENT45: 1183 496b2e_496d6d_496dcd_46bfdd_462211_4592c8
COMP 51-0: 491686_491ab6_491b7b_46be3a_462211_4592c8 (32 20.33 1 17.00 20 25.00){0.00 0.00 0.00 0.00 9.20 0}{9.20 17.00 17.50 18.00 18.40 2}{18.40 19.08 20.43 25.00 27.60 30}{27.60 0.00 0.00 0.00 36.80 0}{36.80 0.00 0.00 0.00 46.00 0}
3c 1003 
52 545 

RANKS: 1 -1 0 32 1
EVENT46: 1004 46e310_46e630_46e710_46c0d3_462211_4592c8
COMP 51-0: 496b2e_496d6d_496dcd_46bfdd_462211_4592c8 (32 11.24 7 10.00 7 13.00){0.00 0.00 0.00 0.00 4.40 0}{4.40 0.00 0.00 0.00 8.80 0}{8.80 10.00 11.25 13.00 13.20 32}{13.20 0.00 0.00 0.00 17.60 0}{17.60 0.00 0.00 0.00 22.00 0}
10 1000 
12 1 
14 38 
18 3 

RANKS: 1 -1 0 32 1
EVENT47: 1004 46e310_46e630_46e710_459de7_462227_4592c8
COMP 51-0: 46e310_46e630_46e710_46c0d3_462211_4592c8 (32 10.55 31 9.00 0 11.00){0.00 0.00 0.00 0.00 4.40 0}{4.40 0.00 0.00 0.00 8.80 0}{8.80 9.00 10.53 11.00 13.20 32}{13.20 0.00 0.00 0.00 17.60 0}{17.60 0.00 0.00 0.00 22.00 0}
10 1000 
12 1 
14 38 
18 3 

RANKS: 1 -1 0 32 1
EVENT48: 1104 48214b_4824b0_4825ae_45d3dc_462268_4592c8
COMP 51-0: 46e310_46e630_46e710_459de7_462227_4592c8 (32 11.70 7 10.00 13 17.00){0.00 0.00 0.00 0.00 4.80 0}{4.80 0.00 0.00 0.00 9.60 0}{9.60 10.00 11.52 13.00 14.40 31}{14.40 17.00 17.00 17.00 19.20 1}{19.20 0.00 0.00 0.00 24.00 0}
COMP 51-1: 48214b_4824b0_4825ae_45d3dc_462268_4592c8 (352 10.20 3 8.00 6 30.00){0.00 0.00 0.00 0.00 4.00 0}{4.00 8.00 10.01 12.00 12.00 343}{12.00 14.00 14.33 15.00 16.00 3}{16.00 16.50 16.60 17.00 20.00 5}{20.00 30.00 30.00 30.00 40.00 1}
LOOP0: iter: ( 12 )[ 1 -1 0 32 1 ] mem: ( 1 )[ 1 -1 0 32 1 ]
10 1000 
12 1 
14 10 
18 2 1 
19 0 

RANKS: 1 -1 0 32 1
EVENT49: 1010 470bed_470de3_470e43_462676_4592c8
COMP 51-0: 48214b_4824b0_4825ae_45d3dc_462268_4592c8 (32 10.24 7 9.00 7 11.00){0.00 0.00 0.00 0.00 4.00 0}{4.00 0.00 0.00 0.00 8.00 0}{8.00 9.00 10.25 11.00 12.00 32}{12.00 0.00 0.00 0.00 16.00 0}{16.00 0.00 0.00 0.00 20.00 0}
10 1000 

RANKS: 1 -1 0 32 1
EVENT50: 1184 497051_4972e3_497353_46b9a3_45db0a_462786_4592c8
COMP 51-0: 470bed_470de3_470e43_462676_4592c8 (32 28.85 28 20.00 14 36.00){0.00 0.00 0.00 0.00 12.80 0}{12.80 20.00 23.11 24.00 25.60 9}{25.60 27.00 30.96 36.00 38.40 23}{38.40 0.00 0.00 0.00 51.20 0}{51.20 0.00 0.00 0.00 64.00 0}
3a :/tmp/chunk.dat.(-1 0 32 1)  

RANKS: 1 -1 0 32 1
EVENT51: 1010 470bed_470de3_470e43_4627a3_4592c8
COMP 51-0: 497051_4972e3_497353_46b9a3_45db0a_462786_4592c8 (32 11.88 0 10.00 25 17.00){0.00 0.00 0.00 0.00 4.00 0}{4.00 0.00 0.00 0.00 8.00 0}{8.00 10.00 11.43 12.00 12.00 28}{12.00 14.00 15.00 16.00 16.00 3}{16.00 17.00 17.00 17.00 20.00 1}
10 1000 

RANKS: 1 -1 0 1 0
EVENT52: 1169 4a4ea5_4a5137_4a51d4_45f333_4628d3_4592c8
COMP 51-0: 470bed_470de3_470e43_4627a3_4592c8 (1 37.00 0 37.00 0 37.00){0.00 0.00 0.00 0.00 14.80 0}{14.80 0.00 0.00 0.00 29.60 0}{29.60 37.00 37.00 37.00 44.40 1}{44.40 0.00 0.00 0.00 59.20 0}{59.20 0.00 0.00 0.00 74.00 0}
11 1 
12 109 
49 0 

RANKS: 1 -1 0 1 0
EVENT53: 1169 4a4ea5_4a5137_4a51d4_45f358_4628d3_4592c8
COMP 51-0: 4a4ea5_4a5137_4a51d4_45f333_4628d3_4592c8 (1 9.00 0 9.00 0 9.00){0.00 0.00 0.00 0.00 3.60 0}{3.60 0.00 0.00 0.00 7.20 0}{7.20 9.00 9.00 9.00 10.80 1}{10.80 0.00 0.00 0.00 14.40 0}{14.40 0.00 0.00 0.00 18.00 0}
11 1 
12 87 
49 0 

RANKS: 1 -1 0 1 0
EVENT54: 1169 4a4ea5_4a5137_4a51d4_45f384_4628d3_4592c8
COMP 51-0: 4a4ea5_4a5137_4a51d4_45f358_4628d3_4592c8 (1 14.00 0 14.00 0 14.00){0.00 0.00 0.00 0.00 5.60 0}{5.60 0.00 0.00 0.00 11.20 0}{11.20 14.00 14.00 14.00 16.80 1}{16.80 0.00 0.00 0.00 22.40 0}{22.40 0.00 0.00 0.00 28.00 0}
11 1 
12 108 
49 0 

RANKS: 1 -1 0 1 0
EVENT55: 1169 4a4ea5_4a5137_4a51d4_45f764_4628d3_4592c8
COMP 51-0: 4a4ea5_4a5137_4a51d4_45f384_4628d3_4592c8 (1 584.00 0 584.00 0 584.00){0.00 0.00 0.00 0.00 233.60 0}{233.60 0.00 0.00 0.00 467.20 0}{467.20 584.00 584.00 584.00 700.80 1}{700.80 0.00 0.00 0.00 934.40 0}{934.40 0.00 0.00 0.00 1168.00 0}
11 1 
12 6 
49 0 

RANKS: 1 -1 0 1 0
EVENT56: 1169 4a4ea5_4a5137_4a51d4_45fb4a_4628d3_4592c8
COMP 51-0: 4a4ea5_4a5137_4a51d4_45f764_4628d3_4592c8 (1 26.00 0 26.00 0 26.00){0.00 0.00 0.00 0.00 10.40 0}{10.40 0.00 0.00 0.00 20.80 0}{20.80 26.00 26.00 26.00 31.20 1}{31.20 0.00 0.00 0.00 41.60 0}{41.60 0.00 0.00 0.00 52.00 0}
11 1 
12 6 
49 0 

RANKS: 1 -1 0 32 1
EVENT57: 1028 474931_474af2_474b52_4628dd_4592c8
COMP 51-0: 470bed_470de3_470e43_4627a3_4592c8 (31 54.44 9 27.00 11 175.00){0.00 0.00 0.00 0.00 23.20 0}{23.20 27.00 32.53 43.00 58.00 17}{58.00 64.00 65.50 67.00 70.00 2}{70.00 72.50 75.89 80.00 80.00 9}{80.00 84.00 115.33 175.00 270.00 3}
COMP 51-1: 4a4ea5_4a5137_4a51d4_45fb4a_4628d3_4592c8 (1 29.00 0 29.00 0 29.00){0.00 0.00 0.00 0.00 11.60 0}{11.60 0.00 0.00 0.00 23.20 0}{23.20 29.00 29.00 29.00 34.80 1}{34.80 0.00 0.00 0.00 46.40 0}{46.40 0.00 0.00 0.00 58.00 0}
10 1000 

RANKS: 1 -1 0 32 1
EVENT58: 1010 470bed_470de3_470e43_462a58_4592c8
COMP 51-0: 474931_474af2_474b52_4628dd_4592c8 (32 11.00 7 10.00 13 16.00){0.00 0.00 0.00 0.00 4.40 0}{4.40 0.00 0.00 0.00 8.80 0}{8.80 10.00 10.84 12.00 13.20 31}{13.20 16.00 16.00 16.00 17.60 1}{17.60 0.00 0.00 0.00 22.00 0}
10 2 

RANKS: 1 -1 0 32 1
EVENT59: 1045 476acc_476b3d_476b81_4593a5
COMP 51-0: 470bed_470de3_470e43_462a58_4592c8 (32 578.88 11 45.00 28 1963.00){0.00 45.00 106.20 155.00 361.20 15}{361.20 0.00 0.00 0.00 722.40 0}{722.40 788.00 896.00 912.00 1083.60 15}{1083.60 1204.00 1204.00 1204.00 1806.00 1}{1806.00 1963.00 1963.00 1963.00 2120.00 1}
52 13622 

