RANKS: 1 -1 0 8 1
EVENT0: 1084 47cb68_47cc13_47cc5f_458f9f
33 2 
34 0 

RANKS: 1 -1 0 1 0
EVENT1: 1102 4810ba_481457_481550_45ae8b_45db7f_459218
COMP 51-0: 47cb68_47cc13_47cc5f_458f9f (1 69.00 0 69.00 0 69.00){0.00 0.00 0.00 0.00 27.60 0}{27.60 0.00 0.00 0.00 55.20 0}{55.20 69.00 69.00 69.00 82.80 1}{82.80 0.00 0.00 0.00 110.40 0}{110.40 0.00 0.00 0.00 138.00 0}
COMP 51-1: 4810ba_481457_481550_45ae8b_45db7f_459218 (6 19.14 0 11.00 0 33.00){0.00 0.00 0.00 0.00 4.80 0}{4.80 0.00 0.00 0.00 9.60 0}{9.60 11.00 12.00 13.00 19.20 3}{19.20 0.00 0.00 0.00 24.00 0}{24.00 25.00 28.67 33.00 42.00 3}
LOOP0: iter: ( 7 )[ 1 -1 0 1 0 ] mem: ( 1 )[ 1 -1 0 1 0 ]
10 2 
12 1024 
14 1 
1b 0 
2b 2147483647 

RANKS: 1 -1 1 7 1
EVENT2: 1113 485d8d_4860ce_4861a5_45afe1_45db7f_459218
COMP 51-0: 47cb68_47cc13_47cc5f_458f9f (7 72.12 1 36.00 5 115.00){0.00 0.00 0.00 0.00 14.40 0}{14.40 0.00 0.00 0.00 28.80 0}{28.80 36.00 36.50 37.00 57.60 2}{57.60 58.00 62.00 66.00 72.00 2}{72.00 114.00 114.67 115.00 156.00 3}
10 2 
12 1024 
14 1 
1a ( 7 )[ 1 -1 1 1 0 ]
1a ( 5 )[ 1 -1 3 1 0 ]
1a ( 1 )[ 1 -1 7 1 0 ]
1a ( 3 )[ 1 -1 5 1 0 ]
1a ( 6 )[ 1 -1 2 1 0 ]
1a ( 4 )[ 1 -1 4 1 0 ]
1a ( 2 )[ 1 -1 6 1 0 ]
1b 0 

RANKS: 1 -1 0 8 1
EVENT3: 1011 471052_47133e_4713fd_45b0e2_45db7f_459218
COMP 51-0: 4810ba_481457_481550_45ae8b_45db7f_459218 (1 34.00 0 34.00 0 34.00){0.00 0.00 0.00 0.00 13.60 0}{13.60 0.00 0.00 0.00 27.20 0}{27.20 34.00 34.00 34.00 40.80 1}{40.80 0.00 0.00 0.00 54.40 0}{54.40 0.00 0.00 0.00 68.00 0}
COMP 51-1: 485d8d_4860ce_4861a5_45afe1_45db7f_459218 (7 30.62 1 16.00 3 46.00){0.00 0.00 0.00 0.00 6.40 0}{6.40 0.00 0.00 0.00 12.80 0}{12.80 16.00 19.00 21.00 25.60 3}{25.60 0.00 0.00 0.00 32.00 0}{32.00 35.00 43.00 46.00 60.00 4}
10 2 
12 1 
14 3 
19 0 

RANKS: 1 -1 0 8 1
EVENT4: 1167 4a4646_4a4872_4a48cc_468bac_468df4_45db91_459218
COMP 51-0: 471052_47133e_4713fd_45b0e2_45db7f_459218 (8 1990.56 5 1566.00 7 2584.00){0.00 0.00 0.00 0.00 739.20 0}{739.20 0.00 0.00 0.00 1478.40 0}{1478.40 1566.00 1869.00 2086.00 2217.60 6}{2217.60 2269.00 2426.50 2584.00 2956.80 2}{2956.80 0.00 0.00 0.00 3696.00 0}
49 0 
52 51482 

RANKS: 1 -1 0 8 1
EVENT5: 1011 471052_47133e_4713fd_45b7a0_45dba2_459218
COMP 51-0: 4a4646_4a4872_4a48cc_468bac_468df4_45db91_459218 (8 30.56 1 15.00 3 41.00){0.00 0.00 0.00 0.00 14.80 0}{14.80 15.00 15.33 16.00 29.60 3}{29.60 35.00 38.40 41.00 44.40 5}{44.40 0.00 0.00 0.00 59.20 0}{59.20 0.00 0.00 0.00 74.00 0}
10 2 
12 4 
14 12 
19 0 

RANKS: 1 -1 0 8 1
EVENT6: 1010 470bed_470de3_470e43_462b44_45dbc8_459218
COMP 51-0: 471052_47133e_4713fd_45b7a0_45dba2_459218 (8 63.44 6 22.00 0 112.00){0.00 22.00 31.33 36.00 44.80 3}{44.80 48.00 63.25 70.00 89.60 4}{89.60 112.00 112.00 112.00 134.40 1}{134.40 0.00 0.00 0.00 179.20 0}{179.20 0.00 0.00 0.00 224.00 0}
10 2 

RANKS: 1 -1 0 8 1
EVENT7: 1104 48214b_4824b0_4825ae_462c42_45dbc8_459218
COMP 51-0: 470bed_470de3_470e43_462b44_45dbc8_459218 (8 41.89 1 20.00 5 59.00){0.00 20.00 20.50 21.00 21.60 2}{21.60 25.00 25.00 25.00 43.20 1}{43.20 44.00 51.40 59.00 64.80 5}{64.80 0.00 0.00 0.00 86.40 0}{86.40 0.00 0.00 0.00 108.00 0}
10 2 
12 1 
14 10 
18 2 
19 0 

RANKS: 1 -1 0 8 1
EVENT8: 1104 48214b_4824b0_4825ae_462d4c_45dbc8_459218
COMP 51-0: 48214b_4824b0_4825ae_462c42_45dbc8_459218 (8 20.78 4 9.00 2 30.00){0.00 0.00 0.00 0.00 8.80 0}{8.80 9.00 10.33 12.00 17.60 3}{17.60 22.00 23.00 24.00 26.40 2}{26.40 29.00 29.33 30.00 35.20 3}{35.20 0.00 0.00 0.00 44.00 0}
10 2 
12 1 
14 10 
18 1 
19 0 

RANKS: 1 -1 0 8 1
EVENT9: 1011 471052_47133e_4713fd_462e50_45dbc8_459218
COMP 51-0: 48214b_4824b0_4825ae_462d4c_45dbc8_459218 (8 18.89 6 8.00 2 28.00){0.00 8.00 8.00 8.00 8.80 1}{8.80 12.00 12.00 12.00 17.60 2}{17.60 22.00 22.00 22.00 26.40 4}{26.40 28.00 28.00 28.00 35.20 1}{35.20 0.00 0.00 0.00 44.00 0}
10 2 
12 1 
14 10 
19 0 

RANKS: 1 -1 0 8 1
EVENT10: 1011 471052_47133e_4713fd_4675bc_45dbe2_459218
COMP 51-0: 471052_47133e_4713fd_462e50_45dbc8_459218 (8 20.22 1 10.00 0 29.00){0.00 10.00 10.00 10.00 11.60 3}{11.60 22.00 22.00 22.00 23.20 2}{23.20 25.00 26.33 29.00 34.80 3}{34.80 0.00 0.00 0.00 46.40 0}{46.40 0.00 0.00 0.00 58.00 0}
10 2 
12 1 
14 3 
19 0 

RANKS: 1 -1 0 1 0
EVENT11: 1169 4a4ea5_4a5137_4a51d4_45dd54_4592a1
COMP 51-0: 471052_47133e_4713fd_4675bc_45dbe2_459218 (1 208.00 0 208.00 0 208.00){0.00 0.00 0.00 0.00 83.20 0}{83.20 0.00 0.00 0.00 166.40 0}{166.40 208.00 208.00 208.00 249.60 1}{249.60 0.00 0.00 0.00 332.80 0}{332.80 0.00 0.00 0.00 416.00 0}
11 1 
12 18 
49 0 

RANKS: 1 -1 0 8 1
EVENT12: 1030 474d46_474f75_474fe5_45fced_4592c8
COMP 51-0: 471052_47133e_4713fd_4675bc_45dbe2_459218 (7 33.00 1 18.00 5 52.00){0.00 0.00 0.00 0.00 7.20 0}{7.20 0.00 0.00 0.00 14.40 0}{14.40 18.00 19.00 21.00 28.80 3}{28.80 0.00 0.00 0.00 36.00 0}{36.00 41.00 47.25 52.00 56.00 4}
COMP 51-1: 4a4ea5_4a5137_4a51d4_45dd54_4592a1 (1 331.00 0 331.00 0 331.00){0.00 0.00 0.00 0.00 132.40 0}{132.40 0.00 0.00 0.00 264.80 0}{264.80 331.00 331.00 331.00 397.20 1}{397.20 0.00 0.00 0.00 529.60 0}{529.60 0.00 0.00 0.00 662.00 0}
10 2 

RANKS: 1 -1 0 8 1
EVENT13: 1066 47b541_47b880_47b91f_45fdf8_4592c8
COMP 51-0: 474d46_474f75_474fe5_45fced_4592c8 (8 24.00 4 13.00 0 30.00){0.00 0.00 0.00 0.00 12.00 0}{12.00 13.00 13.33 14.00 24.00 3}{24.00 27.00 29.20 30.00 36.00 5}{36.00 0.00 0.00 0.00 48.00 0}{48.00 0.00 0.00 0.00 60.00 0}
b 0 7 1 
12 1 
21 1000 

RANKS: 1 -1 0 8 1
EVENT14: 1026 473ecc_47414c_4741cf_45fede_4592c8
COMP 51-0: 47b541_47b880_47b91f_45fdf8_4592c8 (8 23.78 1 10.00 0 33.00){0.00 10.00 11.33 13.00 13.20 3}{13.20 26.00 26.00 26.00 26.40 2}{26.40 30.00 31.67 33.00 39.60 3}{39.60 0.00 0.00 0.00 52.80 0}{52.80 0.00 0.00 0.00 66.00 0}
10 2 
21 1001 

RANKS: 1 -1 0 1 0
EVENT15: 1102 4810ba_481457_481550_45ae8b_460142_4592c8
COMP 51-0: 473ecc_47414c_4741cf_45fede_4592c8 (1 47.00 0 47.00 0 47.00){0.00 0.00 0.00 0.00 18.80 0}{18.80 0.00 0.00 0.00 37.60 0}{37.60 47.00 47.00 47.00 56.40 1}{56.40 0.00 0.00 0.00 75.20 0}{75.20 0.00 0.00 0.00 94.00 0}
COMP 51-1: 4810ba_481457_481550_45ae8b_460142_4592c8 (6 29.86 0 23.00 0 65.00){0.00 0.00 0.00 0.00 9.20 0}{9.20 0.00 0.00 0.00 18.40 0}{18.40 23.00 24.20 25.00 36.80 5}{36.80 0.00 0.00 0.00 46.00 0}{46.00 65.00 65.00 65.00 84.00 1}
LOOP0: iter: ( 7 )[ 1 -1 0 1 0 ] mem: ( 1 )[ 1 -1 0 1 0 ]
10 1000 
12 1024 
14 1 
1b 0 
2b 2147483647 

RANKS: 1 -1 1 7 1
EVENT16: 1113 485d8d_4860ce_4861a5_45afe1_460142_4592c8
COMP 51-0: 473ecc_47414c_4741cf_45fede_4592c8 (7 31.12 6 14.00 2 70.00){0.00 0.00 0.00 0.00 8.80 0}{8.80 14.00 14.00 14.00 17.60 1}{17.60 21.00 21.50 22.00 26.40 2}{26.40 32.00 33.33 36.00 44.00 3}{44.00 70.00 70.00 70.00 96.00 1}
10 1000 
12 1024 
14 1 
1a ( 7 )[ 1 -1 1 1 0 ]
1a ( 5 )[ 1 -1 3 1 0 ]
1a ( 1 )[ 1 -1 7 1 0 ]
1a ( 3 )[ 1 -1 5 1 0 ]
1a ( 6 )[ 1 -1 2 1 0 ]
1a ( 4 )[ 1 -1 4 1 0 ]
1a ( 2 )[ 1 -1 6 1 0 ]
1b 0 

RANKS: 1 -1 0 8 1
EVENT17: 1011 471052_47133e_4713fd_45b0e2_460142_4592c8
COMP 51-0: 4810ba_481457_481550_45ae8b_460142_4592c8 (1 25.00 0 25.00 0 25.00){0.00 0.00 0.00 0.00 10.00 0}{10.00 0.00 0.00 0.00 20.00 0}{20.00 25.00 25.00 25.00 30.00 1}{30.00 0.00 0.00 0.00 40.00 0}{40.00 0.00 0.00 0.00 50.00 0}
COMP 51-1: 485d8d_4860ce_4861a5_45afe1_460142_4592c8 (7 16.12 1 9.00 3 24.00){0.00 0.00 0.00 0.00 3.60 0}{3.60 0.00 0.00 0.00 7.20 0}{7.20 9.00 9.33 10.00 14.40 3}{14.40 0.00 0.00 0.00 18.00 0}{18.00 22.00 23.00 24.00 28.00 4}
10 1000 
12 1 
14 3 
19 0 

RANKS: 1 -1 0 1 0
EVENT18: 1169 4a4ea5_4a5137_4a51d4_45e063_4608cf_4592c8
COMP 51-0: 471052_47133e_4713fd_45b0e2_460142_4592c8 (1 42.00 0 42.00 0 42.00){0.00 0.00 0.00 0.00 16.80 0}{16.80 0.00 0.00 0.00 33.60 0}{33.60 42.00 42.00 42.00 50.40 1}{50.40 0.00 0.00 0.00 67.20 0}{67.20 0.00 0.00 0.00 84.00 0}
11 1 
12 10 
49 0 

RANKS: 1 -1 0 1 0
EVENT19: 1169 4a4ea5_4a5137_4a51d4_45e0c0_4608cf_4592c8
COMP 51-0: 4a4ea5_4a5137_4a51d4_45e063_4608cf_4592c8 (1 39.00 0 39.00 0 39.00){0.00 0.00 0.00 0.00 15.60 0}{15.60 0.00 0.00 0.00 31.20 0}{31.20 39.00 39.00 39.00 46.80 1}{46.80 0.00 0.00 0.00 62.40 0}{62.40 0.00 0.00 0.00 78.00 0}
11 1 
12 22 
49 0 

RANKS: 1 -1 0 1 0
EVENT20: 1169 4a4ea5_4a5137_4a51d4_45e0e9_4608cf_4592c8
COMP 51-0: 4a4ea5_4a5137_4a51d4_45e0c0_4608cf_4592c8 (1 51.00 0 51.00 0 51.00){0.00 0.00 0.00 0.00 20.40 0}{20.40 0.00 0.00 0.00 40.80 0}{40.80 51.00 51.00 51.00 61.20 1}{61.20 0.00 0.00 0.00 81.60 0}{81.60 0.00 0.00 0.00 102.00 0}
11 1 
12 16 
49 0 

RANKS: 1 -1 0 1 0
EVENT21: 1169 4a4ea5_4a5137_4a51d4_45e152_4608cf_4592c8
COMP 51-0: 4a4ea5_4a5137_4a51d4_45e0e9_4608cf_4592c8 (1 22.00 0 22.00 0 22.00){0.00 0.00 0.00 0.00 8.80 0}{8.80 0.00 0.00 0.00 17.60 0}{17.60 22.00 22.00 22.00 26.40 1}{26.40 0.00 0.00 0.00 35.20 0}{35.20 0.00 0.00 0.00 44.00 0}
11 1 
12 13 
49 0 

RANKS: 1 -1 0 1 0
EVENT22: 1169 4a4ea5_4a5137_4a51d4_45e1db_4608cf_4592c8
COMP 51-0: 4a4ea5_4a5137_4a51d4_45e152_4608cf_4592c8 (1 31.00 0 31.00 0 31.00){0.00 0.00 0.00 0.00 12.40 0}{12.40 0.00 0.00 0.00 24.80 0}{24.80 31.00 31.00 31.00 37.20 1}{37.20 0.00 0.00 0.00 49.60 0}{49.60 0.00 0.00 0.00 62.00 0}
11 1 
12 44 
49 0 

RANKS: 1 -1 0 1 0
EVENT23: 1169 4a4ea5_4a5137_4a51d4_45e1f6_4608cf_4592c8
COMP 51-0: 4a4ea5_4a5137_4a51d4_45e1db_4608cf_4592c8 (1 22.00 0 22.00 0 22.00){0.00 0.00 0.00 0.00 8.80 0}{8.80 0.00 0.00 0.00 17.60 0}{17.60 22.00 22.00 22.00 26.40 1}{26.40 0.00 0.00 0.00 35.20 0}{35.20 0.00 0.00 0.00 44.00 0}
11 1 
12 21 
49 0 

RANKS: 1 -1 0 1 0
EVENT24: 1169 4a4ea5_4a5137_4a51d4_45e21f_4608cf_4592c8
COMP 51-0: 4a4ea5_4a5137_4a51d4_45e1f6_4608cf_4592c8 (1 11.00 0 11.00 0 11.00){0.00 0.00 0.00 0.00 4.40 0}{4.40 0.00 0.00 0.00 8.80 0}{8.80 11.00 11.00 11.00 13.20 1}{13.20 0.00 0.00 0.00 17.60 0}{17.60 0.00 0.00 0.00 22.00 0}
11 1 
12 20 
49 0 

RANKS: 1 -1 0 1 0
EVENT25: 1169 4a4ea5_4a5137_4a51d4_45e257_4608cf_4592c8
COMP 51-0: 4a4ea5_4a5137_4a51d4_45e21f_4608cf_4592c8 (1 12.00 0 12.00 0 12.00){0.00 0.00 0.00 0.00 4.80 0}{4.80 0.00 0.00 0.00 9.60 0}{9.60 12.00 12.00 12.00 14.40 1}{14.40 0.00 0.00 0.00 19.20 0}{19.20 0.00 0.00 0.00 24.00 0}
11 1 
12 21 
49 0 

RANKS: 1 -1 0 1 0
EVENT26: 1169 4a4ea5_4a5137_4a51d4_45e28e_4608cf_4592c8
COMP 51-0: 4a4ea5_4a5137_4a51d4_45e257_4608cf_4592c8 (1 8.00 0 8.00 0 8.00){0.00 0.00 0.00 0.00 3.20 0}{3.20 0.00 0.00 0.00 6.40 0}{6.40 8.00 8.00 8.00 9.60 1}{9.60 0.00 0.00 0.00 12.80 0}{12.80 0.00 0.00 0.00 16.00 0}
11 1 
12 18 
49 0 

RANKS: 1 -1 0 8 1
EVENT27: 1011 471052_47133e_4713fd_460ac3_4592c8
COMP 51-0: 471052_47133e_4713fd_45b0e2_460142_4592c8 (7 22.62 6 12.00 3 36.00){0.00 0.00 0.00 0.00 5.60 0}{5.60 0.00 0.00 0.00 11.20 0}{11.20 12.00 13.00 14.00 22.40 3}{22.40 0.00 0.00 0.00 28.00 0}{28.00 29.00 32.00 36.00 36.00 4}
COMP 51-1: 4a4ea5_4a5137_4a51d4_45e28e_4608cf_4592c8 (1 38.00 0 38.00 0 38.00){0.00 0.00 0.00 0.00 15.20 0}{15.20 0.00 0.00 0.00 30.40 0}{30.40 38.00 38.00 38.00 45.60 1}{45.60 0.00 0.00 0.00 60.80 0}{60.80 0.00 0.00 0.00 76.00 0}
10 1000 
12 1 
14 7 
19 0 

RANKS: 1 -1 0 8 1
EVENT28: 1010 470bed_470de3_470e43_460d4a_4592c8
COMP 51-0: 471052_47133e_4713fd_460ac3_4592c8 (8 57.33 0 27.00 2 89.00){0.00 0.00 0.00 0.00 10.80 0}{10.80 0.00 0.00 0.00 21.60 0}{21.60 27.00 35.00 43.00 43.20 3}{43.20 44.00 44.00 44.00 54.00 1}{54.00 80.00 85.00 89.00 118.00 4}
10 1000 

RANKS: 1 -1 0 8 1
EVENT29: 1171 491686_491ab6_491b7b_46a744_46a481_460e5a_4592c8
COMP 51-0: 470bed_470de3_470e43_460d4a_4592c8 (8 36.00 3 23.00 2 63.00){0.00 0.00 0.00 0.00 19.20 0}{19.20 23.00 25.25 28.00 28.80 4}{28.80 30.00 30.00 30.00 48.00 1}{48.00 53.00 53.00 53.00 58.00 2}{58.00 63.00 63.00 63.00 68.00 1}
COMM 51-0: 470bed_470de3_470e43_460d4a_4592c8 (8 1749.56 1 1129.00 6 3589.00){0.00 0.00 0.00 0.00 467.20 0}{467.20 0.00 0.00 0.00 934.40 0}{934.40 1129.00 1180.20 1242.00 2336.00 5}{2336.00 2393.00 2544.00 2695.00 3054.00 2}{3054.00 3589.00 3589.00 3589.00 4124.00 1}
10 1 
3a :/tmp/chunk.dat.(-1 0 8 1)  
3b 41 
3c 1000 
52 7741 

RANKS: 1 -1 0 1 0
EVENT30: 1169 4a4ea5_4a5137_4a51d4_460f96_4592c8
COMP 51-0: 491686_491ab6_491b7b_46a744_46a481_460e5a_4592c8 (1 17.00 0 17.00 0 17.00){0.00 0.00 0.00 0.00 6.80 0}{6.80 0.00 0.00 0.00 13.60 0}{13.60 17.00 17.00 17.00 20.40 1}{20.40 0.00 0.00 0.00 27.20 0}{27.20 0.00 0.00 0.00 34.00 0}
11 1 
12 35 
49 0 

RANKS: 1 -1 0 8 1
EVENT31: 1173 49278e_492ab2_492b93_46b5b6_465436_460ff4_4592c8
COMP 51-0: 491686_491ab6_491b7b_46a744_46a481_460e5a_4592c8 (7 301.88 5 221.00 6 541.00){0.00 0.00 0.00 0.00 92.00 0}{92.00 0.00 0.00 0.00 184.00 0}{184.00 221.00 228.40 236.00 368.00 5}{368.00 0.00 0.00 0.00 460.00 0}{460.00 502.00 521.50 541.00 622.00 2}
COMP 51-1: 49278e_492ab2_492b93_46b5b6_465436_460ff4_4592c8 (120 18.36 0 11.00 3 77.00){0.00 0.00 0.00 0.00 10.40 0}{10.40 11.00 13.03 15.10 15.60 86}{15.60 17.00 17.00 17.00 26.00 1}{26.00 27.00 30.06 40.00 50.00 31}{50.00 62.00 69.50 77.00 104.00 2}
COMP 51-2: 4a4ea5_4a5137_4a51d4_460f96_4592c8 (1 235.00 0 235.00 0 235.00){0.00 0.00 0.00 0.00 94.00 0}{94.00 0.00 0.00 0.00 188.00 0}{188.00 235.00 235.00 235.00 282.00 1}{282.00 0.00 0.00 0.00 376.00 0}{376.00 0.00 0.00 0.00 470.00 0}
LOOP0: iter: ( 16 )[ 1 -1 0 8 1 ] mem: ( 1 )[ 1 -1 0 8 1 ]
12 131072 
14 12 
3c 1000 
3d 0 131072 262144 393216 524288 655360 786432 917504 1048576 1179648 1310720 1441792 1572864 1703936 1835008 1966080 

RANKS: 1 -1 0 8 1
EVENT32: 1183 496b2e_496d6d_496dcd_46b6dc_461140_4592c8
COMP 51-0: 49278e_492ab2_492b93_46b5b6_465436_460ff4_4592c8 (8 81.44 5 52.00 6 252.00){0.00 0.00 0.00 0.00 23.20 0}{23.20 0.00 0.00 0.00 46.40 0}{46.40 52.00 57.17 61.00 69.60 6}{69.60 80.00 80.00 80.00 116.00 1}{116.00 252.00 252.00 252.00 388.00 1}
3c 1000 
52 60842 

RANKS: 1 -1 0 8 1
EVENT33: 1010 470bed_470de3_470e43_4612a4_4592c8
COMP 51-0: 496b2e_496d6d_496dcd_46b6dc_461140_4592c8 (8 10.78 2 10.00 0 11.00){0.00 0.00 0.00 0.00 4.40 0}{4.40 0.00 0.00 0.00 8.80 0}{8.80 10.00 10.75 11.00 13.20 8}{13.20 0.00 0.00 0.00 17.60 0}{17.60 0.00 0.00 0.00 22.00 0}
10 1000 

RANKS: 1 -1 0 8 1
EVENT34: 1171 491686_491ab6_491b7b_46be3a_461465_4592c8
COMP 51-0: 470bed_470de3_470e43_4612a4_4592c8 (8 11.67 3 11.00 2 13.00){0.00 0.00 0.00 0.00 4.80 0}{4.80 0.00 0.00 0.00 9.60 0}{9.60 11.00 11.62 13.00 14.40 8}{14.40 0.00 0.00 0.00 19.20 0}{19.20 0.00 0.00 0.00 24.00 0}
COMM 51-0: 470bed_470de3_470e43_4612a4_4592c8 (8 1053.22 6 1045.00 5 1064.00){0.00 0.00 0.00 0.00 418.40 0}{418.40 0.00 0.00 0.00 836.80 0}{836.80 1045.00 1054.12 1064.00 1255.20 8}{1255.20 0.00 0.00 0.00 1673.60 0}{1673.60 0.00 0.00 0.00 2092.00 0}
10 1000 
3a :/tmp/chunk.dat.(-1 0 8 1)  
3b 2 
3c 1001 
52 18603 

RANKS: 1 -1 0 8 1
EVENT35: 1183 496b2e_496d6d_496dcd_46bfdd_461465_4592c8
COMP 51-0: 491686_491ab6_491b7b_46be3a_461465_4592c8 (8 62.33 2 39.00 5 102.00){0.00 0.00 0.00 0.00 18.80 0}{18.80 0.00 0.00 0.00 37.60 0}{37.60 39.00 43.40 47.00 75.20 5}{75.20 0.00 0.00 0.00 94.00 0}{94.00 97.00 99.00 102.00 110.00 3}
3c 1001 
52 124 

RANKS: 1 -1 0 8 1
EVENT36: 1004 46e310_46e630_46e710_46c0d3_461465_4592c8
COMP 51-0: 496b2e_496d6d_496dcd_46bfdd_461465_4592c8 (8 16.56 1 14.00 6 26.00){0.00 0.00 0.00 0.00 6.00 0}{6.00 0.00 0.00 0.00 12.00 0}{12.00 14.00 14.67 15.00 18.00 6}{18.00 20.00 20.00 20.00 24.00 1}{24.00 26.00 26.00 26.00 30.00 1}
10 1000 
12 1 
14 38 
18 3 

RANKS: 1 -1 0 8 1
EVENT37: 1004 46e310_46e630_46e710_459de7_46147b_4592c8
COMP 51-0: 46e310_46e630_46e710_46c0d3_461465_4592c8 (8 11.44 0 10.00 6 14.00){0.00 0.00 0.00 0.00 4.00 0}{4.00 0.00 0.00 0.00 8.00 0}{8.00 10.00 10.40 11.00 12.00 5}{12.00 13.00 13.67 14.00 16.00 3}{16.00 0.00 0.00 0.00 20.00 0}
10 1000 
12 1 
14 38 
18 3 

RANKS: 1 -1 0 8 1
EVENT38: 1104 48214b_4824b0_4825ae_45d3dc_4614bc_4592c8
COMP 51-0: 46e310_46e630_46e710_459de7_46147b_4592c8 (8 18.00 0 12.00 2 28.00){0.00 0.00 0.00 0.00 9.60 0}{9.60 12.00 12.00 12.00 14.40 1}{14.40 17.00 17.60 19.00 19.20 5}{19.20 22.00 22.00 22.00 24.00 1}{24.00 28.00 28.00 28.00 32.00 1}
COMP 51-1: 48214b_4824b0_4825ae_45d3dc_4614bc_4592c8 (88 10.34 3 9.00 7 17.00){0.00 0.00 0.00 0.00 4.00 0}{4.00 0.00 0.00 0.00 8.00 0}{8.00 9.00 10.19 12.00 12.00 85}{12.00 13.00 13.50 14.00 16.00 2}{16.00 17.00 17.00 17.00 20.00 1}
LOOP0: iter: ( 12 )[ 1 -1 0 8 1 ] mem: ( 1 )[ 1 -1 0 8 1 ]
10 1000 
12 1 
14 10 
18 2 1 
19 0 

RANKS: 1 -1 0 8 1
EVENT39: 1010 470bed_470de3_470e43_461d7f_4592c8
COMP 51-0: 48214b_4824b0_4825ae_45d3dc_4614bc_4592c8 (8 17.22 1 14.00 2 21.00){0.00 0.00 0.00 0.00 6.80 0}{6.80 0.00 0.00 0.00 13.60 0}{13.60 14.00 16.71 18.00 20.40 7}{20.40 21.00 21.00 21.00 27.20 1}{27.20 0.00 0.00 0.00 34.00 0}
10 1000 

RANKS: 1 -1 0 8 1
EVENT40: 1171 491686_491ab6_491b7b_46a744_461e8f_4592c8
COMP 51-0: 470bed_470de3_470e43_461d7f_4592c8 (8 21.11 0 16.00 2 54.00){0.00 0.00 0.00 0.00 6.40 0}{6.40 0.00 0.00 0.00 12.80 0}{12.80 16.00 16.67 18.00 19.20 6}{19.20 20.00 20.00 20.00 32.00 1}{32.00 54.00 54.00 54.00 76.00 1}
COMM 51-0: 470bed_470de3_470e43_461d7f_4592c8 (8 113.56 6 83.00 2 219.00){0.00 0.00 0.00 0.00 34.80 0}{34.80 0.00 0.00 0.00 69.60 0}{69.60 83.00 85.00 87.00 104.40 2}{104.40 107.00 109.20 111.00 174.00 5}{174.00 219.00 219.00 219.00 264.00 1}
10 1 
3a :/tmp/chunk.dat.(-1 0 8 1)  
3b 41 
3c 1002 
52 2990 

RANKS: 1 -1 0 1 0
EVENT41: 1169 4a4ea5_4a5137_4a51d4_462003_4592c8
COMP 51-0: 491686_491ab6_491b7b_46a744_461e8f_4592c8 (1 10.00 0 10.00 0 10.00){0.00 0.00 0.00 0.00 4.00 0}{4.00 0.00 0.00 0.00 8.00 0}{8.00 10.00 10.00 10.00 12.00 1}{12.00 0.00 0.00 0.00 16.00 0}{16.00 0.00 0.00 0.00 20.00 0}
11 1 
12 34 
49 0 

RANKS: 1 -1 0 8 1
EVENT42: 1179 4951ba_4954de_4955bf_46b5b6_46551c_462061_4592c8
COMP 51-0: 491686_491ab6_491b7b_46a744_461e8f_4592c8 (7 266.50 6 216.00 2 565.00){0.00 0.00 0.00 0.00 88.80 0}{88.80 0.00 0.00 0.00 177.60 0}{177.60 216.00 224.17 236.00 355.20 6}{355.20 0.00 0.00 0.00 444.00 0}{444.00 565.00 565.00 565.00 686.00 1}
COMP 51-1: 4951ba_4954de_4955bf_46b5b6_46551c_462061_4592c8 (120 14.12 0 10.00 2 56.00){0.00 0.00 0.00 0.00 6.00 0}{6.00 10.00 11.13 16.00 24.00 102}{24.00 26.00 26.92 29.00 30.00 13}{30.00 34.00 38.25 42.00 54.00 4}{54.00 56.00 56.00 56.00 58.00 1}
COMP 51-2: 4a4ea5_4a5137_4a51d4_462003_4592c8 (1 226.00 0 226.00 0 226.00){0.00 0.00 0.00 0.00 90.40 0}{90.40 0.00 0.00 0.00 180.80 0}{180.80 226.00 226.00 226.00 271.20 1}{271.20 0.00 0.00 0.00 361.60 0}{361.60 0.00 0.00 0.00 452.00 0}
LOOP0: iter: ( 16 )[ 1 -1 0 8 1 ] mem: ( 1 )[ 1 -1 0 8 1 ]
12 131072 
14 12 
3c 1002 
3d 0 131072 262144 393216 524288 655360 786432 917504 1048576 1179648 1310720 1441792 1572864 1703936 1835008 1966080 

RANKS: 1 -1 0 8 1
EVENT43: 1183 496b2e_496d6d_496dcd_46b6dc_4621ad_4592c8
COMP 51-0: 4951ba_4954de_4955bf_46b5b6_46551c_462061_4592c8 (8 54.67 6 40.00 2 107.00){0.00 0.00 0.00 0.00 19.20 0}{19.20 0.00 0.00 0.00 38.40 0}{38.40 40.00 48.14 54.00 76.80 7}{76.80 0.00 0.00 0.00 96.00 0}{96.00 107.00 107.00 107.00 118.00 1}
3c 1002 
52 2810 

RANKS: 1 -1 0 8 1
EVENT44: 1171 491686_491ab6_491b7b_46be3a_462211_4592c8
COMP 51-0: 496b2e_496d6d_496dcd_46b6dc_4621ad_4592c8 (8 12.89 1 11.00 2 26.00){0.00 0.00 0.00 0.00 4.80 0}{4.80 0.00 0.00 0.00 9.60 0}{9.60 11.00 11.14 12.00 19.20 7}{19.20 0.00 0.00 0.00 24.00 0}{24.00 26.00 26.00 26.00 28.00 1}
COMM 51-0: 496b2e_496d6d_496dcd_46b6dc_4621ad_4592c8 (8 3445.33 2 335.00 1 4155.00){0.00 335.00 335.00 335.00 1498.00 1}{1498.00 0.00 0.00 0.00 2996.00 0}{2996.00 3503.00 3846.86 4155.00 4494.00 7}{4494.00 0.00 0.00 0.00 5992.00 0}{5992.00 0.00 0.00 0.00 7490.00 0}
10 1000 
3a :/tmp/chunk.dat.(-1 0 8 1)  
3b 2 
3c 1003 
52 3476 

RANKS: 1 -1 0 8 1
EVENT45: 1183 496b2e_496d6d_496dcd_46bfdd_462211_4592c8
COMP 51-0: 491686_491ab6_491b7b_46be3a_462211_4592c8 (8 20.67 5 17.00 2 42.00){0.00 0.00 0.00 0.00 7.20 0}{7.20 0.00 0.00 0.00 14.40 0}{14.40 17.00 18.00 20.00 28.80 7}{28.80 0.00 0.00 0.00 36.00 0}{36.00 42.00 42.00 42.00 48.00 1}
3c 1003 
52 125 

RANKS: 1 -1 0 8 1
EVENT46: 1004 46e310_46e630_46e710_46c0d3_462211_4592c8
COMP 51-0: 496b2e_496d6d_496dcd_46bfdd_462211_4592c8 (8 11.67 0 10.00 2 24.00){0.00 0.00 0.00 0.00 4.00 0}{4.00 0.00 0.00 0.00 8.00 0}{8.00 10.00 10.14 11.00 16.00 7}{16.00 0.00 0.00 0.00 20.00 0}{20.00 24.00 24.00 24.00 28.00 1}
10 1000 
12 1 
14 38 
18 3 

RANKS: 1 -1 0 8 1
EVENT47: 1004 46e310_46e630_46e710_459de7_462227_4592c8
COMP 51-0: 46e310_46e630_46e710_46c0d3_462211_4592c8 (8 11.22 5 9.00 2 23.00){0.00 0.00 0.00 0.00 4.00 0}{4.00 0.00 0.00 0.00 8.00 0}{8.00 9.00 9.71 10.00 16.00 7}{16.00 0.00 0.00 0.00 20.00 0}{20.00 23.00 23.00 23.00 26.00 1}
10 1000 
12 1 
14 38 
18 3 

RANKS: 1 -1 0 8 1
EVENT48: 1104 48214b_4824b0_4825ae_45d3dc_462268_4592c8
COMP 51-0: 46e310_46e630_46e710_459de7_462227_4592c8 (8 12.22 3 10.00 2 25.00){0.00 0.00 0.00 0.00 4.40 0}{4.40 0.00 0.00 0.00 8.80 0}{8.80 10.00 10.57 11.00 17.60 7}{17.60 0.00 0.00 0.00 22.00 0}{22.00 25.00 25.00 25.00 28.00 1}
COMP 51-1: 48214b_4824b0_4825ae_45d3dc_462268_4592c8 (88 12.34 0 9.00 4 36.00){0.00 0.00 0.00 0.00 4.80 0}{4.80 9.00 10.16 12.00 19.20 76}{19.20 24.00 24.00 24.00 24.00 1}{24.00 25.00 25.40 29.00 34.00 10}{34.00 36.00 36.00 36.00 38.00 1}
LOOP0: iter: ( 12 )[ 1 -1 0 8 1 ] mem: ( 1 )[ 1 -1 0 8 1 ]
10 1000 
12 1 
14 10 
18 2 1 
19 0 

RANKS: 1 -1 0 8 1
EVENT49: 1010 470bed_470de3_470e43_462676_4592c8
COMP 51-0: 48214b_4824b0_4825ae_45d3dc_462268_4592c8 (8 12.22 0 10.00 2 27.00){0.00 0.00 0.00 0.00 4.00 0}{4.00 0.00 0.00 0.00 8.00 0}{8.00 10.00 10.43 11.00 16.00 7}{16.00 0.00 0.00 0.00 20.00 0}{20.00 27.00 27.00 27.00 34.00 1}
10 1000 

RANKS: 1 -1 0 8 1
EVENT50: 1184 497051_4972e3_497353_46b9a3_45db0a_462786_4592c8
COMP 51-0: 470bed_470de3_470e43_462676_4592c8 (8 92.00 3 32.00 1 133.00){0.00 32.00 32.00 32.00 36.00 1}{36.00 0.00 0.00 0.00 72.00 0}{72.00 87.00 89.80 93.00 108.00 5}{108.00 124.00 128.50 133.00 144.00 2}{144.00 0.00 0.00 0.00 180.00 0}
3a :/tmp/chunk.dat.(-1 0 8 1)  

RANKS: 1 -1 0 8 1
EVENT51: 1010 470bed_470de3_470e43_4627a3_4592c8
COMP 51-0: 497051_4972e3_497353_46b9a3_45db0a_462786_4592c8 (8 14.56 1 11.00 2 25.00){0.00 0.00 0.00 0.00 4.80 0}{4.80 0.00 0.00 0.00 9.60 0}{9.60 11.00 12.60 14.00 14.40 5}{14.40 15.00 15.50 16.00 24.00 2}{24.00 25.00 25.00 25.00 26.00 1}
10 1000 

RANKS: 1 -1 0 1 0
EVENT52: 1169 4a4ea5_4a5137_4a51d4_45f333_4628d3_4592c8
COMP 51-0: 470bed_470de3_470e43_4627a3_4592c8 (1 27.00 0 27.00 0 27.00){0.00 0.00 0.00 0.00 10.80 0}{10.80 0.00 0.00 0.00 21.60 0}{21.60 27.00 27.00 27.00 32.40 1}{32.40 0.00 0.00 0.00 43.20 0}{43.20 0.00 0.00 0.00 54.00 0}
11 1 
12 109 
49 0 

RANKS: 1 -1 0 1 0
EVENT53: 1169 4a4ea5_4a5137_4a51d4_45f358_4628d3_4592c8
COMP 51-0: 4a4ea5_4a5137_4a51d4_45f333_4628d3_4592c8 (1 12.00 0 12.00 0 12.00){0.00 0.00 0.00 0.00 4.80 0}{4.80 0.00 0.00 0.00 9.60 0}{9.60 12.00 12.00 12.00 14.40 1}{14.40 0.00 0.00 0.00 19.20 0}{19.20 0.00 0.00 0.00 24.00 0}
11 1 
12 87 
49 0 

RANKS: 1 -1 0 1 0
EVENT54: 1169 4a4ea5_4a5137_4a51d4_45f384_4628d3_4592c8
COMP 51-0: 4a4ea5_4a5137_4a51d4_45f358_4628d3_4592c8 (1 11.00 0 11.00 0 11.00){0.00 0.00 0.00 0.00 4.40 0}{4.40 0.00 0.00 0.00 8.80 0}{8.80 11.00 11.00 11.00 13.20 1}{13.20 0.00 0.00 0.00 17.60 0}{17.60 0.00 0.00 0.00 22.00 0}
11 1 
12 108 
49 0 

RANKS: 1 -1 0 1 0
EVENT55: 1169 4a4ea5_4a5137_4a51d4_45f764_4628d3_4592c8
COMP 51-0: 4a4ea5_4a5137_4a51d4_45f384_4628d3_4592c8 (1 33.00 0 33.00 0 33.00){0.00 0.00 0.00 0.00 13.20 0}{13.20 0.00 0.00 0.00 26.40 0}{26.40 33.00 33.00 33.00 39.60 1}{39.60 0.00 0.00 0.00 52.80 0}{52.80 0.00 0.00 0.00 66.00 0}
11 1 
12 6 
49 0 

RANKS: 1 -1 0 1 0
EVENT56: 1169 4a4ea5_4a5137_4a51d4_45fb4a_4628d3_4592c8
COMP 51-0: 4a4ea5_4a5137_4a51d4_45f764_4628d3_4592c8 (1 27.00 0 27.00 0 27.00){0.00 0.00 0.00 0.00 10.80 0}{10.80 0.00 0.00 0.00 21.60 0}{21.60 27.00 27.00 27.00 32.40 1}{32.40 0.00 0.00 0.00 43.20 0}{43.20 0.00 0.00 0.00 54.00 0}
11 1 
12 6 
49 0 

RANKS: 1 -1 0 8 1
EVENT57: 1028 474931_474af2_474b52_4628dd_4592c8
COMP 51-0: 470bed_470de3_470e43_4627a3_4592c8 (7 84.25 3 31.00 7 108.00){0.00 0.00 0.00 0.00 30.40 0}{30.40 31.00 31.00 31.00 60.80 1}{60.80 76.00 79.00 82.00 91.20 2}{91.20 93.00 102.25 108.00 121.60 4}{121.60 0.00 0.00 0.00 152.00 0}
COMP 51-1: 4a4ea5_4a5137_4a51d4_45fb4a_4628d3_4592c8 (1 26.00 0 26.00 0 26.00){0.00 0.00 0.00 0.00 10.40 0}{10.40 0.00 0.00 0.00 20.80 0}{20.80 26.00 26.00 26.00 31.20 1}{31.20 0.00 0.00 0.00 41.60 0}{41.60 0.00 0.00 0.00 52.00 0}
10 1000 

RANKS: 1 -1 0 8 1
EVENT58: 1010 470bed_470de3_470e43_462a58_4592c8
COMP 51-0: 474931_474af2_474b52_4628dd_4592c8 (8 12.11 3 10.00 2 25.00){0.00 0.00 0.00 0.00 4.40 0}{4.40 0.00 0.00 0.00 8.80 0}{8.80 10.00 10.43 11.00 17.60 7}{17.60 0.00 0.00 0.00 22.00 0}{22.00 25.00 25.00 25.00 28.00 1}
10 2 

RANKS: 1 -1 0 8 1
EVENT59: 1045 476acc_476b3d_476b81_4593a5
COMP 51-0: 470bed_470de3_470e43_462a58_4592c8 (8 52.33 2 47.00 3 55.00){0.00 0.00 0.00 0.00 21.60 0}{21.60 0.00 0.00 0.00 43.20 0}{43.20 47.00 52.12 55.00 64.80 8}{64.80 0.00 0.00 0.00 86.40 0}{86.40 0.00 0.00 0.00 108.00 0}
52 3810 

