RANKS: 1 -1 0 16 1
EVENT0: 1084 47cb68_47cc13_47cc5f_458f9f
33 2 
34 0 

RANKS: 1 -1 0 1 0
EVENT1: 1102 4810ba_481457_481550_45ae8b_45db7f_459218
COMP 51-0: 47cb68_47cc13_47cc5f_458f9f (1 59.00 0 59.00 0 59.00){0.00 0.00 0.00 0.00 23.60 0}{23.60 0.00 0.00 0.00 47.20 0}{47.20 59.00 59.00 59.00 70.80 1}{70.80 0.00 0.00 0.00 94.40 0}{94.40 0.00 0.00 0.00 118.00 0}
COMP 51-1: 4810ba_481457_481550_45ae8b_45db7f_459218 (14 18.13 0 10.00 0 33.00){0.00 0.00 0.00 0.00 4.80 0}{4.80 0.00 0.00 0.00 9.60 0}{9.60 10.00 15.12 19.00 19.20 8}{19.20 20.00 21.20 23.00 24.00 5}{24.00 33.00 33.00 33.00 42.00 1}
LOOP0: iter: ( 15 )[ 1 -1 0 1 0 ] mem: ( 1 )[ 1 -1 0 1 0 ]
10 2 
12 1024 
14 1 
1b 0 
2b 2147483647 

RANKS: 1 -1 1 15 1
EVENT2: 1113 485d8d_4860ce_4861a5_45afe1_45db7f_459218
COMP 51-0: 47cb68_47cc13_47cc5f_458f9f (15 60.06 12 39.00 4 103.00){0.00 0.00 0.00 0.00 18.80 0}{18.80 0.00 0.00 0.00 37.60 0}{37.60 39.00 44.00 47.00 56.40 5}{56.40 57.00 65.67 90.00 94.00 9}{94.00 103.00 103.00 103.00 112.00 1}
10 2 
12 1024 
14 1 
1a ( 15 )[ 1 -1 1 1 0 ]
1a ( 13 )[ 1 -1 3 1 0 ]
1a ( 9 )[ 1 -1 7 1 0 ]
1a ( 1 )[ 1 -1 15 1 0 ]
1a ( 5 )[ 1 -1 11 1 0 ]
1a ( 11 )[ 1 -1 5 1 0 ]
1a ( 7 )[ 1 -1 9 1 0 ]
1a ( 3 )[ 1 -1 13 1 0 ]
1a ( 14 )[ 1 -1 2 1 0 ]
1a ( 12 )[ 1 -1 4 1 0 ]
1a ( 8 )[ 1 -1 8 1 0 ]
1a ( 4 )[ 1 -1 12 1 0 ]
1a ( 10 )[ 1 -1 6 1 0 ]
1a ( 6 )[ 1 -1 10 1 0 ]
1a ( 2 )[ 1 -1 14 1 0 ]
1b 0 

RANKS: 1 -1 0 16 1
EVENT3: 1011 471052_47133e_4713fd_45b0e2_45db7f_459218
COMP 51-0: 4810ba_481457_481550_45ae8b_45db7f_459218 (1 33.00 0 33.00 0 33.00){0.00 0.00 0.00 0.00 13.20 0}{13.20 0.00 0.00 0.00 26.40 0}{26.40 33.00 33.00 33.00 39.60 1}{39.60 0.00 0.00 0.00 52.80 0}{52.80 0.00 0.00 0.00 66.00 0}
COMP 51-1: 485d8d_4860ce_4861a5_45afe1_45db7f_459218 (15 20.00 3 14.00 4 40.00){0.00 0.00 0.00 0.00 7.20 0}{7.20 14.00 14.00 14.00 14.40 3}{14.40 15.00 19.12 21.00 21.60 8}{21.60 22.00 22.33 23.00 36.00 3}{36.00 40.00 40.00 40.00 44.00 1}
10 2 
12 1 
14 3 
19 0 

RANKS: 1 -1 0 16 1
EVENT4: 1167 4a4646_4a4872_4a48cc_468bac_468df4_45db91_459218
COMP 51-0: 471052_47133e_4713fd_45b0e2_45db7f_459218 (16 2753.88 8 2084.00 10 3231.00){0.00 0.00 0.00 0.00 1240.80 0}{1240.80 2084.00 2299.40 2454.00 2481.60 5}{2481.60 2511.00 2928.82 3231.00 3722.40 11}{3722.40 0.00 0.00 0.00 4963.20 0}{4963.20 0.00 0.00 0.00 6204.00 0}
49 0 
52 106230 

RANKS: 1 -1 0 16 1
EVENT5: 1011 471052_47133e_4713fd_45b7a0_45dba2_459218
COMP 51-0: 4a4646_4a4872_4a48cc_468bac_468df4_45db91_459218 (16 26.00 1 14.00 4 143.00){0.00 0.00 0.00 0.00 8.80 0}{8.80 14.00 15.50 17.00 17.60 10}{17.60 18.00 21.50 24.00 35.20 4}{35.20 36.00 36.00 36.00 44.00 1}{44.00 143.00 143.00 143.00 242.00 1}
10 2 
12 4 
14 12 
19 0 

RANKS: 1 -1 0 16 1
EVENT6: 1010 470bed_470de3_470e43_462b44_45dbc8_459218
COMP 51-0: 471052_47133e_4713fd_45b7a0_45dba2_459218 (16 40.53 11 21.00 13 189.00){0.00 0.00 0.00 0.00 12.80 0}{12.80 21.00 22.60 24.00 25.60 5}{25.60 32.00 35.50 39.00 51.20 10}{51.20 0.00 0.00 0.00 64.00 0}{64.00 189.00 189.00 189.00 314.00 1}
10 2 

RANKS: 1 -1 0 16 1
EVENT7: 1104 48214b_4824b0_4825ae_462c42_45dbc8_459218
COMP 51-0: 470bed_470de3_470e43_462b44_45dbc8_459218 (16 26.94 6 19.00 1 54.00){0.00 0.00 0.00 0.00 12.00 0}{12.00 19.00 22.09 23.75 24.00 11}{24.00 25.00 26.67 30.00 36.00 3}{36.00 0.00 0.00 0.00 48.00 0}{48.00 51.00 52.50 54.00 60.00 2}
10 2 
12 1 
14 10 
18 2 
19 0 

RANKS: 1 -1 0 16 1
EVENT8: 1104 48214b_4824b0_4825ae_462d4c_45dbc8_459218
COMP 51-0: 48214b_4824b0_4825ae_462c42_45dbc8_459218 (16 11.18 1 9.00 13 18.00){0.00 0.00 0.00 0.00 4.00 0}{4.00 0.00 0.00 0.00 8.00 0}{8.00 9.00 10.64 12.00 12.00 14}{12.00 13.00 13.00 13.00 16.00 1}{16.00 18.00 18.00 18.00 20.00 1}
10 2 
12 1 
14 10 
18 1 
19 0 

RANKS: 1 -1 0 16 1
EVENT9: 1011 471052_47133e_4713fd_462e50_45dbc8_459218
COMP 51-0: 48214b_4824b0_4825ae_462d4c_45dbc8_459218 (16 10.47 7 9.00 13 19.00){0.00 0.00 0.00 0.00 4.80 0}{4.80 9.00 9.14 9.20 9.60 7}{9.60 9.80 10.38 12.00 14.40 8}{14.40 19.00 19.00 19.00 19.20 1}{19.20 0.00 0.00 0.00 24.00 0}
10 2 
12 1 
14 10 
19 0 

RANKS: 1 -1 0 16 1
EVENT10: 1011 471052_47133e_4713fd_4675bc_45dbe2_459218
COMP 51-0: 471052_47133e_4713fd_462e50_45dbc8_459218 (16 14.29 1 9.00 15 54.00){0.00 0.00 0.00 0.00 4.40 0}{4.40 0.00 0.00 0.00 8.80 0}{8.80 9.00 10.00 11.00 17.60 13}{17.60 19.00 19.00 19.00 22.00 1}{22.00 29.00 41.50 54.00 86.00 2}
10 2 
12 1 
14 3 
19 0 

RANKS: 1 -1 0 1 0
EVENT11: 1169 4a4ea5_4a5137_4a51d4_45dd54_4592a1
COMP 51-0: 471052_47133e_4713fd_4675bc_45dbe2_459218 (1 143.00 0 143.00 0 143.00){0.00 0.00 0.00 0.00 57.20 0}{57.20 0.00 0.00 0.00 114.40 0}{114.40 143.00 143.00 143.00 171.60 1}{171.60 0.00 0.00 0.00 228.80 0}{228.80 0.00 0.00 0.00 286.00 0}
11 1 
12 18 
49 0 

RANKS: 1 -1 0 16 1
EVENT12: 1030 474d46_474f75_474fe5_45fced_4592c8
COMP 51-0: 471052_47133e_4713fd_4675bc_45dbe2_459218 (15 30.81 2 17.00 6 133.00){0.00 0.00 0.00 0.00 14.40 0}{14.40 17.00 20.42 23.00 36.00 12}{36.00 39.00 39.00 39.00 42.00 1}{42.00 58.00 58.00 58.00 74.00 1}{74.00 133.00 133.00 133.00 192.00 1}
COMP 51-1: 4a4ea5_4a5137_4a51d4_45dd54_4592a1 (1 1786.00 0 1786.00 0 1786.00){0.00 0.00 0.00 0.00 714.40 0}{714.40 0.00 0.00 0.00 1428.80 0}{1428.80 1786.00 1786.00 1786.00 2143.20 1}{2143.20 0.00 0.00 0.00 2857.60 0}{2857.60 0.00 0.00 0.00 3572.00 0}
10 2 

RANKS: 1 -1 0 16 1
EVENT13: 1066 47b541_47b880_47b91f_45fdf8_4592c8
COMP 51-0: 474d46_474f75_474fe5_45fced_4592c8 (16 13.59 2 11.00 13 25.00){0.00 0.00 0.00 0.00 5.20 0}{5.20 0.00 0.00 0.00 10.40 0}{10.40 11.00 12.64 14.00 15.60 14}{15.60 16.00 16.00 16.00 20.80 1}{20.80 25.00 25.00 25.00 26.00 1}
b 0 15 1 
12 1 
21 1000 

RANKS: 1 -1 0 16 1
EVENT14: 1026 473ecc_47414c_4741cf_45fede_4592c8
COMP 51-0: 47b541_47b880_47b91f_45fdf8_4592c8 (16 27.18 2 10.00 13 240.00){0.00 0.00 0.00 0.00 8.80 0}{8.80 10.00 10.57 12.00 13.20 7}{13.20 13.50 14.86 17.00 22.00 7}{22.00 33.00 33.00 33.00 44.00 1}{44.00 240.00 240.00 240.00 436.00 1}
10 2 
21 1001 

RANKS: 1 -1 0 1 0
EVENT15: 1102 4810ba_481457_481550_45ae8b_460142_4592c8
COMP 51-0: 473ecc_47414c_4741cf_45fede_4592c8 (1 23.00 0 23.00 0 23.00){0.00 0.00 0.00 0.00 9.20 0}{9.20 0.00 0.00 0.00 18.40 0}{18.40 23.00 23.00 23.00 27.60 1}{27.60 0.00 0.00 0.00 36.80 0}{36.80 0.00 0.00 0.00 46.00 0}
COMP 51-1: 4810ba_481457_481550_45ae8b_460142_4592c8 (14 9.40 0 9.00 0 10.00){0.00 0.00 0.00 0.00 3.60 0}{3.60 0.00 0.00 0.00 7.20 0}{7.20 9.00 9.43 10.00 10.80 14}{10.80 0.00 0.00 0.00 14.40 0}{14.40 0.00 0.00 0.00 18.00 0}
LOOP0: iter: ( 15 )[ 1 -1 0 1 0 ] mem: ( 1 )[ 1 -1 0 1 0 ]
10 1000 
12 1024 
14 1 
1b 0 
2b 2147483647 

RANKS: 1 -1 1 15 1
EVENT16: 1113 485d8d_4860ce_4861a5_45afe1_460142_4592c8
COMP 51-0: 473ecc_47414c_4741cf_45fede_4592c8 (15 16.06 7 13.00 13 31.00){0.00 0.00 0.00 0.00 6.00 0}{6.00 0.00 0.00 0.00 12.00 0}{12.00 13.00 15.07 18.00 24.00 14}{24.00 0.00 0.00 0.00 30.00 0}{30.00 31.00 31.00 31.00 32.00 1}
10 1000 
12 1024 
14 1 
1a ( 15 )[ 1 -1 1 1 0 ]
1a ( 13 )[ 1 -1 3 1 0 ]
1a ( 9 )[ 1 -1 7 1 0 ]
1a ( 1 )[ 1 -1 15 1 0 ]
1a ( 5 )[ 1 -1 11 1 0 ]
1a ( 11 )[ 1 -1 5 1 0 ]
1a ( 7 )[ 1 -1 9 1 0 ]
1a ( 3 )[ 1 -1 13 1 0 ]
1a ( 14 )[ 1 -1 2 1 0 ]
1a ( 12 )[ 1 -1 4 1 0 ]
1a ( 8 )[ 1 -1 8 1 0 ]
1a ( 4 )[ 1 -1 12 1 0 ]
1a ( 10 )[ 1 -1 6 1 0 ]
1a ( 6 )[ 1 -1 10 1 0 ]
1a ( 2 )[ 1 -1 14 1 0 ]
1b 0 

RANKS: 1 -1 0 16 1
EVENT17: 1011 471052_47133e_4713fd_45b0e2_460142_4592c8
COMP 51-0: 4810ba_481457_481550_45ae8b_460142_4592c8 (1 10.00 0 10.00 0 10.00){0.00 0.00 0.00 0.00 4.00 0}{4.00 0.00 0.00 0.00 8.00 0}{8.00 10.00 10.00 10.00 12.00 1}{12.00 0.00 0.00 0.00 16.00 0}{16.00 0.00 0.00 0.00 20.00 0}
COMP 51-1: 485d8d_4860ce_4861a5_45afe1_460142_4592c8 (15 11.94 1 9.00 13 24.00){0.00 0.00 0.00 0.00 7.20 0}{7.20 9.00 9.00 9.00 10.80 4}{10.80 11.00 11.89 13.00 14.40 9}{14.40 15.00 15.00 15.00 18.00 1}{18.00 24.00 24.00 24.00 30.00 1}
10 1000 
12 1 
14 3 
19 0 

RANKS: 1 -1 0 1 0
EVENT18: 1169 4a4ea5_4a5137_4a51d4_45e063_4608cf_4592c8
COMP 51-0: 471052_47133e_4713fd_45b0e2_460142_4592c8 (1 18.00 0 18.00 0 18.00){0.00 0.00 0.00 0.00 7.20 0}{7.20 0.00 0.00 0.00 14.40 0}{14.40 18.00 18.00 18.00 21.60 1}{21.60 0.00 0.00 0.00 28.80 0}{28.80 0.00 0.00 0.00 36.00 0}
11 1 
12 10 
49 0 

RANKS: 1 -1 0 1 0
EVENT19: 1169 4a4ea5_4a5137_4a51d4_45e0c0_4608cf_4592c8
COMP 51-0: 4a4ea5_4a5137_4a51d4_45e063_4608cf_4592c8 (1 17.00 0 17.00 0 17.00){0.00 0.00 0.00 0.00 6.80 0}{6.80 0.00 0.00 0.00 13.60 0}{13.60 17.00 17.00 17.00 20.40 1}{20.40 0.00 0.00 0.00 27.20 0}{27.20 0.00 0.00 0.00 34.00 0}
11 1 
12 22 
49 0 

RANKS: 1 -1 0 1 0
EVENT20: 1169 4a4ea5_4a5137_4a51d4_45e106_4608cf_4592c8
COMP 51-0: 4a4ea5_4a5137_4a51d4_45e0c0_4608cf_4592c8 (1 12.00 0 12.00 0 12.00){0.00 0.00 0.00 0.00 4.80 0}{4.80 0.00 0.00 0.00 9.60 0}{9.60 12.00 12.00 12.00 14.40 1}{14.40 0.00 0.00 0.00 19.20 0}{19.20 0.00 0.00 0.00 24.00 0}
11 1 
12 18 
49 0 

RANKS: 1 -1 0 1 0
EVENT21: 1169 4a4ea5_4a5137_4a51d4_45e16f_4608cf_4592c8
COMP 51-0: 4a4ea5_4a5137_4a51d4_45e106_4608cf_4592c8 (1 9.00 0 9.00 0 9.00){0.00 0.00 0.00 0.00 3.60 0}{3.60 0.00 0.00 0.00 7.20 0}{7.20 9.00 9.00 9.00 10.80 1}{10.80 0.00 0.00 0.00 14.40 0}{14.40 0.00 0.00 0.00 18.00 0}
11 1 
12 12 
49 0 

RANKS: 1 -1 0 1 0
EVENT22: 1169 4a4ea5_4a5137_4a51d4_45e1db_4608cf_4592c8
COMP 51-0: 4a4ea5_4a5137_4a51d4_45e16f_4608cf_4592c8 (1 13.00 0 13.00 0 13.00){0.00 0.00 0.00 0.00 5.20 0}{5.20 0.00 0.00 0.00 10.40 0}{10.40 13.00 13.00 13.00 15.60 1}{15.60 0.00 0.00 0.00 20.80 0}{20.80 0.00 0.00 0.00 26.00 0}
11 1 
12 44 
49 0 

RANKS: 1 -1 0 1 0
EVENT23: 1169 4a4ea5_4a5137_4a51d4_45e1f6_4608cf_4592c8
COMP 51-0: 4a4ea5_4a5137_4a51d4_45e1db_4608cf_4592c8 (1 11.00 0 11.00 0 11.00){0.00 0.00 0.00 0.00 4.40 0}{4.40 0.00 0.00 0.00 8.80 0}{8.80 11.00 11.00 11.00 13.20 1}{13.20 0.00 0.00 0.00 17.60 0}{17.60 0.00 0.00 0.00 22.00 0}
11 1 
12 21 
49 0 

RANKS: 1 -1 0 1 0
EVENT24: 1169 4a4ea5_4a5137_4a51d4_45e21f_4608cf_4592c8
COMP 51-0: 4a4ea5_4a5137_4a51d4_45e1f6_4608cf_4592c8 (1 8.00 0 8.00 0 8.00){0.00 0.00 0.00 0.00 3.20 0}{3.20 0.00 0.00 0.00 6.40 0}{6.40 8.00 8.00 8.00 9.60 1}{9.60 0.00 0.00 0.00 12.80 0}{12.80 0.00 0.00 0.00 16.00 0}
11 1 
12 20 
49 0 

RANKS: 1 -1 0 1 0
EVENT25: 1169 4a4ea5_4a5137_4a51d4_45e257_4608cf_4592c8
COMP 51-0: 4a4ea5_4a5137_4a51d4_45e21f_4608cf_4592c8 (1 11.00 0 11.00 0 11.00){0.00 0.00 0.00 0.00 4.40 0}{4.40 0.00 0.00 0.00 8.80 0}{8.80 11.00 11.00 11.00 13.20 1}{13.20 0.00 0.00 0.00 17.60 0}{17.60 0.00 0.00 0.00 22.00 0}
11 1 
12 21 
49 0 

RANKS: 1 -1 0 1 0
EVENT26: 1169 4a4ea5_4a5137_4a51d4_45e28e_4608cf_4592c8
COMP 51-0: 4a4ea5_4a5137_4a51d4_45e257_4608cf_4592c8 (1 8.00 0 8.00 0 8.00){0.00 0.00 0.00 0.00 3.20 0}{3.20 0.00 0.00 0.00 6.40 0}{6.40 8.00 8.00 8.00 9.60 1}{9.60 0.00 0.00 0.00 12.80 0}{12.80 0.00 0.00 0.00 16.00 0}
11 1 
12 18 
49 0 

RANKS: 1 -1 0 16 1
EVENT27: 1011 471052_47133e_4713fd_460ac3_4592c8
COMP 51-0: 471052_47133e_4713fd_45b0e2_460142_4592c8 (15 16.19 5 13.00 13 31.00){0.00 0.00 0.00 0.00 6.00 0}{6.00 0.00 0.00 0.00 12.00 0}{12.00 13.00 15.21 18.00 24.00 14}{24.00 0.00 0.00 0.00 30.00 0}{30.00 31.00 31.00 31.00 32.00 1}
COMP 51-1: 4a4ea5_4a5137_4a51d4_45e28e_4608cf_4592c8 (1 32.00 0 32.00 0 32.00){0.00 0.00 0.00 0.00 12.80 0}{12.80 0.00 0.00 0.00 25.60 0}{25.60 32.00 32.00 32.00 38.40 1}{38.40 0.00 0.00 0.00 51.20 0}{51.20 0.00 0.00 0.00 64.00 0}
10 1000 
12 1 
14 7 
19 0 

RANKS: 1 -1 0 16 1
EVENT28: 1010 470bed_470de3_470e43_460d4a_4592c8
COMP 51-0: 471052_47133e_4713fd_460ac3_4592c8 (16 238.35 7 14.00 0 1869.00){0.00 14.00 20.93 41.00 747.60 15}{747.60 0.00 0.00 0.00 1495.20 0}{1495.20 1869.00 1869.00 1869.00 2242.80 1}{2242.80 0.00 0.00 0.00 2990.40 0}{2990.40 0.00 0.00 0.00 3738.00 0}
10 1000 

RANKS: 1 -1 0 16 1
EVENT29: 1171 491686_491ab6_491b7b_46a744_46a481_460e5a_4592c8
COMP 51-0: 470bed_470de3_470e43_460d4a_4592c8 (16 31.88 1 26.00 11 56.00){0.00 0.00 0.00 0.00 11.20 0}{11.20 0.00 0.00 0.00 22.40 0}{22.40 26.00 28.00 30.00 33.60 13}{33.60 39.00 39.00 39.00 44.80 1}{44.80 55.00 55.50 56.00 56.00 2}
COMM 51-0: 470bed_470de3_470e43_460d4a_4592c8 (16 101836.82 14 100882.00 15 102696.00){0.00 0.00 0.00 0.00 40930.00 0}{40930.00 0.00 0.00 0.00 81860.00 0}{81860.00 100882.00 101806.31 102696.00 122790.00 16}{122790.00 0.00 0.00 0.00 163720.00 0}{163720.00 0.00 0.00 0.00 204650.00 0}
10 1000 
3a :/pvfs2/chunk.dat  
3b 41 
3c 1000 
52 110162 

RANKS: 1 -1 0 1 0
EVENT30: 1169 4a4ea5_4a5137_4a51d4_460f96_4592c8
COMP 51-0: 491686_491ab6_491b7b_46a744_46a481_460e5a_4592c8 (1 12.00 0 12.00 0 12.00){0.00 0.00 0.00 0.00 4.80 0}{4.80 0.00 0.00 0.00 9.60 0}{9.60 12.00 12.00 12.00 14.40 1}{14.40 0.00 0.00 0.00 19.20 0}{19.20 0.00 0.00 0.00 24.00 0}
11 1 
12 35 
49 0 

RANKS: 1 -1 0 16 1
EVENT31: 1176 493ca4_493fc8_4940a9_46b48b_465436_460ff4_4592c8
COMP 51-0: 491686_491ab6_491b7b_46a744_46a481_460e5a_4592c8 (15 271.38 14 206.00 11 724.00){0.00 0.00 0.00 0.00 94.80 0}{94.80 0.00 0.00 0.00 189.60 0}{189.60 206.00 241.50 302.00 379.20 14}{379.20 0.00 0.00 0.00 474.00 0}{474.00 724.00 724.00 724.00 974.00 1}
COMP 51-1: 493ca4_493fc8_4940a9_46b48b_465436_460ff4_4592c8 (240 34.29 0 12.00 8 89.00){0.00 0.00 0.00 0.00 9.60 0}{9.60 12.00 17.53 22.00 24.00 54}{24.00 26.17 38.17 47.00 52.00 180}{52.00 61.00 62.33 65.00 70.00 3}{70.00 75.00 82.33 89.00 96.00 3}
COMP 51-2: 4a4ea5_4a5137_4a51d4_460f96_4592c8 (1 344.00 0 344.00 0 344.00){0.00 0.00 0.00 0.00 137.60 0}{137.60 0.00 0.00 0.00 275.20 0}{275.20 344.00 344.00 344.00 412.80 1}{412.80 0.00 0.00 0.00 550.40 0}{550.40 0.00 0.00 0.00 688.00 0}
LOOP0: iter: ( 16 )[ 1 -1 0 16 1 ] mem: ( 1 )[ 1 -1 0 16 1 ]
12 131072 
14 12 
3c 1000 
3d ( 0 131072 262144 393216 524288 655360 786432 917504 1048576 1179648 1310720 1441792 1572864 1703936 1835008 1966080 )[ 1 -1 0 1 0 ]
3d ( 2097152 2228224 2359296 2490368 2621440 2752512 2883584 3014656 3145728 3276800 3407872 3538944 3670016 3801088 3932160 4063232 )[ 1 -1 1 1 0 ]
3d ( 6291456 6422528 6553600 6684672 6815744 6946816 7077888 7208960 7340032 7471104 7602176 7733248 7864320 7995392 8126464 8257536 )[ 1 -1 3 1 0 ]
3d ( 14680064 14811136 14942208 15073280 15204352 15335424 15466496 15597568 15728640 15859712 15990784 16121856 16252928 16384000 16515072 16646144 )[ 1 -1 7 1 0 ]
3d ( 31457280 31588352 31719424 31850496 31981568 32112640 32243712 32374784 32505856 32636928 32768000 32899072 33030144 33161216 33292288 33423360 )[ 1 -1 15 1 0 ]
3d ( 23068672 23199744 23330816 23461888 23592960 23724032 23855104 23986176 24117248 24248320 24379392 24510464 24641536 24772608 24903680 25034752 )[ 1 -1 11 1 0 ]
3d ( 10485760 10616832 10747904 10878976 11010048 11141120 11272192 11403264 11534336 11665408 11796480 11927552 12058624 12189696 12320768 12451840 )[ 1 -1 5 1 0 ]
3d ( 18874368 19005440 19136512 19267584 19398656 19529728 19660800 19791872 19922944 20054016 20185088 20316160 20447232 20578304 20709376 20840448 )[ 1 -1 9 1 0 ]
3d ( 27262976 27394048 27525120 27656192 27787264 27918336 28049408 28180480 28311552 28442624 28573696 28704768 28835840 28966912 29097984 29229056 )[ 1 -1 13 1 0 ]
3d ( 4194304 4325376 4456448 4587520 4718592 4849664 4980736 5111808 5242880 5373952 5505024 5636096 5767168 5898240 6029312 6160384 )[ 1 -1 2 1 0 ]
3d ( 8388608 8519680 8650752 8781824 8912896 9043968 9175040 9306112 9437184 9568256 9699328 9830400 9961472 10092544 10223616 10354688 )[ 1 -1 4 1 0 ]
3d ( 16777216 16908288 17039360 17170432 17301504 17432576 17563648 17694720 17825792 17956864 18087936 18219008 18350080 18481152 18612224 18743296 )[ 1 -1 8 1 0 ]
3d ( 25165824 25296896 25427968 25559040 25690112 25821184 25952256 26083328 26214400 26345472 26476544 26607616 26738688 26869760 27000832 27131904 )[ 1 -1 12 1 0 ]
3d ( 12582912 12713984 12845056 12976128 13107200 13238272 13369344 13500416 13631488 13762560 13893632 14024704 14155776 14286848 14417920 14548992 )[ 1 -1 6 1 0 ]
3d ( 20971520 21102592 21233664 21364736 21495808 21626880 21757952 21889024 22020096 22151168 22282240 22413312 22544384 22675456 22806528 22937600 )[ 1 -1 10 1 0 ]
3d ( 29360128 29491200 29622272 29753344 29884416 30015488 30146560 30277632 30408704 30539776 30670848 30801920 30932992 31064064 31195136 31326208 )[ 1 -1 14 1 0 ]

RANKS: 1 -1 0 16 1
EVENT32: 1183 496b2e_496d6d_496dcd_46b6dc_461140_4592c8
COMP 51-0: 493ca4_493fc8_4940a9_46b48b_465436_460ff4_4592c8 (16 129.18 8 63.00 1 179.00){0.00 63.00 65.50 68.00 68.80 2}{68.80 79.00 118.78 136.67 137.60 9}{137.60 143.00 164.80 179.00 206.40 5}{206.40 0.00 0.00 0.00 275.20 0}{275.20 0.00 0.00 0.00 344.00 0}
3c 1000 
52 395190 

RANKS: 1 -1 0 16 1
EVENT33: 1010 470bed_470de3_470e43_4612a4_4592c8
COMP 51-0: 496b2e_496d6d_496dcd_46b6dc_461140_4592c8 (16 23.71 8 10.00 1 28.00){0.00 10.00 10.00 10.00 10.80 1}{10.80 11.00 11.00 11.00 21.60 1}{21.60 22.00 25.36 28.00 32.40 14}{32.40 0.00 0.00 0.00 43.20 0}{43.20 0.00 0.00 0.00 54.00 0}
10 1000 

RANKS: 1 -1 0 16 1
EVENT34: 1171 491686_491ab6_491b7b_46be3a_461465_4592c8
COMP 51-0: 470bed_470de3_470e43_4612a4_4592c8 (16 32.00 8 12.00 0 54.00){0.00 12.00 12.50 13.00 21.60 2}{21.60 26.00 27.91 31.00 43.20 11}{43.20 51.00 52.67 54.00 64.80 3}{64.80 0.00 0.00 0.00 86.40 0}{86.40 0.00 0.00 0.00 108.00 0}
COMM 51-0: 470bed_470de3_470e43_4612a4_4592c8 (16 9806.47 14 8975.00 9 10983.00){0.00 0.00 0.00 0.00 3593.20 0}{3593.20 0.00 0.00 0.00 7186.40 0}{7186.40 8975.00 9782.93 10760.33 10779.60 15}{10779.60 10983.00 10983.00 10983.00 14372.80 1}{14372.80 0.00 0.00 0.00 17966.00 0}
10 1000 
3a :/pvfs2/chunk.dat  
3b 2 
3c 1001 
52 13390 

RANKS: 1 -1 0 16 1
EVENT35: 1183 496b2e_496d6d_496dcd_46bfdd_461465_4592c8
COMP 51-0: 491686_491ab6_491b7b_46be3a_461465_4592c8 (16 1398.29 0 851.00 12 1959.00){0.00 0.00 0.00 0.00 680.80 0}{680.80 851.00 1114.17 1308.00 1361.60 6}{1361.60 1429.00 1561.50 1598.67 1702.00 8}{1702.00 1784.00 1784.00 1784.00 1866.00 1}{1866.00 1959.00 1959.00 1959.00 2052.00 1}
3c 1001 
52 1508 

RANKS: 1 -1 0 16 1
EVENT36: 1004 46e310_46e630_46e710_46c1e0_461465_4592c8
COMP 51-0: 496b2e_496d6d_496dcd_46bfdd_461465_4592c8 (16 28.65 15 14.00 12 38.00){0.00 0.00 0.00 0.00 6.00 0}{6.00 0.00 0.00 0.00 12.00 0}{12.00 14.00 14.50 15.00 24.00 4}{24.00 0.00 0.00 0.00 30.00 0}{30.00 31.00 34.50 38.00 42.00 12}
10 1000 
12 1 
14 38 
18 2 

RANKS: 1 -1 0 16 1
EVENT37: 1004 46e310_46e630_46e710_46c2e0_461465_4592c8
COMP 51-0: 46e310_46e630_46e710_46c1e0_461465_4592c8 (16 22.88 11 9.00 8 50.00){0.00 0.00 0.00 0.00 8.00 0}{8.00 9.00 10.25 11.00 20.00 4}{20.00 24.00 25.30 27.00 34.00 10}{34.00 35.00 35.00 35.00 36.00 1}{36.00 50.00 50.00 50.00 64.00 1}
10 1000 
12 1 
14 38 
18 1 

RANKS: 1 -1 0 16 1
EVENT38: 1004 46e310_46e630_46e710_459de7_46147b_4592c8
COMP 51-0: 46e310_46e630_46e710_46c2e0_461465_4592c8 (16 20.76 0 11.00 1 27.00){0.00 0.00 0.00 0.00 4.40 0}{4.40 0.00 0.00 0.00 8.80 0}{8.80 11.00 11.25 12.00 17.60 4}{17.60 0.00 0.00 0.00 22.00 0}{22.00 23.00 24.75 27.00 32.00 12}
10 1000 
12 1 
14 38 
18 3 

RANKS: 1 -1 0 16 1
EVENT39: 1104 48214b_4824b0_4825ae_45d3dc_4614bc_4592c8
COMP 51-0: 46e310_46e630_46e710_459de7_46147b_4592c8 (16 29.06 0 13.00 1 40.00){0.00 0.00 0.00 0.00 5.20 0}{5.20 0.00 0.00 0.00 10.40 0}{10.40 13.00 13.00 13.00 15.60 1}{15.60 16.00 17.00 18.00 26.00 3}{26.00 33.00 34.75 40.00 54.00 12}
COMP 51-1: 48214b_4824b0_4825ae_45d3dc_4614bc_4592c8 (176 22.93 11 9.00 14 54.00){0.00 0.00 0.00 0.00 8.00 0}{8.00 9.00 10.09 11.00 20.00 35}{20.00 23.00 25.47 28.00 28.00 135}{28.00 29.00 29.50 30.00 30.00 2}{30.00 42.00 49.75 54.00 72.00 4}
LOOP0: iter: ( 12 )[ 1 -1 0 16 1 ] mem: ( 1 )[ 1 -1 0 16 1 ]
10 1000 
12 1 
14 10 
18 2 1 
19 0 

RANKS: 1 -1 0 16 1
EVENT40: 1010 470bed_470de3_470e43_461d7f_4592c8
COMP 51-0: 48214b_4824b0_4825ae_45d3dc_4614bc_4592c8 (16 27.18 0 12.00 3 32.00){0.00 0.00 0.00 0.00 4.80 0}{4.80 0.00 0.00 0.00 9.60 0}{9.60 12.00 12.50 13.00 19.20 2}{19.20 0.00 0.00 0.00 24.00 0}{24.00 27.00 30.36 32.00 40.00 14}
10 1000 

RANKS: 1 -1 0 16 1
EVENT41: 1171 491686_491ab6_491b7b_46a744_461e8f_4592c8
COMP 51-0: 470bed_470de3_470e43_461d7f_4592c8 (16 35.35 11 15.00 13 44.00){0.00 0.00 0.00 0.00 7.60 0}{7.60 15.00 15.00 15.00 15.20 1}{15.20 19.00 19.00 19.00 30.40 1}{30.40 36.00 37.57 38.00 38.00 7}{38.00 39.80 40.71 44.00 50.00 7}
COMM 51-0: 470bed_470de3_470e43_461d7f_4592c8 (16 10677.00 8 9803.00 11 12465.00){0.00 0.00 0.00 0.00 4092.40 0}{4092.40 0.00 0.00 0.00 8184.80 0}{8184.80 9803.00 10587.53 11049.33 12277.20 15}{12277.20 12465.00 12465.00 12465.00 16369.60 1}{16369.60 0.00 0.00 0.00 20462.00 0}
10 1000 
3a :/pvfs2/chunk.dat  
3b 41 
3c 1002 
52 18228 

RANKS: 1 -1 0 1 0
EVENT42: 1169 4a4ea5_4a5137_4a51d4_462003_4592c8
COMP 51-0: 491686_491ab6_491b7b_46a744_461e8f_4592c8 (1 17.00 0 17.00 0 17.00){0.00 0.00 0.00 0.00 6.80 0}{6.80 0.00 0.00 0.00 13.60 0}{13.60 17.00 17.00 17.00 20.40 1}{20.40 0.00 0.00 0.00 27.20 0}{27.20 0.00 0.00 0.00 34.00 0}
11 1 
12 34 
49 0 

RANKS: 1 -1 0 16 1
EVENT43: 1180 495934_495c58_495d39_46b48b_46551c_462061_4592c8
COMP 51-0: 491686_491ab6_491b7b_46a744_461e8f_4592c8 (15 549.94 12 497.00 12 677.00){0.00 0.00 0.00 0.00 204.00 0}{204.00 0.00 0.00 0.00 408.00 0}{408.00 497.00 543.71 599.00 612.00 14}{612.00 677.00 677.00 677.00 816.00 1}{816.00 0.00 0.00 0.00 1020.00 0}
COMP 51-1: 495934_495c58_495d39_46b48b_46551c_462061_4592c8 (240 39.07 15 13.00 9 674.00){0.00 13.00 17.10 32.00 32.80 62}{32.80 33.00 39.80 65.00 65.60 168}{65.60 70.00 81.20 93.00 104.00 5}{104.00 120.00 137.00 187.00 270.00 4}{270.00 674.00 674.00 674.00 1078.00 1}
COMP 51-2: 4a4ea5_4a5137_4a51d4_462003_4592c8 (1 256.00 0 256.00 0 256.00){0.00 0.00 0.00 0.00 102.40 0}{102.40 0.00 0.00 0.00 204.80 0}{204.80 256.00 256.00 256.00 307.20 1}{307.20 0.00 0.00 0.00 409.60 0}{409.60 0.00 0.00 0.00 512.00 0}
LOOP0: iter: ( 16 )[ 1 -1 0 16 1 ] mem: ( 1 )[ 1 -1 0 16 1 ]
12 131072 
14 12 
3c 1002 
3d ( 0 131072 262144 393216 524288 655360 786432 917504 1048576 1179648 1310720 1441792 1572864 1703936 1835008 1966080 )[ 1 -1 0 1 0 ]
3d ( 2097152 2228224 2359296 2490368 2621440 2752512 2883584 3014656 3145728 3276800 3407872 3538944 3670016 3801088 3932160 4063232 )[ 1 -1 1 1 0 ]
3d ( 6291456 6422528 6553600 6684672 6815744 6946816 7077888 7208960 7340032 7471104 7602176 7733248 7864320 7995392 8126464 8257536 )[ 1 -1 3 1 0 ]
3d ( 14680064 14811136 14942208 15073280 15204352 15335424 15466496 15597568 15728640 15859712 15990784 16121856 16252928 16384000 16515072 16646144 )[ 1 -1 7 1 0 ]
3d ( 31457280 31588352 31719424 31850496 31981568 32112640 32243712 32374784 32505856 32636928 32768000 32899072 33030144 33161216 33292288 33423360 )[ 1 -1 15 1 0 ]
3d ( 23068672 23199744 23330816 23461888 23592960 23724032 23855104 23986176 24117248 24248320 24379392 24510464 24641536 24772608 24903680 25034752 )[ 1 -1 11 1 0 ]
3d ( 10485760 10616832 10747904 10878976 11010048 11141120 11272192 11403264 11534336 11665408 11796480 11927552 12058624 12189696 12320768 12451840 )[ 1 -1 5 1 0 ]
3d ( 18874368 19005440 19136512 19267584 19398656 19529728 19660800 19791872 19922944 20054016 20185088 20316160 20447232 20578304 20709376 20840448 )[ 1 -1 9 1 0 ]
3d ( 27262976 27394048 27525120 27656192 27787264 27918336 28049408 28180480 28311552 28442624 28573696 28704768 28835840 28966912 29097984 29229056 )[ 1 -1 13 1 0 ]
3d ( 4194304 4325376 4456448 4587520 4718592 4849664 4980736 5111808 5242880 5373952 5505024 5636096 5767168 5898240 6029312 6160384 )[ 1 -1 2 1 0 ]
3d ( 8388608 8519680 8650752 8781824 8912896 9043968 9175040 9306112 9437184 9568256 9699328 9830400 9961472 10092544 10223616 10354688 )[ 1 -1 4 1 0 ]
3d ( 16777216 16908288 17039360 17170432 17301504 17432576 17563648 17694720 17825792 17956864 18087936 18219008 18350080 18481152 18612224 18743296 )[ 1 -1 8 1 0 ]
3d ( 25165824 25296896 25427968 25559040 25690112 25821184 25952256 26083328 26214400 26345472 26476544 26607616 26738688 26869760 27000832 27131904 )[ 1 -1 12 1 0 ]
3d ( 12582912 12713984 12845056 12976128 13107200 13238272 13369344 13500416 13631488 13762560 13893632 14024704 14155776 14286848 14417920 14548992 )[ 1 -1 6 1 0 ]
3d ( 20971520 21102592 21233664 21364736 21495808 21626880 21757952 21889024 22020096 22151168 22282240 22413312 22544384 22675456 22806528 22937600 )[ 1 -1 10 1 0 ]
3d ( 29360128 29491200 29622272 29753344 29884416 30015488 30146560 30277632 30408704 30539776 30670848 30801920 30932992 31064064 31195136 31326208 )[ 1 -1 14 1 0 ]

RANKS: 1 -1 0 16 1
EVENT44: 1183 496b2e_496d6d_496dcd_46b6dc_4621ad_4592c8
COMP 51-0: 495934_495c58_495d39_46b48b_46551c_462061_4592c8 (16 120.29 0 75.00 1 162.00){0.00 0.00 0.00 0.00 60.00 0}{60.00 75.00 75.00 75.00 90.00 1}{90.00 97.00 107.75 118.00 120.00 4}{120.00 123.25 130.20 148.00 150.00 10}{150.00 162.00 162.00 162.00 174.00 1}
3c 1002 
52 9003444 

RANKS: 1 -1 0 16 1
EVENT45: 1171 491686_491ab6_491b7b_46be3a_462211_4592c8
COMP 51-0: 496b2e_496d6d_496dcd_46b6dc_4621ad_4592c8 (16 25.00 0 13.00 1 29.00){0.00 0.00 0.00 0.00 5.20 0}{5.20 0.00 0.00 0.00 10.40 0}{10.40 13.00 17.00 25.00 26.00 3}{26.00 27.00 27.67 28.00 28.00 12}{28.00 29.00 29.00 29.00 30.00 1}
COMM 51-0: 496b2e_496d6d_496dcd_46b6dc_4621ad_4592c8 (16 56850.29 8 10017.00 2 222635.00){0.00 10017.00 21431.71 27219.00 88755.20 14}{88755.20 0.00 0.00 0.00 177510.40 0}{177510.40 221888.00 222261.50 222635.00 266265.60 2}{266265.60 0.00 0.00 0.00 355020.80 0}{355020.80 0.00 0.00 0.00 443776.00 0}
10 1000 
3a :/pvfs2/chunk.dat  
3b 2 
3c 1003 
52 46680 

RANKS: 1 -1 0 16 1
EVENT46: 1183 496b2e_496d6d_496dcd_46bfdd_462211_4592c8
COMP 51-0: 491686_491ab6_491b7b_46be3a_462211_4592c8 (16 1163.18 9 959.00 12 1560.00){0.00 0.00 0.00 0.00 386.40 0}{386.40 0.00 0.00 0.00 772.80 0}{772.80 959.00 978.00 1004.00 1159.20 4}{1159.20 1188.25 1212.36 1340.00 1545.60 11}{1545.60 1560.00 1560.00 1560.00 1932.00 1}
3c 1003 
52 1260 

RANKS: 1 -1 0 16 1
EVENT47: 1004 46e310_46e630_46e710_46c1e0_462211_4592c8
COMP 51-0: 496b2e_496d6d_496dcd_46bfdd_462211_4592c8 (16 27.18 0 12.00 11 57.00){0.00 0.00 0.00 0.00 9.60 0}{9.60 12.00 12.00 12.00 19.20 1}{19.20 23.00 23.50 24.00 24.00 2}{24.00 25.25 25.82 27.00 30.00 11}{30.00 50.00 53.50 57.00 84.00 2}
10 1000 
12 1 
14 38 
18 2 

RANKS: 1 -1 0 16 1
EVENT48: 1004 46e310_46e630_46e710_46c2e0_462211_4592c8
COMP 51-0: 46e310_46e630_46e710_46c1e0_462211_4592c8 (16 24.29 0 10.00 10 51.00){0.00 0.00 0.00 0.00 4.00 0}{4.00 0.00 0.00 0.00 8.00 0}{8.00 10.00 10.00 10.00 20.00 1}{20.00 23.00 24.43 26.00 28.00 14}{28.00 51.00 51.00 51.00 74.00 1}
10 1000 
12 1 
14 38 
18 1 

RANKS: 1 -1 0 16 1
EVENT49: 1004 46e310_46e630_46e710_459de7_462227_4592c8
COMP 51-0: 46e310_46e630_46e710_46c2e0_462211_4592c8 (16 23.18 0 10.00 7 26.00){0.00 0.00 0.00 0.00 4.00 0}{4.00 0.00 0.00 0.00 8.00 0}{8.00 10.00 10.00 10.00 16.00 1}{16.00 0.00 0.00 0.00 20.00 0}{20.00 24.00 24.93 26.00 28.00 15}
10 1000 
12 1 
14 38 
18 3 

RANKS: 1 -1 0 16 1
EVENT50: 1104 48214b_4824b0_4825ae_45d3dc_462268_4592c8
COMP 51-0: 46e310_46e630_46e710_459de7_462227_4592c8 (16 24.71 0 12.00 8 30.00){0.00 0.00 0.00 0.00 9.60 0}{9.60 12.00 12.00 12.00 24.00 1}{24.00 25.00 25.75 26.00 26.00 8}{26.00 26.60 26.67 27.00 28.00 6}{28.00 30.00 30.00 30.00 32.00 1}
COMP 51-1: 48214b_4824b0_4825ae_45d3dc_462268_4592c8 (176 28.94 0 9.00 3 419.00){0.00 9.00 10.00 11.00 18.00 11}{18.00 21.00 25.34 33.00 40.00 157}{40.00 48.00 50.00 52.00 56.00 2}{56.00 98.25 101.20 113.00 170.00 5}{170.00 419.00 419.00 419.00 668.00 1}
LOOP0: iter: ( 12 )[ 1 -1 0 16 1 ] mem: ( 1 )[ 1 -1 0 16 1 ]
10 1000 
12 1 
14 10 
18 2 1 
19 0 

RANKS: 1 -1 0 16 1
EVENT51: 1010 470bed_470de3_470e43_462676_4592c8
COMP 51-0: 48214b_4824b0_4825ae_45d3dc_462268_4592c8 (16 24.12 0 11.00 11 27.00){0.00 0.00 0.00 0.00 4.40 0}{4.40 0.00 0.00 0.00 8.80 0}{8.80 11.00 11.00 11.00 22.00 1}{22.00 23.00 25.38 26.00 26.00 8}{26.00 26.20 26.43 27.00 28.00 7}
10 1000 

RANKS: 1 -1 0 1 0
EVENT52: 1184 497051_4972e3_497353_46b9a3_45db5e_462786_4592c8
COMP 51-0: 470bed_470de3_470e43_462676_4592c8 (1 2309.00 0 2309.00 0 2309.00){0.00 0.00 0.00 0.00 923.60 0}{923.60 0.00 0.00 0.00 1847.20 0}{1847.20 2309.00 2309.00 2309.00 2770.80 1}{2770.80 0.00 0.00 0.00 3694.40 0}{3694.40 0.00 0.00 0.00 4618.00 0}
3a :/pvfs2/chunk.dat  

RANKS: 1 -1 0 16 1
EVENT53: 1010 470bed_470de3_470e43_4627a3_4592c8
COMP 51-0: 470bed_470de3_470e43_462676_4592c8 (15 21.94 10 13.00 9 25.00){0.00 0.00 0.00 0.00 8.80 0}{8.80 13.00 13.00 13.00 17.60 1}{17.60 22.00 22.57 25.00 26.40 14}{26.40 0.00 0.00 0.00 35.20 0}{35.20 0.00 0.00 0.00 44.00 0}
COMP 51-1: 497051_4972e3_497353_46b9a3_45db5e_462786_4592c8 (1 14.00 0 14.00 0 14.00){0.00 0.00 0.00 0.00 5.60 0}{5.60 0.00 0.00 0.00 11.20 0}{11.20 14.00 14.00 14.00 16.80 1}{16.80 0.00 0.00 0.00 22.40 0}{22.40 0.00 0.00 0.00 28.00 0}
10 1000 

RANKS: 1 -1 0 1 0
EVENT54: 1169 4a4ea5_4a5137_4a51d4_45f333_4628d3_4592c8
COMP 51-0: 470bed_470de3_470e43_4627a3_4592c8 (1 30.00 0 30.00 0 30.00){0.00 0.00 0.00 0.00 12.00 0}{12.00 0.00 0.00 0.00 24.00 0}{24.00 30.00 30.00 30.00 36.00 1}{36.00 0.00 0.00 0.00 48.00 0}{48.00 0.00 0.00 0.00 60.00 0}
11 1 
12 109 
49 0 

RANKS: 1 -1 0 1 0
EVENT55: 1169 4a4ea5_4a5137_4a51d4_45f358_4628d3_4592c8
COMP 51-0: 4a4ea5_4a5137_4a51d4_45f333_4628d3_4592c8 (1 9.00 0 9.00 0 9.00){0.00 0.00 0.00 0.00 3.60 0}{3.60 0.00 0.00 0.00 7.20 0}{7.20 9.00 9.00 9.00 10.80 1}{10.80 0.00 0.00 0.00 14.40 0}{14.40 0.00 0.00 0.00 18.00 0}
11 1 
12 87 
49 0 

RANKS: 1 -1 0 1 0
EVENT56: 1169 4a4ea5_4a5137_4a51d4_45f384_4628d3_4592c8
COMP 51-0: 4a4ea5_4a5137_4a51d4_45f358_4628d3_4592c8 (1 11.00 0 11.00 0 11.00){0.00 0.00 0.00 0.00 4.40 0}{4.40 0.00 0.00 0.00 8.80 0}{8.80 11.00 11.00 11.00 13.20 1}{13.20 0.00 0.00 0.00 17.60 0}{17.60 0.00 0.00 0.00 22.00 0}
11 1 
12 108 
49 0 

RANKS: 1 -1 0 1 0
EVENT57: 1169 4a4ea5_4a5137_4a51d4_45f764_4628d3_4592c8
COMP 51-0: 4a4ea5_4a5137_4a51d4_45f384_4628d3_4592c8 (1 33.00 0 33.00 0 33.00){0.00 0.00 0.00 0.00 13.20 0}{13.20 0.00 0.00 0.00 26.40 0}{26.40 33.00 33.00 33.00 39.60 1}{39.60 0.00 0.00 0.00 52.80 0}{52.80 0.00 0.00 0.00 66.00 0}
11 1 
12 6 
49 0 

RANKS: 1 -1 0 1 0
EVENT58: 1169 4a4ea5_4a5137_4a51d4_45fb4a_4628d3_4592c8
COMP 51-0: 4a4ea5_4a5137_4a51d4_45f764_4628d3_4592c8 (1 21.00 0 21.00 0 21.00){0.00 0.00 0.00 0.00 8.40 0}{8.40 0.00 0.00 0.00 16.80 0}{16.80 21.00 21.00 21.00 25.20 1}{25.20 0.00 0.00 0.00 33.60 0}{33.60 0.00 0.00 0.00 42.00 0}
11 1 
12 6 
49 0 

RANKS: 1 -1 0 16 1
EVENT59: 1028 474931_474af2_474b52_4628dd_4592c8
COMP 51-0: 470bed_470de3_470e43_4627a3_4592c8 (15 130.19 10 33.00 5 294.00){0.00 0.00 0.00 0.00 18.80 0}{18.80 33.00 33.00 33.00 37.60 1}{37.60 47.00 54.29 85.00 94.00 7}{94.00 124.00 170.67 218.00 246.00 3}{246.00 272.00 277.75 294.00 298.00 4}
COMP 51-1: 4a4ea5_4a5137_4a51d4_45fb4a_4628d3_4592c8 (1 24.00 0 24.00 0 24.00){0.00 0.00 0.00 0.00 9.60 0}{9.60 0.00 0.00 0.00 19.20 0}{19.20 24.00 24.00 24.00 28.80 1}{28.80 0.00 0.00 0.00 38.40 0}{38.40 0.00 0.00 0.00 48.00 0}
10 1000 

RANKS: 1 -1 0 16 1
EVENT60: 1010 470bed_470de3_470e43_462a58_4592c8
COMP 51-0: 474931_474af2_474b52_4628dd_4592c8 (16 11.06 7 10.00 0 12.00){0.00 0.00 0.00 0.00 4.80 0}{4.80 0.00 0.00 0.00 9.60 0}{9.60 10.00 11.00 12.00 14.40 16}{14.40 0.00 0.00 0.00 19.20 0}{19.20 0.00 0.00 0.00 24.00 0}
10 2 

RANKS: 1 -1 0 16 1
EVENT61: 1045 476acc_476b3d_476b81_4593a5
COMP 51-0: 470bed_470de3_470e43_462a58_4592c8 (16 243.94 5 49.00 12 755.00){0.00 49.00 116.92 177.00 225.60 13}{225.60 0.00 0.00 0.00 451.20 0}{451.20 564.00 564.00 564.00 676.80 1}{676.80 744.00 749.50 755.00 902.40 2}{902.40 0.00 0.00 0.00 1128.00 0}
52 144659 

