RANKS: 1 -1 0 24 1
EVENT0: 1084 47cb68_47cc13_47cc5f_458f9f
33 2 
34 0 

RANKS: 1 -1 0 1 0
EVENT1: 1102 4810ba_481457_481550_45ae8b_45db7f_459218
COMP 51-0: 47cb68_47cc13_47cc5f_458f9f (1 42.00 0 42.00 0 42.00){0.00 0.00 0.00 0.00 16.80 0}{16.80 0.00 0.00 0.00 33.60 0}{33.60 42.00 42.00 42.00 50.40 1}{50.40 0.00 0.00 0.00 67.20 0}{67.20 0.00 0.00 0.00 84.00 0}
COMP 51-1: 4810ba_481457_481550_45ae8b_45db7f_459218 (22 10.57 0 9.00 0 18.00){0.00 0.00 0.00 0.00 7.20 0}{7.20 9.00 9.86 12.00 14.40 21}{14.40 18.00 18.00 18.00 21.60 1}{21.60 0.00 0.00 0.00 28.80 0}{28.80 0.00 0.00 0.00 36.00 0}
LOOP0: iter: ( 23 )[ 1 -1 0 1 0 ] mem: ( 1 )[ 1 -1 0 1 0 ]
10 2 
12 1024 
14 1 
1b 0 
2b 2147483647 

RANKS: 1 -1 1 23 1
EVENT2: 1113 485d8d_4860ce_4861a5_45afe1_45db7f_459218
COMP 51-0: 47cb68_47cc13_47cc5f_458f9f (23 59.88 1 39.00 5 84.00){0.00 0.00 0.00 0.00 31.20 0}{31.20 39.00 42.67 46.00 46.80 3}{46.80 47.00 51.50 60.00 62.40 10}{62.40 68.00 71.83 77.00 78.00 6}{78.00 79.00 81.00 84.00 90.00 4}
10 2 
12 1024 
14 1 
1a ( 23 )[ 1 -1 1 1 0 ]
1a ( 21 )[ 1 -1 3 1 0 ]
1a ( 17 )[ 1 -1 7 1 0 ]
1a ( 9 )[ 1 -1 15 1 0 ]
1a ( 1 )[ 1 -1 23 1 0 ]
1a ( 13 )[ 1 -1 11 1 0 ]
1a ( 5 )[ 1 -1 19 1 0 ]
1a ( 19 )[ 1 -1 5 1 0 ]
1a ( 15 )[ 1 -1 9 1 0 ]
1a ( 7 )[ 1 -1 17 1 0 ]
1a ( 11 )[ 1 -1 13 1 0 ]
1a ( 3 )[ 1 -1 21 1 0 ]
1a ( 22 )[ 1 -1 2 1 0 ]
1a ( 20 )[ 1 -1 4 1 0 ]
1a ( 16 )[ 1 -1 8 1 0 ]
1a ( 8 )[ 1 -1 16 1 0 ]
1a ( 12 )[ 1 -1 12 1 0 ]
1a ( 4 )[ 1 -1 20 1 0 ]
1a ( 18 )[ 1 -1 6 1 0 ]
1a ( 14 )[ 1 -1 10 1 0 ]
1a ( 6 )[ 1 -1 18 1 0 ]
1a ( 10 )[ 1 -1 14 1 0 ]
1a ( 2 )[ 1 -1 22 1 0 ]
1b 0 

RANKS: 1 -1 0 24 1
EVENT3: 1011 471052_47133e_4713fd_45b0e2_45db7f_459218
COMP 51-0: 4810ba_481457_481550_45ae8b_45db7f_459218 (1 14.00 0 14.00 0 14.00){0.00 0.00 0.00 0.00 5.60 0}{5.60 0.00 0.00 0.00 11.20 0}{11.20 14.00 14.00 14.00 16.80 1}{16.80 0.00 0.00 0.00 22.40 0}{22.40 0.00 0.00 0.00 28.00 0}
COMP 51-1: 485d8d_4860ce_4861a5_45afe1_45db7f_459218 (23 19.00 23 13.00 7 37.00){0.00 0.00 0.00 0.00 6.00 0}{6.00 0.00 0.00 0.00 12.00 0}{12.00 13.00 15.23 17.00 18.00 13}{18.00 20.00 22.89 27.00 30.00 9}{30.00 37.00 37.00 37.00 44.00 1}
10 2 
12 1 
14 3 
19 0 

RANKS: 1 -1 0 24 1
EVENT4: 1167 4a4646_4a4872_4a48cc_468bac_468df4_45db91_459218
COMP 51-0: 471052_47133e_4713fd_45b0e2_45db7f_459218 (24 5451.08 18 4009.00 14 9343.00){0.00 0.00 0.00 0.00 2022.40 0}{2022.40 4009.00 4009.00 4009.00 4044.80 1}{4044.80 4404.00 5043.37 5645.56 6067.20 19}{6067.20 6433.00 6449.50 6466.00 8089.60 2}{8089.60 9146.00 9244.50 9343.00 10112.00 2}
49 0 
52 235936 

RANKS: 1 -1 0 24 1
EVENT5: 1011 471052_47133e_4713fd_45b7a0_45dba2_459218
COMP 51-0: 4a4646_4a4872_4a48cc_468bac_468df4_45db91_459218 (24 14.76 17 12.00 5 17.00){0.00 0.00 0.00 0.00 6.40 0}{6.40 12.00 12.00 12.00 12.80 2}{12.80 14.00 14.95 17.00 19.20 22}{19.20 0.00 0.00 0.00 25.60 0}{25.60 0.00 0.00 0.00 32.00 0}
10 2 
12 4 
14 12 
19 0 

RANKS: 1 -1 0 24 1
EVENT6: 1010 470bed_470de3_470e43_462b44_45dbc8_459218
COMP 51-0: 471052_47133e_4713fd_45b7a0_45dba2_459218 (24 31.96 14 21.00 10 44.00){0.00 0.00 0.00 0.00 13.20 0}{13.20 21.00 24.37 25.75 26.40 8}{26.40 28.00 35.13 39.00 39.60 15}{39.60 44.00 44.00 44.00 52.80 1}{52.80 0.00 0.00 0.00 66.00 0}
10 2 

RANKS: 1 -1 0 24 1
EVENT7: 1104 48214b_4824b0_4825ae_462c42_45dbc8_459218
COMP 51-0: 470bed_470de3_470e43_462b44_45dbc8_459218 (24 47.96 3 20.00 17 230.00){0.00 20.00 20.00 20.00 20.40 2}{20.40 20.60 21.80 27.00 40.80 15}{40.80 51.00 57.00 61.00 102.00 3}{102.00 117.00 118.50 120.00 132.00 2}{132.00 143.00 186.50 230.00 328.00 2}
10 2 
12 1 
14 10 
18 2 
19 0 

RANKS: 1 -1 0 24 1
EVENT8: 1104 48214b_4824b0_4825ae_462d4c_45dbc8_459218
COMP 51-0: 48214b_4824b0_4825ae_462c42_45dbc8_459218 (24 10.28 1 9.00 0 17.00){0.00 0.00 0.00 0.00 6.80 0}{6.80 9.00 9.70 11.00 13.60 23}{13.60 17.00 17.00 17.00 20.40 1}{20.40 0.00 0.00 0.00 27.20 0}{27.20 0.00 0.00 0.00 34.00 0}
10 2 
12 1 
14 10 
18 1 
19 0 

RANKS: 1 -1 0 24 1
EVENT9: 1011 471052_47133e_4713fd_462e50_45dbc8_459218
COMP 51-0: 48214b_4824b0_4825ae_462d4c_45dbc8_459218 (24 10.76 1 9.00 9 16.00){0.00 0.00 0.00 0.00 5.20 0}{5.20 9.00 9.29 10.00 10.40 14}{10.40 12.00 12.22 13.00 15.60 9}{15.60 16.00 16.00 16.00 20.80 1}{20.80 0.00 0.00 0.00 26.00 0}
10 2 
12 1 
14 10 
19 0 

RANKS: 1 -1 0 24 1
EVENT10: 1011 471052_47133e_4713fd_4675bc_45dbe2_459218
COMP 51-0: 471052_47133e_4713fd_462e50_45dbc8_459218 (24 14.00 9 9.00 5 22.00){0.00 0.00 0.00 0.00 8.00 0}{8.00 9.00 12.05 14.50 16.00 19}{16.00 19.00 20.20 22.00 24.00 5}{24.00 0.00 0.00 0.00 32.00 0}{32.00 0.00 0.00 0.00 40.00 0}
10 2 
12 1 
14 3 
19 0 

RANKS: 1 -1 0 1 0
EVENT11: 1169 4a4ea5_4a5137_4a51d4_45dd54_4592a1
COMP 51-0: 471052_47133e_4713fd_4675bc_45dbe2_459218 (1 173.00 0 173.00 0 173.00){0.00 0.00 0.00 0.00 69.20 0}{69.20 0.00 0.00 0.00 138.40 0}{138.40 173.00 173.00 173.00 207.60 1}{207.60 0.00 0.00 0.00 276.80 0}{276.80 0.00 0.00 0.00 346.00 0}
11 1 
12 18 
49 0 

RANKS: 1 -1 0 24 1
EVENT12: 1030 474d46_474f75_474fe5_45fced_4592c8
COMP 51-0: 471052_47133e_4713fd_4675bc_45dbe2_459218 (23 19.50 23 17.00 2 25.00){0.00 0.00 0.00 0.00 7.60 0}{7.60 0.00 0.00 0.00 15.20 0}{15.20 17.00 19.10 21.50 22.80 21}{22.80 23.00 24.00 25.00 30.40 2}{30.40 0.00 0.00 0.00 38.00 0}
COMP 51-1: 4a4ea5_4a5137_4a51d4_45dd54_4592a1 (1 1940.00 0 1940.00 0 1940.00){0.00 0.00 0.00 0.00 776.00 0}{776.00 0.00 0.00 0.00 1552.00 0}{1552.00 1940.00 1940.00 1940.00 2328.00 1}{2328.00 0.00 0.00 0.00 3104.00 0}{3104.00 0.00 0.00 0.00 3880.00 0}
10 2 

RANKS: 1 -1 0 24 1
EVENT13: 1066 47b541_47b880_47b91f_45fdf8_4592c8
COMP 51-0: 474d46_474f75_474fe5_45fced_4592c8 (24 15.04 23 11.00 0 24.00){0.00 0.00 0.00 0.00 9.60 0}{9.60 11.00 14.26 17.00 19.20 23}{19.20 24.00 24.00 24.00 28.80 1}{28.80 0.00 0.00 0.00 38.40 0}{38.40 0.00 0.00 0.00 48.00 0}
b 0 23 1 
12 1 
21 1000 

RANKS: 1 -1 0 24 1
EVENT14: 1026 473ecc_47414c_4741cf_45fede_4592c8
COMP 51-0: 47b541_47b880_47b91f_45fdf8_4592c8 (24 11.64 21 10.00 0 15.00){0.00 0.00 0.00 0.00 6.00 0}{6.00 10.00 11.14 11.80 12.00 21}{12.00 13.00 14.00 15.00 18.00 3}{18.00 0.00 0.00 0.00 24.00 0}{24.00 0.00 0.00 0.00 30.00 0}
10 2 
21 1001 

RANKS: 1 -1 0 1 0
EVENT15: 1102 4810ba_481457_481550_45ae8b_460142_4592c8
COMP 51-0: 473ecc_47414c_4741cf_45fede_4592c8 (1 33.00 0 33.00 0 33.00){0.00 0.00 0.00 0.00 13.20 0}{13.20 0.00 0.00 0.00 26.40 0}{26.40 33.00 33.00 33.00 39.60 1}{39.60 0.00 0.00 0.00 52.80 0}{52.80 0.00 0.00 0.00 66.00 0}
COMP 51-1: 4810ba_481457_481550_45ae8b_460142_4592c8 (22 12.70 0 12.00 0 14.00){0.00 0.00 0.00 0.00 5.20 0}{5.20 0.00 0.00 0.00 10.40 0}{10.40 12.00 12.68 14.00 15.60 22}{15.60 0.00 0.00 0.00 20.80 0}{20.80 0.00 0.00 0.00 26.00 0}
LOOP0: iter: ( 23 )[ 1 -1 0 1 0 ] mem: ( 1 )[ 1 -1 0 1 0 ]
10 1000 
12 1024 
14 1 
1b 0 
2b 2147483647 

RANKS: 1 -1 1 23 1
EVENT16: 1113 485d8d_4860ce_4861a5_45afe1_460142_4592c8
COMP 51-0: 473ecc_47414c_4741cf_45fede_4592c8 (23 20.04 4 15.00 11 30.00){0.00 0.00 0.00 0.00 8.00 0}{8.00 15.00 15.00 15.00 16.00 1}{16.00 16.57 19.05 24.00 24.00 19}{24.00 26.00 28.00 30.00 32.00 3}{32.00 0.00 0.00 0.00 40.00 0}
10 1000 
12 1024 
14 1 
1a ( 23 )[ 1 -1 1 1 0 ]
1a ( 21 )[ 1 -1 3 1 0 ]
1a ( 17 )[ 1 -1 7 1 0 ]
1a ( 9 )[ 1 -1 15 1 0 ]
1a ( 1 )[ 1 -1 23 1 0 ]
1a ( 13 )[ 1 -1 11 1 0 ]
1a ( 5 )[ 1 -1 19 1 0 ]
1a ( 19 )[ 1 -1 5 1 0 ]
1a ( 15 )[ 1 -1 9 1 0 ]
1a ( 7 )[ 1 -1 17 1 0 ]
1a ( 11 )[ 1 -1 13 1 0 ]
1a ( 3 )[ 1 -1 21 1 0 ]
1a ( 22 )[ 1 -1 2 1 0 ]
1a ( 20 )[ 1 -1 4 1 0 ]
1a ( 16 )[ 1 -1 8 1 0 ]
1a ( 8 )[ 1 -1 16 1 0 ]
1a ( 12 )[ 1 -1 12 1 0 ]
1a ( 4 )[ 1 -1 20 1 0 ]
1a ( 18 )[ 1 -1 6 1 0 ]
1a ( 14 )[ 1 -1 10 1 0 ]
1a ( 6 )[ 1 -1 18 1 0 ]
1a ( 10 )[ 1 -1 14 1 0 ]
1a ( 2 )[ 1 -1 22 1 0 ]
1b 0 

RANKS: 1 -1 0 24 1
EVENT17: 1011 471052_47133e_4713fd_45b0e2_460142_4592c8
COMP 51-0: 4810ba_481457_481550_45ae8b_460142_4592c8 (1 13.00 0 13.00 0 13.00){0.00 0.00 0.00 0.00 5.20 0}{5.20 0.00 0.00 0.00 10.40 0}{10.40 13.00 13.00 13.00 15.60 1}{15.60 0.00 0.00 0.00 20.80 0}{20.80 0.00 0.00 0.00 26.00 0}
COMP 51-1: 485d8d_4860ce_4861a5_45afe1_460142_4592c8 (23 11.54 23 9.00 3 19.00){0.00 0.00 0.00 0.00 5.20 0}{5.20 9.00 9.22 10.00 10.40 9}{10.40 11.00 12.00 13.00 15.60 12}{15.60 18.00 18.50 19.00 20.80 2}{20.80 0.00 0.00 0.00 26.00 0}
10 1000 
12 1 
14 3 
19 0 

RANKS: 1 -1 0 1 0
EVENT18: 1169 4a4ea5_4a5137_4a51d4_45e063_4608cf_4592c8
COMP 51-0: 471052_47133e_4713fd_45b0e2_460142_4592c8 (1 25.00 0 25.00 0 25.00){0.00 0.00 0.00 0.00 10.00 0}{10.00 0.00 0.00 0.00 20.00 0}{20.00 25.00 25.00 25.00 30.00 1}{30.00 0.00 0.00 0.00 40.00 0}{40.00 0.00 0.00 0.00 50.00 0}
11 1 
12 10 
49 0 

RANKS: 1 -1 0 1 0
EVENT19: 1169 4a4ea5_4a5137_4a51d4_45e0c0_4608cf_4592c8
COMP 51-0: 4a4ea5_4a5137_4a51d4_45e063_4608cf_4592c8 (1 22.00 0 22.00 0 22.00){0.00 0.00 0.00 0.00 8.80 0}{8.80 0.00 0.00 0.00 17.60 0}{17.60 22.00 22.00 22.00 26.40 1}{26.40 0.00 0.00 0.00 35.20 0}{35.20 0.00 0.00 0.00 44.00 0}
11 1 
12 22 
49 0 

RANKS: 1 -1 0 1 0
EVENT20: 1169 4a4ea5_4a5137_4a51d4_45e106_4608cf_4592c8
COMP 51-0: 4a4ea5_4a5137_4a51d4_45e0c0_4608cf_4592c8 (1 12.00 0 12.00 0 12.00){0.00 0.00 0.00 0.00 4.80 0}{4.80 0.00 0.00 0.00 9.60 0}{9.60 12.00 12.00 12.00 14.40 1}{14.40 0.00 0.00 0.00 19.20 0}{19.20 0.00 0.00 0.00 24.00 0}
11 1 
12 18 
49 0 

RANKS: 1 -1 0 1 0
EVENT21: 1169 4a4ea5_4a5137_4a51d4_45e16f_4608cf_4592c8
COMP 51-0: 4a4ea5_4a5137_4a51d4_45e106_4608cf_4592c8 (1 19.00 0 19.00 0 19.00){0.00 0.00 0.00 0.00 7.60 0}{7.60 0.00 0.00 0.00 15.20 0}{15.20 19.00 19.00 19.00 22.80 1}{22.80 0.00 0.00 0.00 30.40 0}{30.40 0.00 0.00 0.00 38.00 0}
11 1 
12 12 
49 0 

RANKS: 1 -1 0 1 0
EVENT22: 1169 4a4ea5_4a5137_4a51d4_45e1db_4608cf_4592c8
COMP 51-0: 4a4ea5_4a5137_4a51d4_45e16f_4608cf_4592c8 (1 17.00 0 17.00 0 17.00){0.00 0.00 0.00 0.00 6.80 0}{6.80 0.00 0.00 0.00 13.60 0}{13.60 17.00 17.00 17.00 20.40 1}{20.40 0.00 0.00 0.00 27.20 0}{27.20 0.00 0.00 0.00 34.00 0}
11 1 
12 44 
49 0 

RANKS: 1 -1 0 1 0
EVENT23: 1169 4a4ea5_4a5137_4a51d4_45e1f6_4608cf_4592c8
COMP 51-0: 4a4ea5_4a5137_4a51d4_45e1db_4608cf_4592c8 (1 15.00 0 15.00 0 15.00){0.00 0.00 0.00 0.00 6.00 0}{6.00 0.00 0.00 0.00 12.00 0}{12.00 15.00 15.00 15.00 18.00 1}{18.00 0.00 0.00 0.00 24.00 0}{24.00 0.00 0.00 0.00 30.00 0}
11 1 
12 21 
49 0 

RANKS: 1 -1 0 1 0
EVENT24: 1169 4a4ea5_4a5137_4a51d4_45e21f_4608cf_4592c8
COMP 51-0: 4a4ea5_4a5137_4a51d4_45e1f6_4608cf_4592c8 (1 12.00 0 12.00 0 12.00){0.00 0.00 0.00 0.00 4.80 0}{4.80 0.00 0.00 0.00 9.60 0}{9.60 12.00 12.00 12.00 14.40 1}{14.40 0.00 0.00 0.00 19.20 0}{19.20 0.00 0.00 0.00 24.00 0}
11 1 
12 20 
49 0 

RANKS: 1 -1 0 1 0
EVENT25: 1169 4a4ea5_4a5137_4a51d4_45e257_4608cf_4592c8
COMP 51-0: 4a4ea5_4a5137_4a51d4_45e21f_4608cf_4592c8 (1 12.00 0 12.00 0 12.00){0.00 0.00 0.00 0.00 4.80 0}{4.80 0.00 0.00 0.00 9.60 0}{9.60 12.00 12.00 12.00 14.40 1}{14.40 0.00 0.00 0.00 19.20 0}{19.20 0.00 0.00 0.00 24.00 0}
11 1 
12 21 
49 0 

RANKS: 1 -1 0 1 0
EVENT26: 1169 4a4ea5_4a5137_4a51d4_45e28e_4608cf_4592c8
COMP 51-0: 4a4ea5_4a5137_4a51d4_45e257_4608cf_4592c8 (1 14.00 0 14.00 0 14.00){0.00 0.00 0.00 0.00 5.60 0}{5.60 0.00 0.00 0.00 11.20 0}{11.20 14.00 14.00 14.00 16.80 1}{16.80 0.00 0.00 0.00 22.40 0}{22.40 0.00 0.00 0.00 28.00 0}
11 1 
12 18 
49 0 

RANKS: 1 -1 0 24 1
EVENT27: 1011 471052_47133e_4713fd_460ac3_4592c8
COMP 51-0: 471052_47133e_4713fd_45b0e2_460142_4592c8 (23 15.08 21 12.00 3 19.00){0.00 0.00 0.00 0.00 6.40 0}{6.40 12.00 12.00 12.00 12.80 1}{12.80 13.00 15.18 19.00 19.20 22}{19.20 0.00 0.00 0.00 25.60 0}{25.60 0.00 0.00 0.00 32.00 0}
COMP 51-1: 4a4ea5_4a5137_4a51d4_45e28e_4608cf_4592c8 (1 41.00 0 41.00 0 41.00){0.00 0.00 0.00 0.00 16.40 0}{16.40 0.00 0.00 0.00 32.80 0}{32.80 41.00 41.00 41.00 49.20 1}{49.20 0.00 0.00 0.00 65.60 0}{65.60 0.00 0.00 0.00 82.00 0}
10 1000 
12 1 
14 7 
19 0 

RANKS: 1 -1 0 24 1
EVENT28: 1010 470bed_470de3_470e43_460d4a_4592c8
COMP 51-0: 471052_47133e_4713fd_460ac3_4592c8 (24 192.16 15 13.00 0 2182.00){0.00 13.00 19.13 29.00 872.80 23}{872.80 0.00 0.00 0.00 1745.60 0}{1745.60 2182.00 2182.00 2182.00 2618.40 1}{2618.40 0.00 0.00 0.00 3491.20 0}{3491.20 0.00 0.00 0.00 4364.00 0}
10 1000 

RANKS: 1 -1 0 24 1
EVENT29: 1171 491686_491ab6_491b7b_46a744_46a481_460e5a_4592c8
COMP 51-0: 470bed_470de3_470e43_460d4a_4592c8 (24 30.56 4 25.00 0 35.00){0.00 0.00 0.00 0.00 14.00 0}{14.00 25.00 26.67 28.00 28.00 3}{28.00 28.89 30.90 35.00 42.00 21}{42.00 0.00 0.00 0.00 56.00 0}{56.00 0.00 0.00 0.00 70.00 0}
COMM 51-0: 470bed_470de3_470e43_460d4a_4592c8 (24 102887.32 22 100597.00 22 104021.00){0.00 0.00 0.00 0.00 41496.80 0}{41496.80 0.00 0.00 0.00 82993.60 0}{82993.60 100597.00 102851.71 104021.00 124490.40 24}{124490.40 0.00 0.00 0.00 165987.20 0}{165987.20 0.00 0.00 0.00 207484.00 0}
10 1000 
3a :/pvfs2/chunk.dat  
3b 41 
3c 1000 
52 128627 

RANKS: 1 -1 0 1 0
EVENT30: 1169 4a4ea5_4a5137_4a51d4_460f96_4592c8
COMP 51-0: 491686_491ab6_491b7b_46a744_46a481_460e5a_4592c8 (1 15.00 0 15.00 0 15.00){0.00 0.00 0.00 0.00 6.00 0}{6.00 0.00 0.00 0.00 12.00 0}{12.00 15.00 15.00 15.00 18.00 1}{18.00 0.00 0.00 0.00 24.00 0}{24.00 0.00 0.00 0.00 30.00 0}
11 1 
12 35 
49 0 

RANKS: 1 -1 0 24 1
EVENT31: 1176 493ca4_493fc8_4940a9_46b48b_465436_460ff4_4592c8
COMP 51-0: 491686_491ab6_491b7b_46a744_46a481_460e5a_4592c8 (23 236.38 17 203.00 22 384.00){0.00 0.00 0.00 0.00 87.20 0}{87.20 0.00 0.00 0.00 174.40 0}{174.40 203.00 225.95 244.00 261.60 21}{261.60 326.00 326.00 326.00 348.80 1}{348.80 384.00 384.00 384.00 436.00 1}
COMP 51-1: 493ca4_493fc8_4940a9_46b48b_465436_460ff4_4592c8 (360 73.43 17 12.00 23 14210.00){0.00 12.00 32.46 48.00 48.00 348}{48.00 51.00 65.62 84.00 98.00 8}{98.00 115.00 115.00 115.00 132.00 1}{132.00 155.00 155.00 155.00 178.00 1}{178.00 191.00 7200.50 14210.00 28242.00 2}
COMP 51-2: 4a4ea5_4a5137_4a51d4_460f96_4592c8 (1 246.00 0 246.00 0 246.00){0.00 0.00 0.00 0.00 98.40 0}{98.40 0.00 0.00 0.00 196.80 0}{196.80 246.00 246.00 246.00 295.20 1}{295.20 0.00 0.00 0.00 393.60 0}{393.60 0.00 0.00 0.00 492.00 0}
LOOP0: iter: ( 16 )[ 1 -1 0 24 1 ] mem: ( 1 )[ 1 -1 0 24 1 ]
12 131072 
14 12 
3c 1000 
3d ( 0 131072 262144 393216 524288 655360 786432 917504 1048576 1179648 1310720 1441792 1572864 1703936 1835008 1966080 )[ 1 -1 0 1 0 ]
3d ( 2097152 2228224 2359296 2490368 2621440 2752512 2883584 3014656 3145728 3276800 3407872 3538944 3670016 3801088 3932160 4063232 )[ 1 -1 1 1 0 ]
3d ( 6291456 6422528 6553600 6684672 6815744 6946816 7077888 7208960 7340032 7471104 7602176 7733248 7864320 7995392 8126464 8257536 )[ 1 -1 3 1 0 ]
3d ( 14680064 14811136 14942208 15073280 15204352 15335424 15466496 15597568 15728640 15859712 15990784 16121856 16252928 16384000 16515072 16646144 )[ 1 -1 7 1 0 ]
3d ( 31457280 31588352 31719424 31850496 31981568 32112640 32243712 32374784 32505856 32636928 32768000 32899072 33030144 33161216 33292288 33423360 )[ 1 -1 15 1 0 ]
3d ( 48234496 48365568 48496640 48627712 48758784 48889856 49020928 49152000 49283072 49414144 49545216 49676288 49807360 49938432 50069504 50200576 )[ 1 -1 23 1 0 ]
3d ( 23068672 23199744 23330816 23461888 23592960 23724032 23855104 23986176 24117248 24248320 24379392 24510464 24641536 24772608 24903680 25034752 )[ 1 -1 11 1 0 ]
3d ( 39845888 39976960 40108032 40239104 40370176 40501248 40632320 40763392 40894464 41025536 41156608 41287680 41418752 41549824 41680896 41811968 )[ 1 -1 19 1 0 ]
3d ( 10485760 10616832 10747904 10878976 11010048 11141120 11272192 11403264 11534336 11665408 11796480 11927552 12058624 12189696 12320768 12451840 )[ 1 -1 5 1 0 ]
3d ( 18874368 19005440 19136512 19267584 19398656 19529728 19660800 19791872 19922944 20054016 20185088 20316160 20447232 20578304 20709376 20840448 )[ 1 -1 9 1 0 ]
3d ( 35651584 35782656 35913728 36044800 36175872 36306944 36438016 36569088 36700160 36831232 36962304 37093376 37224448 37355520 37486592 37617664 )[ 1 -1 17 1 0 ]
3d ( 27262976 27394048 27525120 27656192 27787264 27918336 28049408 28180480 28311552 28442624 28573696 28704768 28835840 28966912 29097984 29229056 )[ 1 -1 13 1 0 ]
3d ( 44040192 44171264 44302336 44433408 44564480 44695552 44826624 44957696 45088768 45219840 45350912 45481984 45613056 45744128 45875200 46006272 )[ 1 -1 21 1 0 ]
3d ( 4194304 4325376 4456448 4587520 4718592 4849664 4980736 5111808 5242880 5373952 5505024 5636096 5767168 5898240 6029312 6160384 )[ 1 -1 2 1 0 ]
3d ( 8388608 8519680 8650752 8781824 8912896 9043968 9175040 9306112 9437184 9568256 9699328 9830400 9961472 10092544 10223616 10354688 )[ 1 -1 4 1 0 ]
3d ( 16777216 16908288 17039360 17170432 17301504 17432576 17563648 17694720 17825792 17956864 18087936 18219008 18350080 18481152 18612224 18743296 )[ 1 -1 8 1 0 ]
3d ( 33554432 33685504 33816576 33947648 34078720 34209792 34340864 34471936 34603008 34734080 34865152 34996224 35127296 35258368 35389440 35520512 )[ 1 -1 16 1 0 ]
3d ( 25165824 25296896 25427968 25559040 25690112 25821184 25952256 26083328 26214400 26345472 26476544 26607616 26738688 26869760 27000832 27131904 )[ 1 -1 12 1 0 ]
3d ( 41943040 42074112 42205184 42336256 42467328 42598400 42729472 42860544 42991616 43122688 43253760 43384832 43515904 43646976 43778048 43909120 )[ 1 -1 20 1 0 ]
3d ( 12582912 12713984 12845056 12976128 13107200 13238272 13369344 13500416 13631488 13762560 13893632 14024704 14155776 14286848 14417920 14548992 )[ 1 -1 6 1 0 ]
3d ( 20971520 21102592 21233664 21364736 21495808 21626880 21757952 21889024 22020096 22151168 22282240 22413312 22544384 22675456 22806528 22937600 )[ 1 -1 10 1 0 ]
3d ( 37748736 37879808 38010880 38141952 38273024 38404096 38535168 38666240 38797312 38928384 39059456 39190528 39321600 39452672 39583744 39714816 )[ 1 -1 18 1 0 ]
3d ( 29360128 29491200 29622272 29753344 29884416 30015488 30146560 30277632 30408704 30539776 30670848 30801920 30932992 31064064 31195136 31326208 )[ 1 -1 14 1 0 ]
3d ( 46137344 46268416 46399488 46530560 46661632 46792704 46923776 47054848 47185920 47316992 47448064 47579136 47710208 47841280 47972352 48103424 )[ 1 -1 22 1 0 ]

RANKS: 1 -1 0 24 1
EVENT32: 1183 496b2e_496d6d_496dcd_46b6dc_461140_4592c8
COMP 51-0: 493ca4_493fc8_4940a9_46b48b_465436_460ff4_4592c8 (24 115.12 17 53.00 10 168.00){0.00 53.00 53.00 53.00 58.40 1}{58.40 62.00 97.62 105.40 116.80 13}{116.80 117.00 141.00 168.00 175.20 10}{175.20 0.00 0.00 0.00 233.60 0}{233.60 0.00 0.00 0.00 292.00 0}
3c 1000 
52 628338 

RANKS: 1 -1 0 24 1
EVENT33: 1010 470bed_470de3_470e43_4612a4_4592c8
COMP 51-0: 496b2e_496d6d_496dcd_46b6dc_461140_4592c8 (24 71.80 20 9.00 7 1240.00){0.00 9.00 9.00 9.00 10.40 1}{10.40 14.00 14.67 15.00 20.80 3}{20.80 23.00 25.05 27.00 41.60 19}{41.60 0.00 0.00 0.00 52.00 0}{52.00 1240.00 1240.00 1240.00 2428.00 1}
10 1000 

RANKS: 1 -1 0 24 1
EVENT34: 1171 491686_491ab6_491b7b_46be3a_461465_4592c8
COMP 51-0: 470bed_470de3_470e43_4612a4_4592c8 (24 28.60 23 11.00 19 41.00){0.00 11.00 11.00 11.00 11.20 2}{11.20 12.00 12.50 13.00 22.40 2}{22.40 27.00 29.20 32.00 33.60 15}{33.60 40.00 40.40 41.00 44.80 5}{44.80 0.00 0.00 0.00 56.00 0}
COMM 51-0: 470bed_470de3_470e43_4612a4_4592c8 (24 20097.16 20 19079.00 20 20523.00){0.00 0.00 0.00 0.00 8008.80 0}{8008.80 0.00 0.00 0.00 16017.60 0}{16017.60 19079.00 20100.29 20523.00 24026.40 24}{24026.40 0.00 0.00 0.00 32035.20 0}{32035.20 0.00 0.00 0.00 40044.00 0}
10 1000 
3a :/pvfs2/chunk.dat  
3b 2 
3c 1001 
52 29157 

RANKS: 1 -1 0 24 1
EVENT35: 1183 496b2e_496d6d_496dcd_46bfdd_461465_4592c8
COMP 51-0: 491686_491ab6_491b7b_46be3a_461465_4592c8 (24 1580.52 3 730.00 15 2107.00){0.00 0.00 0.00 0.00 623.60 0}{623.60 730.00 894.50 1125.00 1247.20 4}{1247.20 1445.00 1654.29 1843.75 1870.80 17}{1870.80 2047.00 2084.33 2107.00 2494.40 3}{2494.40 0.00 0.00 0.00 3118.00 0}
3c 1001 
52 1662 

RANKS: 1 -1 0 24 1
EVENT36: 1004 46e310_46e630_46e710_46c1e0_461465_4592c8
COMP 51-0: 496b2e_496d6d_496dcd_46bfdd_461465_4592c8 (24 32.08 3 15.00 11 38.00){0.00 0.00 0.00 0.00 13.60 0}{13.60 15.00 15.33 16.00 27.20 3}{27.20 29.00 34.38 38.00 40.80 21}{40.80 0.00 0.00 0.00 54.40 0}{54.40 0.00 0.00 0.00 68.00 0}
10 1000 
12 1 
14 38 
18 2 

RANKS: 1 -1 0 24 1
EVENT37: 1004 46e310_46e630_46e710_46c2e0_461465_4592c8
COMP 51-0: 46e310_46e630_46e710_46c1e0_461465_4592c8 (24 23.40 3 10.00 17 27.00){0.00 10.00 10.00 10.00 10.40 2}{10.40 11.00 11.00 11.00 20.80 1}{20.80 23.00 25.14 27.00 31.20 21}{31.20 0.00 0.00 0.00 41.60 0}{41.60 0.00 0.00 0.00 52.00 0}
10 1000 
12 1 
14 38 
18 1 

RANKS: 1 -1 0 24 1
EVENT38: 1004 46e310_46e630_46e710_459de7_46147b_4592c8
COMP 51-0: 46e310_46e630_46e710_46c2e0_461465_4592c8 (24 23.96 3 10.00 15 28.00){0.00 10.00 10.00 10.00 10.80 3}{10.80 0.00 0.00 0.00 21.60 0}{21.60 24.00 25.81 28.00 32.40 21}{32.40 0.00 0.00 0.00 43.20 0}{43.20 0.00 0.00 0.00 54.00 0}
10 1000 
12 1 
14 38 
18 3 

RANKS: 1 -1 0 24 1
EVENT39: 1104 48214b_4824b0_4825ae_45d3dc_4614bc_4592c8
COMP 51-0: 46e310_46e630_46e710_459de7_46147b_4592c8 (24 37.20 8 17.00 21 49.00){0.00 0.00 0.00 0.00 11.60 0}{11.60 17.00 18.67 20.00 23.20 3}{23.20 29.00 29.00 29.00 34.80 1}{34.80 35.00 40.37 46.00 46.40 19}{46.40 49.00 49.00 49.00 58.00 1}
COMP 51-1: 48214b_4824b0_4825ae_45d3dc_4614bc_4592c8 (264 23.76 23 8.00 20 37.00){0.00 8.00 8.50 9.00 9.60 2}{9.60 10.04 10.32 11.00 19.20 31}{19.20 22.00 25.40 28.50 28.80 220}{28.80 29.14 31.55 37.00 38.40 11}{38.40 0.00 0.00 0.00 48.00 0}
LOOP0: iter: ( 12 )[ 1 -1 0 24 1 ] mem: ( 1 )[ 1 -1 0 24 1 ]
10 1000 
12 1 
14 10 
18 2 1 
19 0 

RANKS: 1 -1 0 24 1
EVENT40: 1010 470bed_470de3_470e43_461d7f_4592c8
COMP 51-0: 48214b_4824b0_4825ae_45d3dc_4614bc_4592c8 (24 28.44 23 13.00 9 33.00){0.00 0.00 0.00 0.00 12.80 0}{12.80 13.00 13.33 14.00 25.60 3}{25.60 27.00 30.43 33.00 38.40 21}{38.40 0.00 0.00 0.00 51.20 0}{51.20 0.00 0.00 0.00 64.00 0}
10 1000 

RANKS: 1 -1 0 24 1
EVENT41: 1171 491686_491ab6_491b7b_46a744_461e8f_4592c8
COMP 51-0: 470bed_470de3_470e43_461d7f_4592c8 (24 37.24 23 17.00 13 43.00){0.00 0.00 0.00 0.00 15.20 0}{15.20 17.00 18.00 19.00 30.40 3}{30.40 36.00 39.95 43.00 45.60 21}{45.60 0.00 0.00 0.00 60.80 0}{60.80 0.00 0.00 0.00 76.00 0}
COMM 51-0: 470bed_470de3_470e43_461d7f_4592c8 (24 16945.32 14 15841.00 14 18165.00){0.00 0.00 0.00 0.00 7037.60 0}{7037.60 0.00 0.00 0.00 14075.20 0}{14075.20 15841.00 16918.29 18165.00 21112.80 24}{21112.80 0.00 0.00 0.00 28150.40 0}{28150.40 0.00 0.00 0.00 35188.00 0}
10 1000 
3a :/pvfs2/chunk.dat  
3b 41 
3c 1002 
52 25241 

RANKS: 1 -1 0 1 0
EVENT42: 1169 4a4ea5_4a5137_4a51d4_462003_4592c8
COMP 51-0: 491686_491ab6_491b7b_46a744_461e8f_4592c8 (1 26.00 0 26.00 0 26.00){0.00 0.00 0.00 0.00 10.40 0}{10.40 0.00 0.00 0.00 20.80 0}{20.80 26.00 26.00 26.00 31.20 1}{31.20 0.00 0.00 0.00 41.60 0}{41.60 0.00 0.00 0.00 52.00 0}
11 1 
12 34 
49 0 

RANKS: 1 -1 0 24 1
EVENT43: 1180 495934_495c58_495d39_46b48b_46551c_462061_4592c8
COMP 51-0: 491686_491ab6_491b7b_46a744_461e8f_4592c8 (23 539.88 3 240.00 18 997.00){0.00 0.00 0.00 0.00 216.40 0}{216.40 240.00 240.00 240.00 432.80 1}{432.80 489.00 532.33 566.00 649.20 21}{649.20 0.00 0.00 0.00 865.60 0}{865.60 997.00 997.00 997.00 1082.00 1}
COMP 51-1: 495934_495c58_495d39_46b48b_46551c_462061_4592c8 (360 55.25 1 13.00 14 8095.00){0.00 13.00 18.12 32.50 32.80 165}{32.80 33.00 40.86 49.00 49.20 176}{49.20 52.71 69.11 84.00 86.00 16}{86.00 122.00 260.50 399.00 712.00 2}{712.00 8095.00 8095.00 8095.00 15478.00 1}
COMP 51-2: 4a4ea5_4a5137_4a51d4_462003_4592c8 (1 1213.00 0 1213.00 0 1213.00){0.00 0.00 0.00 0.00 485.20 0}{485.20 0.00 0.00 0.00 970.40 0}{970.40 1213.00 1213.00 1213.00 1455.60 1}{1455.60 0.00 0.00 0.00 1940.80 0}{1940.80 0.00 0.00 0.00 2426.00 0}
LOOP0: iter: ( 16 )[ 1 -1 0 24 1 ] mem: ( 1 )[ 1 -1 0 24 1 ]
12 131072 
14 12 
3c 1002 
3d ( 0 131072 262144 393216 524288 655360 786432 917504 1048576 1179648 1310720 1441792 1572864 1703936 1835008 1966080 )[ 1 -1 0 1 0 ]
3d ( 2097152 2228224 2359296 2490368 2621440 2752512 2883584 3014656 3145728 3276800 3407872 3538944 3670016 3801088 3932160 4063232 )[ 1 -1 1 1 0 ]
3d ( 6291456 6422528 6553600 6684672 6815744 6946816 7077888 7208960 7340032 7471104 7602176 7733248 7864320 7995392 8126464 8257536 )[ 1 -1 3 1 0 ]
3d ( 14680064 14811136 14942208 15073280 15204352 15335424 15466496 15597568 15728640 15859712 15990784 16121856 16252928 16384000 16515072 16646144 )[ 1 -1 7 1 0 ]
3d ( 31457280 31588352 31719424 31850496 31981568 32112640 32243712 32374784 32505856 32636928 32768000 32899072 33030144 33161216 33292288 33423360 )[ 1 -1 15 1 0 ]
3d ( 48234496 48365568 48496640 48627712 48758784 48889856 49020928 49152000 49283072 49414144 49545216 49676288 49807360 49938432 50069504 50200576 )[ 1 -1 23 1 0 ]
3d ( 23068672 23199744 23330816 23461888 23592960 23724032 23855104 23986176 24117248 24248320 24379392 24510464 24641536 24772608 24903680 25034752 )[ 1 -1 11 1 0 ]
3d ( 39845888 39976960 40108032 40239104 40370176 40501248 40632320 40763392 40894464 41025536 41156608 41287680 41418752 41549824 41680896 41811968 )[ 1 -1 19 1 0 ]
3d ( 10485760 10616832 10747904 10878976 11010048 11141120 11272192 11403264 11534336 11665408 11796480 11927552 12058624 12189696 12320768 12451840 )[ 1 -1 5 1 0 ]
3d ( 18874368 19005440 19136512 19267584 19398656 19529728 19660800 19791872 19922944 20054016 20185088 20316160 20447232 20578304 20709376 20840448 )[ 1 -1 9 1 0 ]
3d ( 35651584 35782656 35913728 36044800 36175872 36306944 36438016 36569088 36700160 36831232 36962304 37093376 37224448 37355520 37486592 37617664 )[ 1 -1 17 1 0 ]
3d ( 27262976 27394048 27525120 27656192 27787264 27918336 28049408 28180480 28311552 28442624 28573696 28704768 28835840 28966912 29097984 29229056 )[ 1 -1 13 1 0 ]
3d ( 44040192 44171264 44302336 44433408 44564480 44695552 44826624 44957696 45088768 45219840 45350912 45481984 45613056 45744128 45875200 46006272 )[ 1 -1 21 1 0 ]
3d ( 4194304 4325376 4456448 4587520 4718592 4849664 4980736 5111808 5242880 5373952 5505024 5636096 5767168 5898240 6029312 6160384 )[ 1 -1 2 1 0 ]
3d ( 8388608 8519680 8650752 8781824 8912896 9043968 9175040 9306112 9437184 9568256 9699328 9830400 9961472 10092544 10223616 10354688 )[ 1 -1 4 1 0 ]
3d ( 16777216 16908288 17039360 17170432 17301504 17432576 17563648 17694720 17825792 17956864 18087936 18219008 18350080 18481152 18612224 18743296 )[ 1 -1 8 1 0 ]
3d ( 33554432 33685504 33816576 33947648 34078720 34209792 34340864 34471936 34603008 34734080 34865152 34996224 35127296 35258368 35389440 35520512 )[ 1 -1 16 1 0 ]
3d ( 25165824 25296896 25427968 25559040 25690112 25821184 25952256 26083328 26214400 26345472 26476544 26607616 26738688 26869760 27000832 27131904 )[ 1 -1 12 1 0 ]
3d ( 41943040 42074112 42205184 42336256 42467328 42598400 42729472 42860544 42991616 43122688 43253760 43384832 43515904 43646976 43778048 43909120 )[ 1 -1 20 1 0 ]
3d ( 12582912 12713984 12845056 12976128 13107200 13238272 13369344 13500416 13631488 13762560 13893632 14024704 14155776 14286848 14417920 14548992 )[ 1 -1 6 1 0 ]
3d ( 20971520 21102592 21233664 21364736 21495808 21626880 21757952 21889024 22020096 22151168 22282240 22413312 22544384 22675456 22806528 22937600 )[ 1 -1 10 1 0 ]
3d ( 37748736 37879808 38010880 38141952 38273024 38404096 38535168 38666240 38797312 38928384 39059456 39190528 39321600 39452672 39583744 39714816 )[ 1 -1 18 1 0 ]
3d ( 29360128 29491200 29622272 29753344 29884416 30015488 30146560 30277632 30408704 30539776 30670848 30801920 30932992 31064064 31195136 31326208 )[ 1 -1 14 1 0 ]
3d ( 46137344 46268416 46399488 46530560 46661632 46792704 46923776 47054848 47185920 47316992 47448064 47579136 47710208 47841280 47972352 48103424 )[ 1 -1 22 1 0 ]

RANKS: 1 -1 0 24 1
EVENT44: 1183 496b2e_496d6d_496dcd_46b6dc_4621ad_4592c8
COMP 51-0: 495934_495c58_495d39_46b48b_46551c_462061_4592c8 (24 117.84 17 48.00 3 295.00){0.00 48.00 48.50 49.00 49.60 2}{49.60 53.00 88.00 98.00 99.20 5}{99.20 101.00 124.38 163.00 198.40 16}{198.40 0.00 0.00 0.00 248.00 0}{248.00 295.00 295.00 295.00 342.00 1}
3c 1002 
52 14131979 

RANKS: 1 -1 0 24 1
EVENT45: 1171 491686_491ab6_491b7b_46be3a_462211_4592c8
COMP 51-0: 496b2e_496d6d_496dcd_46b6dc_4621ad_4592c8 (24 26.04 1 11.00 0 30.00){0.00 11.00 11.00 11.00 12.00 3}{12.00 24.00 24.00 24.00 24.00 1}{24.00 25.00 28.20 30.00 36.00 20}{36.00 0.00 0.00 0.00 48.00 0}{48.00 0.00 0.00 0.00 60.00 0}
COMM 51-0: 496b2e_496d6d_496dcd_46b6dc_4621ad_4592c8 (24 1141645.36 1 25976.00 15 1228688.00){0.00 25976.00 25976.00 25976.00 489987.20 1}{489987.20 821564.00 825144.00 828724.00 979974.40 2}{979974.40 1217067.00 1220947.71 1228688.00 1469961.60 21}{1469961.60 0.00 0.00 0.00 1959948.80 0}{1959948.80 0.00 0.00 0.00 2449936.00 0}
10 1000 
3a :/pvfs2/chunk.dat  
3b 2 
3c 1003 
52 1138274 

RANKS: 1 -1 0 24 1
EVENT46: 1183 496b2e_496d6d_496dcd_46bfdd_462211_4592c8
COMP 51-0: 491686_491ab6_491b7b_46be3a_462211_4592c8 (24 1680.76 15 814.00 16 2580.00){0.00 0.00 0.00 0.00 780.80 0}{780.80 814.00 1139.33 1488.00 1561.60 6}{1561.60 1627.83 1708.00 2048.00 2342.40 15}{2342.40 2465.00 2537.00 2580.00 3123.20 3}{3123.20 0.00 0.00 0.00 3904.00 0}
3c 1003 
52 1721 

RANKS: 1 -1 0 24 1
EVENT47: 1004 46e310_46e630_46e710_46c1e0_462211_4592c8
COMP 51-0: 496b2e_496d6d_496dcd_46bfdd_462211_4592c8 (24 13.40 0 10.00 12 26.00){0.00 0.00 0.00 0.00 4.00 0}{4.00 0.00 0.00 0.00 8.00 0}{8.00 10.00 10.33 11.00 12.00 6}{12.00 12.56 13.31 16.00 20.00 16}{20.00 24.00 25.00 26.00 32.00 2}
10 1000 
12 1 
14 38 
18 2 

RANKS: 1 -1 0 24 1
EVENT48: 1004 46e310_46e630_46e710_46c2e0_462211_4592c8
COMP 51-0: 46e310_46e630_46e710_46c1e0_462211_4592c8 (24 14.44 15 10.00 16 53.00){0.00 0.00 0.00 0.00 4.40 0}{4.40 0.00 0.00 0.00 8.80 0}{8.80 10.00 11.36 13.00 13.20 14}{13.20 13.83 13.88 14.00 22.00 8}{22.00 27.00 40.00 53.00 84.00 2}
10 1000 
12 1 
14 38 
18 1 

RANKS: 1 -1 0 24 1
EVENT49: 1004 46e310_46e630_46e710_459de7_462227_4592c8
COMP 51-0: 46e310_46e630_46e710_46c2e0_462211_4592c8 (24 13.28 7 10.00 16 27.00){0.00 0.00 0.00 0.00 4.40 0}{4.40 0.00 0.00 0.00 8.80 0}{8.80 10.00 11.29 13.00 13.20 14}{13.20 13.50 13.75 15.00 22.00 8}{22.00 26.00 26.50 27.00 32.00 2}
10 1000 
12 1 
14 38 
18 3 

RANKS: 1 -1 0 24 1
EVENT50: 1104 48214b_4824b0_4825ae_45d3dc_462268_4592c8
COMP 51-0: 46e310_46e630_46e710_459de7_462227_4592c8 (24 15.32 23 11.00 16 37.00){0.00 0.00 0.00 0.00 5.60 0}{5.60 11.00 11.00 11.00 11.20 2}{11.20 12.00 13.95 16.00 16.80 19}{16.80 18.00 22.50 27.00 28.00 2}{28.00 37.00 37.00 37.00 46.00 1}
COMP 51-1: 48214b_4824b0_4825ae_45d3dc_462268_4592c8 (264 13.62 15 8.00 4 65.00){0.00 0.00 0.00 0.00 4.40 0}{4.40 8.00 12.51 15.00 17.60 243}{17.60 18.00 19.00 20.00 22.00 3}{22.00 25.60 25.65 26.40 30.80 17}{30.80 65.00 65.00 65.00 99.20 1}
LOOP0: iter: ( 12 )[ 1 -1 0 24 1 ] mem: ( 1 )[ 1 -1 0 24 1 ]
10 1000 
12 1 
14 10 
18 2 1 
19 0 

RANKS: 1 -1 0 24 1
EVENT51: 1010 470bed_470de3_470e43_462676_4592c8
COMP 51-0: 48214b_4824b0_4825ae_45d3dc_462268_4592c8 (24 17.36 0 10.00 8 106.00){0.00 0.00 0.00 0.00 8.00 0}{8.00 10.00 10.50 11.00 12.00 2}{12.00 12.90 13.55 15.00 20.00 20}{20.00 26.00 26.00 26.00 32.00 1}{32.00 106.00 106.00 106.00 180.00 1}
10 1000 

RANKS: 1 -1 0 1 0
EVENT52: 1184 497051_4972e3_497353_46b9a3_45db5e_462786_4592c8
COMP 51-0: 470bed_470de3_470e43_462676_4592c8 (1 2272.00 0 2272.00 0 2272.00){0.00 0.00 0.00 0.00 908.80 0}{908.80 0.00 0.00 0.00 1817.60 0}{1817.60 2272.00 2272.00 2272.00 2726.40 1}{2726.40 0.00 0.00 0.00 3635.20 0}{3635.20 0.00 0.00 0.00 4544.00 0}
3a :/pvfs2/chunk.dat  

RANKS: 1 -1 0 24 1
EVENT53: 1010 470bed_470de3_470e43_4627a3_4592c8
COMP 51-0: 470bed_470de3_470e43_462676_4592c8 (23 18.54 7 9.00 4 82.00){0.00 9.00 9.00 9.00 9.60 3}{9.60 11.00 14.75 19.00 19.20 16}{19.20 24.00 25.33 27.00 38.40 3}{38.40 0.00 0.00 0.00 48.00 0}{48.00 82.00 82.00 82.00 116.00 1}
COMP 51-1: 497051_4972e3_497353_46b9a3_45db5e_462786_4592c8 (1 15.00 0 15.00 0 15.00){0.00 0.00 0.00 0.00 6.00 0}{6.00 0.00 0.00 0.00 12.00 0}{12.00 15.00 15.00 15.00 18.00 1}{18.00 0.00 0.00 0.00 24.00 0}{24.00 0.00 0.00 0.00 30.00 0}
10 1000 

RANKS: 1 -1 0 1 0
EVENT54: 1169 4a4ea5_4a5137_4a51d4_45f333_4628d3_4592c8
COMP 51-0: 470bed_470de3_470e43_4627a3_4592c8 (1 31.00 0 31.00 0 31.00){0.00 0.00 0.00 0.00 12.40 0}{12.40 0.00 0.00 0.00 24.80 0}{24.80 31.00 31.00 31.00 37.20 1}{37.20 0.00 0.00 0.00 49.60 0}{49.60 0.00 0.00 0.00 62.00 0}
11 1 
12 109 
49 0 

RANKS: 1 -1 0 1 0
EVENT55: 1169 4a4ea5_4a5137_4a51d4_45f358_4628d3_4592c8
COMP 51-0: 4a4ea5_4a5137_4a51d4_45f333_4628d3_4592c8 (1 9.00 0 9.00 0 9.00){0.00 0.00 0.00 0.00 3.60 0}{3.60 0.00 0.00 0.00 7.20 0}{7.20 9.00 9.00 9.00 10.80 1}{10.80 0.00 0.00 0.00 14.40 0}{14.40 0.00 0.00 0.00 18.00 0}
11 1 
12 87 
49 0 

RANKS: 1 -1 0 1 0
EVENT56: 1169 4a4ea5_4a5137_4a51d4_45f384_4628d3_4592c8
COMP 51-0: 4a4ea5_4a5137_4a51d4_45f358_4628d3_4592c8 (1 11.00 0 11.00 0 11.00){0.00 0.00 0.00 0.00 4.40 0}{4.40 0.00 0.00 0.00 8.80 0}{8.80 11.00 11.00 11.00 13.20 1}{13.20 0.00 0.00 0.00 17.60 0}{17.60 0.00 0.00 0.00 22.00 0}
11 1 
12 108 
49 0 

RANKS: 1 -1 0 1 0
EVENT57: 1169 4a4ea5_4a5137_4a51d4_45f764_4628d3_4592c8
COMP 51-0: 4a4ea5_4a5137_4a51d4_45f384_4628d3_4592c8 (1 35.00 0 35.00 0 35.00){0.00 0.00 0.00 0.00 14.00 0}{14.00 0.00 0.00 0.00 28.00 0}{28.00 35.00 35.00 35.00 42.00 1}{42.00 0.00 0.00 0.00 56.00 0}{56.00 0.00 0.00 0.00 70.00 0}
11 1 
12 6 
49 0 

RANKS: 1 -1 0 1 0
EVENT58: 1169 4a4ea5_4a5137_4a51d4_45fb4a_4628d3_4592c8
COMP 51-0: 4a4ea5_4a5137_4a51d4_45f764_4628d3_4592c8 (1 22.00 0 22.00 0 22.00){0.00 0.00 0.00 0.00 8.80 0}{8.80 0.00 0.00 0.00 17.60 0}{17.60 22.00 22.00 22.00 26.40 1}{26.40 0.00 0.00 0.00 35.20 0}{35.20 0.00 0.00 0.00 44.00 0}
11 1 
12 6 
49 0 

RANKS: 1 -1 0 24 1
EVENT59: 1028 474931_474af2_474b52_4628dd_4592c8
COMP 51-0: 470bed_470de3_470e43_4627a3_4592c8 (23 96.50 4 33.00 10 309.00){0.00 0.00 0.00 0.00 32.00 0}{32.00 33.00 59.88 93.00 96.00 17}{96.00 103.00 114.00 125.00 128.00 2}{128.00 160.00 160.00 160.00 160.00 1}{160.00 225.00 276.67 309.00 432.00 3}
COMP 51-1: 4a4ea5_4a5137_4a51d4_45fb4a_4628d3_4592c8 (1 25.00 0 25.00 0 25.00){0.00 0.00 0.00 0.00 10.00 0}{10.00 0.00 0.00 0.00 20.00 0}{20.00 25.00 25.00 25.00 30.00 1}{30.00 0.00 0.00 0.00 40.00 0}{40.00 0.00 0.00 0.00 50.00 0}
10 1000 

RANKS: 1 -1 0 24 1
EVENT60: 1010 470bed_470de3_470e43_462a58_4592c8
COMP 51-0: 474931_474af2_474b52_4628dd_4592c8 (24 10.88 1 10.00 1 12.00){0.00 0.00 0.00 0.00 4.40 0}{4.40 0.00 0.00 0.00 8.80 0}{8.80 10.00 10.88 12.00 13.20 24}{13.20 0.00 0.00 0.00 17.60 0}{17.60 0.00 0.00 0.00 22.00 0}
10 2 

RANKS: 1 -1 0 24 1
EVENT61: 1045 476acc_476b3d_476b81_4593a5
COMP 51-0: 470bed_470de3_470e43_462a58_4592c8 (24 186.84 12 78.00 16 391.00){0.00 0.00 0.00 0.00 55.60 0}{55.60 78.00 78.00 78.00 111.20 1}{111.20 125.50 134.00 144.00 166.80 6}{166.80 177.50 203.69 264.00 278.00 16}{278.00 391.00 391.00 391.00 504.00 1}
52 76231 

