RANKS: 1 -1 0 8 1
EVENT0: 1084 47cb68_47cc13_47cc5f_458f9f
33 2 
34 0 

RANKS: 1 -1 0 1 0
EVENT1: 1102 4810ba_481457_481550_45ae8b_45db7f_459218
COMP 51-0: 47cb68_47cc13_47cc5f_458f9f (1 106.00 0 106.00 0 106.00){0.00 0.00 0.00 0.00 42.40 0}{42.40 0.00 0.00 0.00 84.80 0}{84.80 106.00 106.00 106.00 127.20 1}{127.20 0.00 0.00 0.00 169.60 0}{169.60 0.00 0.00 0.00 212.00 0}
COMP 51-1: 4810ba_481457_481550_45ae8b_45db7f_459218 (6 21.14 0 10.00 0 29.00){0.00 10.00 10.00 10.00 11.60 2}{11.60 16.00 16.00 16.00 23.20 1}{23.20 27.00 27.67 29.00 34.80 3}{34.80 0.00 0.00 0.00 46.40 0}{46.40 0.00 0.00 0.00 58.00 0}
LOOP0: iter: ( 7 )[ 1 -1 0 1 0 ] mem: ( 1 )[ 1 -1 0 1 0 ]
10 2 
12 1024 
14 1 
1b 0 
2b 2147483647 

RANKS: 1 -1 1 7 1
EVENT2: 1113 485d8d_4860ce_4861a5_45afe1_45db7f_459218
COMP 51-0: 47cb68_47cc13_47cc5f_458f9f (7 92.12 5 39.00 3 139.00){0.00 39.00 40.50 42.00 44.40 2}{44.40 0.00 0.00 0.00 88.80 0}{88.80 89.00 101.50 113.00 133.20 4}{133.20 139.00 139.00 139.00 177.60 1}{177.60 0.00 0.00 0.00 222.00 0}
10 2 
12 1024 
14 1 
1a ( 7 )[ 1 -1 1 1 0 ]
1a ( 5 )[ 1 -1 3 1 0 ]
1a ( 1 )[ 1 -1 7 1 0 ]
1a ( 3 )[ 1 -1 5 1 0 ]
1a ( 6 )[ 1 -1 2 1 0 ]
1a ( 4 )[ 1 -1 4 1 0 ]
1a ( 2 )[ 1 -1 6 1 0 ]
1b 0 

RANKS: 1 -1 0 8 1
EVENT3: 1011 471052_47133e_4713fd_45b0e2_45db7f_459218
COMP 51-0: 4810ba_481457_481550_45ae8b_45db7f_459218 (1 18.00 0 18.00 0 18.00){0.00 0.00 0.00 0.00 7.20 0}{7.20 0.00 0.00 0.00 14.40 0}{14.40 18.00 18.00 18.00 21.60 1}{21.60 0.00 0.00 0.00 28.80 0}{28.80 0.00 0.00 0.00 36.00 0}
COMP 51-1: 485d8d_4860ce_4861a5_45afe1_45db7f_459218 (7 39.00 6 20.00 7 81.00){0.00 0.00 0.00 0.00 14.40 0}{14.40 20.00 20.50 21.00 28.80 2}{28.80 34.00 38.50 43.00 57.60 4}{57.60 0.00 0.00 0.00 72.00 0}{72.00 81.00 81.00 81.00 90.00 1}
10 2 
12 1 
14 3 
19 0 

RANKS: 1 -1 0 8 1
EVENT4: 1167 4a4646_4a4872_4a48cc_468bac_468df4_45db91_459218
COMP 51-0: 471052_47133e_4713fd_45b0e2_45db7f_459218 (8 1460.00 7 992.00 0 1825.00){0.00 0.00 0.00 0.00 730.00 0}{730.00 992.00 1168.75 1357.00 1460.00 4}{1460.00 1554.00 1660.00 1825.00 2190.00 4}{2190.00 0.00 0.00 0.00 2920.00 0}{2920.00 0.00 0.00 0.00 3650.00 0}
49 0 
52 51631 

RANKS: 1 -1 0 8 1
EVENT5: 1011 471052_47133e_4713fd_45b7a0_45dba2_459218
COMP 51-0: 4a4646_4a4872_4a48cc_468bac_468df4_45db91_459218 (8 26.56 1 14.00 0 43.00){0.00 14.00 15.80 17.00 17.20 5}{17.20 33.00 33.00 33.00 34.40 1}{34.40 41.00 42.00 43.00 51.60 2}{51.60 0.00 0.00 0.00 68.80 0}{68.80 0.00 0.00 0.00 86.00 0}
10 2 
12 4 
14 12 
19 0 

RANKS: 1 -1 0 8 1
EVENT6: 1010 470bed_470de3_470e43_462b44_45dbc8_459218
COMP 51-0: 471052_47133e_4713fd_45b7a0_45dba2_459218 (8 53.00 1 38.00 4 72.00){0.00 0.00 0.00 0.00 26.40 0}{26.40 38.00 40.80 45.00 52.80 5}{52.80 66.00 69.00 72.00 79.20 3}{79.20 0.00 0.00 0.00 105.60 0}{105.60 0.00 0.00 0.00 132.00 0}
10 2 

RANKS: 1 -1 0 8 1
EVENT7: 1104 48214b_4824b0_4825ae_462c42_45dbc8_459218
COMP 51-0: 470bed_470de3_470e43_462b44_45dbc8_459218 (8 36.00 1 20.00 7 75.00){0.00 0.00 0.00 0.00 18.00 0}{18.00 20.00 23.00 26.00 36.00 5}{36.00 44.00 44.50 45.00 54.00 2}{54.00 0.00 0.00 0.00 72.00 0}{72.00 75.00 75.00 75.00 90.00 1}
10 2 
12 1 
14 10 
18 2 
19 0 

RANKS: 1 -1 0 8 1
EVENT8: 1104 48214b_4824b0_4825ae_462d4c_45dbc8_459218
COMP 51-0: 48214b_4824b0_4825ae_462c42_45dbc8_459218 (8 17.11 6 9.00 4 24.00){0.00 9.00 9.00 9.00 9.20 1}{9.20 10.00 13.00 16.00 18.40 4}{18.40 23.00 23.33 24.00 27.60 3}{27.60 0.00 0.00 0.00 36.80 0}{36.80 0.00 0.00 0.00 46.00 0}
10 2 
12 1 
14 10 
18 1 
19 0 

RANKS: 1 -1 0 8 1
EVENT9: 1011 471052_47133e_4713fd_462e50_45dbc8_459218
COMP 51-0: 48214b_4824b0_4825ae_462d4c_45dbc8_459218 (8 17.78 3 9.00 0 29.00){0.00 9.00 9.00 9.00 11.60 3}{11.60 12.00 15.33 22.00 23.20 3}{23.20 29.00 29.00 29.00 34.80 2}{34.80 0.00 0.00 0.00 46.40 0}{46.40 0.00 0.00 0.00 58.00 0}
10 2 
12 1 
14 10 
19 0 

RANKS: 1 -1 0 8 1
EVENT10: 1011 471052_47133e_4713fd_4675bc_45dbe2_459218
COMP 51-0: 471052_47133e_4713fd_462e50_45dbc8_459218 (8 14.89 6 8.00 7 23.00){0.00 8.00 8.00 8.00 8.80 1}{8.80 9.00 9.25 10.00 17.60 4}{17.60 22.00 22.33 23.00 26.40 3}{26.40 0.00 0.00 0.00 35.20 0}{35.20 0.00 0.00 0.00 44.00 0}
10 2 
12 1 
14 3 
19 0 

RANKS: 1 -1 0 1 0
EVENT11: 1169 4a4ea5_4a5137_4a51d4_45dd54_4592a1
COMP 51-0: 471052_47133e_4713fd_4675bc_45dbe2_459218 (1 228.00 0 228.00 0 228.00){0.00 0.00 0.00 0.00 91.20 0}{91.20 0.00 0.00 0.00 182.40 0}{182.40 228.00 228.00 228.00 273.60 1}{273.60 0.00 0.00 0.00 364.80 0}{364.80 0.00 0.00 0.00 456.00 0}
11 1 
12 18 
49 0 

RANKS: 1 -1 0 8 1
EVENT12: 1030 474d46_474f75_474fe5_45fced_4592c8
COMP 51-0: 471052_47133e_4713fd_4675bc_45dbe2_459218 (7 35.75 5 21.00 7 47.00){0.00 0.00 0.00 0.00 13.20 0}{13.20 21.00 21.00 21.00 26.40 1}{26.40 33.00 34.33 36.00 39.60 3}{39.60 41.00 43.00 47.00 52.80 3}{52.80 0.00 0.00 0.00 66.00 0}
COMP 51-1: 4a4ea5_4a5137_4a51d4_45dd54_4592a1 (1 2658.00 0 2658.00 0 2658.00){0.00 0.00 0.00 0.00 1063.20 0}{1063.20 0.00 0.00 0.00 2126.40 0}{2126.40 2658.00 2658.00 2658.00 3189.60 1}{3189.60 0.00 0.00 0.00 4252.80 0}{4252.80 0.00 0.00 0.00 5316.00 0}
10 2 

RANKS: 1 -1 0 8 1
EVENT13: 1066 47b541_47b880_47b91f_45fdf8_4592c8
COMP 51-0: 474d46_474f75_474fe5_45fced_4592c8 (8 20.78 3 12.00 0 32.00){0.00 12.00 12.00 12.00 12.80 1}{12.80 13.00 13.00 13.00 25.60 4}{25.60 29.00 30.33 32.00 38.40 3}{38.40 0.00 0.00 0.00 51.20 0}{51.20 0.00 0.00 0.00 64.00 0}
b 0 7 1 
12 1 
21 1000 

RANKS: 1 -1 0 8 1
EVENT14: 1026 473ecc_47414c_4741cf_45fede_4592c8
COMP 51-0: 47b541_47b880_47b91f_45fdf8_4592c8 (8 19.78 1 12.00 7 32.00){0.00 0.00 0.00 0.00 10.40 0}{10.40 12.00 13.80 17.00 20.80 5}{20.80 25.00 25.50 26.00 31.20 2}{31.20 32.00 32.00 32.00 41.60 1}{41.60 0.00 0.00 0.00 52.00 0}
10 2 
21 1001 

RANKS: 1 -1 0 1 0
EVENT15: 1102 4810ba_481457_481550_45ae8b_460142_4592c8
COMP 51-0: 473ecc_47414c_4741cf_45fede_4592c8 (1 181.00 0 181.00 0 181.00){0.00 0.00 0.00 0.00 72.40 0}{72.40 0.00 0.00 0.00 144.80 0}{144.80 181.00 181.00 181.00 217.20 1}{217.20 0.00 0.00 0.00 289.60 0}{289.60 0.00 0.00 0.00 362.00 0}
COMP 51-1: 4810ba_481457_481550_45ae8b_460142_4592c8 (6 25.57 0 23.00 0 29.00){0.00 0.00 0.00 0.00 11.60 0}{11.60 23.00 23.00 23.00 23.20 2}{23.20 24.00 26.00 29.00 34.80 4}{34.80 0.00 0.00 0.00 46.40 0}{46.40 0.00 0.00 0.00 58.00 0}
LOOP0: iter: ( 7 )[ 1 -1 0 1 0 ] mem: ( 1 )[ 1 -1 0 1 0 ]
10 1000 
12 1024 
14 1 
1b 0 
2b 2147483647 

RANKS: 1 -1 1 7 1
EVENT16: 1113 485d8d_4860ce_4861a5_45afe1_460142_4592c8
COMP 51-0: 473ecc_47414c_4741cf_45fede_4592c8 (7 54.75 5 14.00 3 136.00){0.00 0.00 0.00 0.00 6.40 0}{6.40 0.00 0.00 0.00 12.80 0}{12.80 14.00 15.00 16.00 32.00 2}{32.00 52.00 64.00 77.00 102.00 4}{102.00 136.00 136.00 136.00 170.00 1}
10 1000 
12 1024 
14 1 
1a ( 7 )[ 1 -1 1 1 0 ]
1a ( 5 )[ 1 -1 3 1 0 ]
1a ( 1 )[ 1 -1 7 1 0 ]
1a ( 3 )[ 1 -1 5 1 0 ]
1a ( 6 )[ 1 -1 2 1 0 ]
1a ( 4 )[ 1 -1 4 1 0 ]
1a ( 2 )[ 1 -1 6 1 0 ]
1b 0 

RANKS: 1 -1 0 8 1
EVENT17: 1011 471052_47133e_4713fd_45b0e2_460142_4592c8
COMP 51-0: 4810ba_481457_481550_45ae8b_460142_4592c8 (1 24.00 0 24.00 0 24.00){0.00 0.00 0.00 0.00 9.60 0}{9.60 0.00 0.00 0.00 19.20 0}{19.20 24.00 24.00 24.00 28.80 1}{28.80 0.00 0.00 0.00 38.40 0}{38.40 0.00 0.00 0.00 48.00 0}
COMP 51-1: 485d8d_4860ce_4861a5_45afe1_460142_4592c8 (7 12.75 1 9.00 7 23.00){0.00 0.00 0.00 0.00 3.60 0}{3.60 0.00 0.00 0.00 7.20 0}{7.20 9.00 9.40 10.00 14.40 5}{14.40 0.00 0.00 0.00 18.00 0}{18.00 23.00 23.00 23.00 28.00 2}
10 1000 
12 1 
14 3 
19 0 

RANKS: 1 -1 0 1 0
EVENT18: 1169 4a4ea5_4a5137_4a51d4_45e063_4608cf_4592c8
COMP 51-0: 471052_47133e_4713fd_45b0e2_460142_4592c8 (1 37.00 0 37.00 0 37.00){0.00 0.00 0.00 0.00 14.80 0}{14.80 0.00 0.00 0.00 29.60 0}{29.60 37.00 37.00 37.00 44.40 1}{44.40 0.00 0.00 0.00 59.20 0}{59.20 0.00 0.00 0.00 74.00 0}
11 1 
12 10 
49 0 

RANKS: 1 -1 0 1 0
EVENT19: 1169 4a4ea5_4a5137_4a51d4_45e0c0_4608cf_4592c8
COMP 51-0: 4a4ea5_4a5137_4a51d4_45e063_4608cf_4592c8 (1 46.00 0 46.00 0 46.00){0.00 0.00 0.00 0.00 18.40 0}{18.40 0.00 0.00 0.00 36.80 0}{36.80 46.00 46.00 46.00 55.20 1}{55.20 0.00 0.00 0.00 73.60 0}{73.60 0.00 0.00 0.00 92.00 0}
11 1 
12 22 
49 0 

RANKS: 1 -1 0 1 0
EVENT20: 1169 4a4ea5_4a5137_4a51d4_45e106_4608cf_4592c8
COMP 51-0: 4a4ea5_4a5137_4a51d4_45e0c0_4608cf_4592c8 (1 21.00 0 21.00 0 21.00){0.00 0.00 0.00 0.00 8.40 0}{8.40 0.00 0.00 0.00 16.80 0}{16.80 21.00 21.00 21.00 25.20 1}{25.20 0.00 0.00 0.00 33.60 0}{33.60 0.00 0.00 0.00 42.00 0}
11 1 
12 18 
49 0 

RANKS: 1 -1 0 1 0
EVENT21: 1169 4a4ea5_4a5137_4a51d4_45e16f_4608cf_4592c8
COMP 51-0: 4a4ea5_4a5137_4a51d4_45e106_4608cf_4592c8 (1 22.00 0 22.00 0 22.00){0.00 0.00 0.00 0.00 8.80 0}{8.80 0.00 0.00 0.00 17.60 0}{17.60 22.00 22.00 22.00 26.40 1}{26.40 0.00 0.00 0.00 35.20 0}{35.20 0.00 0.00 0.00 44.00 0}
11 1 
12 12 
49 0 

RANKS: 1 -1 0 1 0
EVENT22: 1169 4a4ea5_4a5137_4a51d4_45e1db_4608cf_4592c8
COMP 51-0: 4a4ea5_4a5137_4a51d4_45e16f_4608cf_4592c8 (1 30.00 0 30.00 0 30.00){0.00 0.00 0.00 0.00 12.00 0}{12.00 0.00 0.00 0.00 24.00 0}{24.00 30.00 30.00 30.00 36.00 1}{36.00 0.00 0.00 0.00 48.00 0}{48.00 0.00 0.00 0.00 60.00 0}
11 1 
12 44 
49 0 

RANKS: 1 -1 0 1 0
EVENT23: 1169 4a4ea5_4a5137_4a51d4_45e1f6_4608cf_4592c8
COMP 51-0: 4a4ea5_4a5137_4a51d4_45e1db_4608cf_4592c8 (1 22.00 0 22.00 0 22.00){0.00 0.00 0.00 0.00 8.80 0}{8.80 0.00 0.00 0.00 17.60 0}{17.60 22.00 22.00 22.00 26.40 1}{26.40 0.00 0.00 0.00 35.20 0}{35.20 0.00 0.00 0.00 44.00 0}
11 1 
12 21 
49 0 

RANKS: 1 -1 0 1 0
EVENT24: 1169 4a4ea5_4a5137_4a51d4_45e21f_4608cf_4592c8
COMP 51-0: 4a4ea5_4a5137_4a51d4_45e1f6_4608cf_4592c8 (1 35.00 0 35.00 0 35.00){0.00 0.00 0.00 0.00 14.00 0}{14.00 0.00 0.00 0.00 28.00 0}{28.00 35.00 35.00 35.00 42.00 1}{42.00 0.00 0.00 0.00 56.00 0}{56.00 0.00 0.00 0.00 70.00 0}
11 1 
12 20 
49 0 

RANKS: 1 -1 0 1 0
EVENT25: 1169 4a4ea5_4a5137_4a51d4_45e257_4608cf_4592c8
COMP 51-0: 4a4ea5_4a5137_4a51d4_45e21f_4608cf_4592c8 (1 22.00 0 22.00 0 22.00){0.00 0.00 0.00 0.00 8.80 0}{8.80 0.00 0.00 0.00 17.60 0}{17.60 22.00 22.00 22.00 26.40 1}{26.40 0.00 0.00 0.00 35.20 0}{35.20 0.00 0.00 0.00 44.00 0}
11 1 
12 21 
49 0 

RANKS: 1 -1 0 1 0
EVENT26: 1169 4a4ea5_4a5137_4a51d4_45e28e_4608cf_4592c8
COMP 51-0: 4a4ea5_4a5137_4a51d4_45e257_4608cf_4592c8 (1 22.00 0 22.00 0 22.00){0.00 0.00 0.00 0.00 8.80 0}{8.80 0.00 0.00 0.00 17.60 0}{17.60 22.00 22.00 22.00 26.40 1}{26.40 0.00 0.00 0.00 35.20 0}{35.20 0.00 0.00 0.00 44.00 0}
11 1 
12 18 
49 0 

RANKS: 1 -1 0 8 1
EVENT27: 1011 471052_47133e_4713fd_460ac3_4592c8
COMP 51-0: 471052_47133e_4713fd_45b0e2_460142_4592c8 (7 18.50 1 13.00 7 35.00){0.00 0.00 0.00 0.00 5.20 0}{5.20 0.00 0.00 0.00 10.40 0}{10.40 13.00 13.75 15.00 15.60 4}{15.60 16.00 16.00 16.00 26.00 1}{26.00 29.00 32.00 35.00 44.00 2}
COMP 51-1: 4a4ea5_4a5137_4a51d4_45e28e_4608cf_4592c8 (1 75.00 0 75.00 0 75.00){0.00 0.00 0.00 0.00 30.00 0}{30.00 0.00 0.00 0.00 60.00 0}{60.00 75.00 75.00 75.00 90.00 1}{90.00 0.00 0.00 0.00 120.00 0}{120.00 0.00 0.00 0.00 150.00 0}
10 1000 
12 1 
14 7 
19 0 

RANKS: 1 -1 0 8 1
EVENT28: 1010 470bed_470de3_470e43_460d4a_4592c8
COMP 51-0: 471052_47133e_4713fd_460ac3_4592c8 (8 568.67 2 14.00 0 2466.00){0.00 14.00 26.57 52.00 986.40 7}{986.40 0.00 0.00 0.00 1972.80 0}{1972.80 2466.00 2466.00 2466.00 2959.20 1}{2959.20 0.00 0.00 0.00 3945.60 0}{3945.60 0.00 0.00 0.00 4932.00 0}
10 1000 

RANKS: 1 -1 0 8 1
EVENT29: 1171 491686_491ab6_491b7b_46a744_46a481_460e5a_4592c8
COMP 51-0: 470bed_470de3_470e43_460d4a_4592c8 (8 40.44 7 25.00 0 80.00){0.00 25.00 29.14 32.00 32.00 7}{32.00 0.00 0.00 0.00 64.00 0}{64.00 80.00 80.00 80.00 96.00 1}{96.00 0.00 0.00 0.00 128.00 0}{128.00 0.00 0.00 0.00 160.00 0}
COMM 51-0: 470bed_470de3_470e43_460d4a_4592c8 (8 68779.11 0 68696.00 7 68838.00){0.00 0.00 0.00 0.00 27478.40 0}{27478.40 0.00 0.00 0.00 54956.80 0}{54956.80 68696.00 68789.50 68838.00 82435.20 8}{82435.20 0.00 0.00 0.00 109913.60 0}{109913.60 0.00 0.00 0.00 137392.00 0}
10 1000 
3a :/pvfs2/chunk.dat  
3b 41 
3c 1000 
52 78730 

RANKS: 1 -1 0 1 0
EVENT30: 1169 4a4ea5_4a5137_4a51d4_460f96_4592c8
COMP 51-0: 491686_491ab6_491b7b_46a744_46a481_460e5a_4592c8 (1 36.00 0 36.00 0 36.00){0.00 0.00 0.00 0.00 14.40 0}{14.40 0.00 0.00 0.00 28.80 0}{28.80 36.00 36.00 36.00 43.20 1}{43.20 0.00 0.00 0.00 57.60 0}{57.60 0.00 0.00 0.00 72.00 0}
11 1 
12 35 
49 0 

RANKS: 1 -1 0 8 1
EVENT31: 1176 493ca4_493fc8_4940a9_46b48b_465436_460ff4_4592c8
COMP 51-0: 491686_491ab6_491b7b_46a744_46a481_460e5a_4592c8 (7 306.38 6 230.00 1 517.00){0.00 0.00 0.00 0.00 206.80 0}{206.80 230.00 236.17 241.00 413.60 6}{413.60 517.00 517.00 517.00 620.40 1}{620.40 0.00 0.00 0.00 827.20 0}{827.20 0.00 0.00 0.00 1034.00 0}
COMP 51-1: 493ca4_493fc8_4940a9_46b48b_465436_460ff4_4592c8 (120 35.77 6 12.00 5 247.00){0.00 12.00 13.00 14.00 15.60 2}{15.60 16.00 24.12 31.11 31.20 39}{31.20 32.00 38.51 43.00 46.80 75}{46.80 49.00 62.33 75.00 78.00 3}{78.00 247.00 247.00 247.00 416.00 1}
COMP 51-2: 4a4ea5_4a5137_4a51d4_460f96_4592c8 (1 573.00 0 573.00 0 573.00){0.00 0.00 0.00 0.00 229.20 0}{229.20 0.00 0.00 0.00 458.40 0}{458.40 573.00 573.00 573.00 687.60 1}{687.60 0.00 0.00 0.00 916.80 0}{916.80 0.00 0.00 0.00 1146.00 0}
LOOP0: iter: ( 16 )[ 1 -1 0 8 1 ] mem: ( 1 )[ 1 -1 0 8 1 ]
12 131072 
14 12 
3c 1000 
3d ( 0 131072 262144 393216 524288 655360 786432 917504 1048576 1179648 1310720 1441792 1572864 1703936 1835008 1966080 )[ 1 -1 0 1 0 ]
3d ( 2097152 2228224 2359296 2490368 2621440 2752512 2883584 3014656 3145728 3276800 3407872 3538944 3670016 3801088 3932160 4063232 )[ 1 -1 1 1 0 ]
3d ( 6291456 6422528 6553600 6684672 6815744 6946816 7077888 7208960 7340032 7471104 7602176 7733248 7864320 7995392 8126464 8257536 )[ 1 -1 3 1 0 ]
3d ( 14680064 14811136 14942208 15073280 15204352 15335424 15466496 15597568 15728640 15859712 15990784 16121856 16252928 16384000 16515072 16646144 )[ 1 -1 7 1 0 ]
3d ( 10485760 10616832 10747904 10878976 11010048 11141120 11272192 11403264 11534336 11665408 11796480 11927552 12058624 12189696 12320768 12451840 )[ 1 -1 5 1 0 ]
3d ( 4194304 4325376 4456448 4587520 4718592 4849664 4980736 5111808 5242880 5373952 5505024 5636096 5767168 5898240 6029312 6160384 )[ 1 -1 2 1 0 ]
3d ( 8388608 8519680 8650752 8781824 8912896 9043968 9175040 9306112 9437184 9568256 9699328 9830400 9961472 10092544 10223616 10354688 )[ 1 -1 4 1 0 ]
3d ( 12582912 12713984 12845056 12976128 13107200 13238272 13369344 13500416 13631488 13762560 13893632 14024704 14155776 14286848 14417920 14548992 )[ 1 -1 6 1 0 ]

RANKS: 1 -1 0 8 1
EVENT32: 1183 496b2e_496d6d_496dcd_46b6dc_461140_4592c8
COMP 51-0: 493ca4_493fc8_4940a9_46b48b_465436_460ff4_4592c8 (8 145.00 5 103.00 1 228.00){0.00 0.00 0.00 0.00 50.40 0}{50.40 0.00 0.00 0.00 100.80 0}{100.80 103.00 131.83 150.00 151.20 6}{151.20 160.00 160.00 160.00 201.60 1}{201.60 228.00 228.00 228.00 252.00 1}
3c 1000 
52 207216 

RANKS: 1 -1 0 8 1
EVENT33: 1010 470bed_470de3_470e43_4612a4_4592c8
COMP 51-0: 496b2e_496d6d_496dcd_46b6dc_461140_4592c8 (8 28.67 5 24.00 4 56.00){0.00 0.00 0.00 0.00 10.00 0}{10.00 0.00 0.00 0.00 20.00 0}{20.00 24.00 25.29 27.00 40.00 7}{40.00 0.00 0.00 0.00 50.00 0}{50.00 56.00 56.00 56.00 62.00 1}
10 1000 

RANKS: 1 -1 0 8 1
EVENT34: 1171 491686_491ab6_491b7b_46be3a_461465_4592c8
COMP 51-0: 470bed_470de3_470e43_4612a4_4592c8 (8 28.67 0 26.00 1 43.00){0.00 0.00 0.00 0.00 10.40 0}{10.40 0.00 0.00 0.00 20.80 0}{20.80 26.00 27.00 28.00 31.20 7}{31.20 0.00 0.00 0.00 41.60 0}{41.60 43.00 43.00 43.00 52.00 1}
COMM 51-0: 470bed_470de3_470e43_4612a4_4592c8 (8 9054.22 7 8547.00 7 9186.00){0.00 0.00 0.00 0.00 3650.00 0}{3650.00 0.00 0.00 0.00 7300.00 0}{7300.00 8547.00 9045.38 9186.00 10950.00 8}{10950.00 0.00 0.00 0.00 14600.00 0}{14600.00 0.00 0.00 0.00 18250.00 0}
10 1000 
3a :/pvfs2/chunk.dat  
3b 2 
3c 1001 
52 10391 

RANKS: 1 -1 0 8 1
EVENT35: 1183 496b2e_496d6d_496dcd_46bfdd_461465_4592c8
COMP 51-0: 491686_491ab6_491b7b_46be3a_461465_4592c8 (8 1078.44 1 866.00 4 1304.00){0.00 0.00 0.00 0.00 481.20 0}{481.20 866.00 899.67 947.00 962.40 3}{962.40 1043.00 1160.80 1304.00 1443.60 5}{1443.60 0.00 0.00 0.00 1924.80 0}{1924.80 0.00 0.00 0.00 2406.00 0}
3c 1001 
52 1141 

RANKS: 1 -1 0 8 1
EVENT36: 1004 46e310_46e630_46e710_46c1e0_461465_4592c8
COMP 51-0: 496b2e_496d6d_496dcd_46bfdd_461465_4592c8 (8 33.78 3 31.00 2 36.00){0.00 0.00 0.00 0.00 13.60 0}{13.60 0.00 0.00 0.00 27.20 0}{27.20 31.00 33.75 36.00 40.80 8}{40.80 0.00 0.00 0.00 54.40 0}{54.40 0.00 0.00 0.00 68.00 0}
10 1000 
12 1 
14 38 
18 2 

RANKS: 1 -1 0 8 1
EVENT37: 1004 46e310_46e630_46e710_46c2e0_461465_4592c8
COMP 51-0: 46e310_46e630_46e710_46c1e0_461465_4592c8 (8 24.56 3 23.00 0 25.00){0.00 0.00 0.00 0.00 10.00 0}{10.00 0.00 0.00 0.00 20.00 0}{20.00 23.00 24.50 25.00 30.00 8}{30.00 0.00 0.00 0.00 40.00 0}{40.00 0.00 0.00 0.00 50.00 0}
10 1000 
12 1 
14 38 
18 1 

RANKS: 1 -1 0 8 1
EVENT38: 1004 46e310_46e630_46e710_459de7_46147b_4592c8
COMP 51-0: 46e310_46e630_46e710_46c2e0_461465_4592c8 (8 24.56 6 23.00 1 26.00){0.00 0.00 0.00 0.00 10.00 0}{10.00 0.00 0.00 0.00 20.00 0}{20.00 23.00 24.50 26.00 30.00 8}{30.00 0.00 0.00 0.00 40.00 0}{40.00 0.00 0.00 0.00 50.00 0}
10 1000 
12 1 
14 38 
18 3 

RANKS: 1 -1 0 8 1
EVENT39: 1104 48214b_4824b0_4825ae_45d3dc_4614bc_4592c8
COMP 51-0: 46e310_46e630_46e710_459de7_46147b_4592c8 (8 34.56 0 29.00 5 47.00){0.00 0.00 0.00 0.00 11.60 0}{11.60 0.00 0.00 0.00 23.20 0}{23.20 29.00 32.40 34.00 34.80 5}{34.80 35.00 36.50 38.00 46.40 2}{46.40 47.00 47.00 47.00 58.00 1}
COMP 51-1: 48214b_4824b0_4825ae_45d3dc_4614bc_4592c8 (88 25.88 7 22.00 4 53.00){0.00 0.00 0.00 0.00 18.40 0}{18.40 22.00 25.19 27.00 27.60 83}{27.60 28.00 30.33 35.00 36.80 3}{36.80 45.00 45.00 45.00 46.00 1}{46.00 53.00 53.00 53.00 60.00 1}
LOOP0: iter: ( 12 )[ 1 -1 0 8 1 ] mem: ( 1 )[ 1 -1 0 8 1 ]
10 1000 
12 1 
14 10 
18 2 1 
19 0 

RANKS: 1 -1 0 8 1
EVENT40: 1010 470bed_470de3_470e43_461d7f_4592c8
COMP 51-0: 48214b_4824b0_4825ae_45d3dc_4614bc_4592c8 (8 30.33 7 27.00 0 32.00){0.00 0.00 0.00 0.00 12.80 0}{12.80 0.00 0.00 0.00 25.60 0}{25.60 27.00 30.12 32.00 38.40 8}{38.40 0.00 0.00 0.00 51.20 0}{51.20 0.00 0.00 0.00 64.00 0}
10 1000 

RANKS: 1 -1 0 8 1
EVENT41: 1171 491686_491ab6_491b7b_46a744_461e8f_4592c8
COMP 51-0: 470bed_470de3_470e43_461d7f_4592c8 (8 39.89 2 36.00 7 60.00){0.00 0.00 0.00 0.00 15.20 0}{15.20 0.00 0.00 0.00 30.40 0}{30.40 36.00 37.29 38.00 45.60 7}{45.60 60.00 60.00 60.00 60.80 1}{60.80 0.00 0.00 0.00 76.00 0}
COMM 51-0: 470bed_470de3_470e43_461d7f_4592c8 (8 9254.00 7 8726.00 7 9999.00){0.00 0.00 0.00 0.00 3894.80 0}{3894.80 0.00 0.00 0.00 7789.60 0}{7789.60 8726.00 9193.62 9999.00 11684.40 8}{11684.40 0.00 0.00 0.00 15579.20 0}{15579.20 0.00 0.00 0.00 19474.00 0}
10 1000 
3a :/pvfs2/chunk.dat  
3b 41 
3c 1002 
52 15377 

RANKS: 1 -1 0 1 0
EVENT42: 1169 4a4ea5_4a5137_4a51d4_462003_4592c8
COMP 51-0: 491686_491ab6_491b7b_46a744_461e8f_4592c8 (1 18.00 0 18.00 0 18.00){0.00 0.00 0.00 0.00 7.20 0}{7.20 0.00 0.00 0.00 14.40 0}{14.40 18.00 18.00 18.00 21.60 1}{21.60 0.00 0.00 0.00 28.80 0}{28.80 0.00 0.00 0.00 36.00 0}
11 1 
12 34 
49 0 

RANKS: 1 -1 0 8 1
EVENT43: 1180 495934_495c58_495d39_46b48b_46551c_462061_4592c8
COMP 51-0: 491686_491ab6_491b7b_46a744_461e8f_4592c8 (7 561.75 3 517.00 4 617.00){0.00 0.00 0.00 0.00 220.00 0}{220.00 0.00 0.00 0.00 440.00 0}{440.00 517.00 563.43 617.00 660.00 7}{660.00 0.00 0.00 0.00 880.00 0}{880.00 0.00 0.00 0.00 1100.00 0}
COMP 51-1: 495934_495c58_495d39_46b48b_46551c_462061_4592c8 (120 34.61 1 14.00 4 158.00){0.00 0.00 0.00 0.00 12.80 0}{12.80 14.00 17.00 25.00 25.60 42}{25.60 28.00 40.23 44.00 46.00 70}{46.00 48.00 69.14 81.00 94.00 7}{94.00 158.00 158.00 158.00 222.00 1}
COMP 51-2: 4a4ea5_4a5137_4a51d4_462003_4592c8 (1 241.00 0 241.00 0 241.00){0.00 0.00 0.00 0.00 96.40 0}{96.40 0.00 0.00 0.00 192.80 0}{192.80 241.00 241.00 241.00 289.20 1}{289.20 0.00 0.00 0.00 385.60 0}{385.60 0.00 0.00 0.00 482.00 0}
LOOP0: iter: ( 16 )[ 1 -1 0 8 1 ] mem: ( 1 )[ 1 -1 0 8 1 ]
12 131072 
14 12 
3c 1002 
3d ( 0 131072 262144 393216 524288 655360 786432 917504 1048576 1179648 1310720 1441792 1572864 1703936 1835008 1966080 )[ 1 -1 0 1 0 ]
3d ( 2097152 2228224 2359296 2490368 2621440 2752512 2883584 3014656 3145728 3276800 3407872 3538944 3670016 3801088 3932160 4063232 )[ 1 -1 1 1 0 ]
3d ( 6291456 6422528 6553600 6684672 6815744 6946816 7077888 7208960 7340032 7471104 7602176 7733248 7864320 7995392 8126464 8257536 )[ 1 -1 3 1 0 ]
3d ( 14680064 14811136 14942208 15073280 15204352 15335424 15466496 15597568 15728640 15859712 15990784 16121856 16252928 16384000 16515072 16646144 )[ 1 -1 7 1 0 ]
3d ( 10485760 10616832 10747904 10878976 11010048 11141120 11272192 11403264 11534336 11665408 11796480 11927552 12058624 12189696 12320768 12451840 )[ 1 -1 5 1 0 ]
3d ( 4194304 4325376 4456448 4587520 4718592 4849664 4980736 5111808 5242880 5373952 5505024 5636096 5767168 5898240 6029312 6160384 )[ 1 -1 2 1 0 ]
3d ( 8388608 8519680 8650752 8781824 8912896 9043968 9175040 9306112 9437184 9568256 9699328 9830400 9961472 10092544 10223616 10354688 )[ 1 -1 4 1 0 ]
3d ( 12582912 12713984 12845056 12976128 13107200 13238272 13369344 13500416 13631488 13762560 13893632 14024704 14155776 14286848 14417920 14548992 )[ 1 -1 6 1 0 ]

RANKS: 1 -1 0 8 1
EVENT44: 1183 496b2e_496d6d_496dcd_46b6dc_4621ad_4592c8
COMP 51-0: 495934_495c58_495d39_46b48b_46551c_462061_4592c8 (8 110.22 0 74.00 7 158.00){0.00 0.00 0.00 0.00 59.20 0}{59.20 74.00 74.00 74.00 88.80 1}{88.80 99.00 104.33 111.00 118.40 3}{118.40 121.00 124.33 128.00 148.00 3}{148.00 158.00 158.00 158.00 168.00 1}
3c 1002 
52 7961476 

RANKS: 1 -1 0 8 1
EVENT45: 1171 491686_491ab6_491b7b_46be3a_462211_4592c8
COMP 51-0: 496b2e_496d6d_496dcd_46b6dc_4621ad_4592c8 (8 25.56 0 12.00 4 54.00){0.00 0.00 0.00 0.00 4.80 0}{4.80 0.00 0.00 0.00 9.60 0}{9.60 12.00 12.50 13.00 24.00 2}{24.00 26.00 27.80 29.00 30.00 5}{30.00 54.00 54.00 54.00 78.00 1}
COMM 51-0: 496b2e_496d6d_496dcd_46b6dc_4621ad_4592c8 (8 144029.89 4 8800.00 6 211853.00){0.00 8800.00 10910.00 13304.00 84494.40 3}{84494.40 0.00 0.00 0.00 168988.80 0}{168988.80 208745.00 210460.60 211853.00 253483.20 5}{253483.20 0.00 0.00 0.00 337977.60 0}{337977.60 0.00 0.00 0.00 422472.00 0}
10 1000 
3a :/pvfs2/chunk.dat  
3b 2 
3c 1003 
52 135752 

RANKS: 1 -1 0 8 1
EVENT46: 1183 496b2e_496d6d_496dcd_46bfdd_462211_4592c8
COMP 51-0: 491686_491ab6_491b7b_46be3a_462211_4592c8 (8 1170.11 6 888.00 0 1397.00){0.00 0.00 0.00 0.00 558.80 0}{558.80 888.00 946.00 1004.00 1117.60 2}{1117.60 1141.50 1207.00 1397.00 1676.40 6}{1676.40 0.00 0.00 0.00 2235.20 0}{2235.20 0.00 0.00 0.00 2794.00 0}
3c 1003 
52 1201 

RANKS: 1 -1 0 8 1
EVENT47: 1004 46e310_46e630_46e710_46c1e0_462211_4592c8
COMP 51-0: 496b2e_496d6d_496dcd_46bfdd_462211_4592c8 (8 21.33 7 11.00 5 31.00){0.00 0.00 0.00 0.00 10.00 0}{10.00 11.00 11.33 12.00 20.00 3}{20.00 25.00 25.50 26.00 30.00 4}{30.00 31.00 31.00 31.00 40.00 1}{40.00 0.00 0.00 0.00 50.00 0}
10 1000 
12 1 
14 38 
18 2 

RANKS: 1 -1 0 8 1
EVENT48: 1004 46e310_46e630_46e710_46c2e0_462211_4592c8
COMP 51-0: 46e310_46e630_46e710_46c1e0_462211_4592c8 (8 17.22 5 9.00 1 24.00){0.00 9.00 9.00 9.00 9.20 2}{9.20 10.00 10.00 10.00 18.40 2}{18.40 23.00 23.50 24.00 27.60 4}{27.60 0.00 0.00 0.00 36.80 0}{36.80 0.00 0.00 0.00 46.00 0}
10 1000 
12 1 
14 38 
18 1 

RANKS: 1 -1 0 8 1
EVENT49: 1004 46e310_46e630_46e710_459de7_462227_4592c8
COMP 51-0: 46e310_46e630_46e710_46c2e0_462211_4592c8 (8 17.67 7 10.00 0 24.00){0.00 0.00 0.00 0.00 9.60 0}{9.60 10.00 10.00 10.00 19.20 4}{19.20 23.00 23.75 24.00 28.80 4}{28.80 0.00 0.00 0.00 38.40 0}{38.40 0.00 0.00 0.00 48.00 0}
10 1000 
12 1 
14 38 
18 3 

RANKS: 1 -1 0 8 1
EVENT50: 1104 48214b_4824b0_4825ae_45d3dc_462268_4592c8
COMP 51-0: 46e310_46e630_46e710_459de7_462227_4592c8 (8 19.33 7 11.00 0 26.00){0.00 0.00 0.00 0.00 10.40 0}{10.40 11.00 11.00 11.00 20.80 4}{20.80 26.00 26.00 26.00 31.20 4}{31.20 0.00 0.00 0.00 41.60 0}{41.60 0.00 0.00 0.00 52.00 0}
COMP 51-1: 48214b_4824b0_4825ae_45d3dc_462268_4592c8 (88 17.60 7 9.00 1 31.00){0.00 0.00 0.00 0.00 8.80 0}{8.80 9.00 9.89 12.00 17.60 44}{17.60 22.00 24.84 26.00 26.40 38}{26.40 26.75 27.50 31.00 35.20 6}{35.20 0.00 0.00 0.00 44.00 0}
LOOP0: iter: ( 12 )[ 1 -1 0 8 1 ] mem: ( 1 )[ 1 -1 0 8 1 ]
10 1000 
12 1 
14 10 
18 2 1 
19 0 

RANKS: 1 -1 0 8 1
EVENT51: 1010 470bed_470de3_470e43_462676_4592c8
COMP 51-0: 48214b_4824b0_4825ae_45d3dc_462268_4592c8 (8 18.67 7 10.00 0 26.00){0.00 10.00 10.00 10.00 10.40 3}{10.40 11.00 11.00 11.00 20.80 1}{20.80 24.00 25.25 26.00 31.20 4}{31.20 0.00 0.00 0.00 41.60 0}{41.60 0.00 0.00 0.00 52.00 0}
10 1000 

RANKS: 1 -1 0 1 0
EVENT52: 1184 497051_4972e3_497353_46b9a3_45db5e_462786_4592c8
COMP 51-0: 470bed_470de3_470e43_462676_4592c8 (1 2579.00 0 2579.00 0 2579.00){0.00 0.00 0.00 0.00 1031.60 0}{1031.60 0.00 0.00 0.00 2063.20 0}{2063.20 2579.00 2579.00 2579.00 3094.80 1}{3094.80 0.00 0.00 0.00 4126.40 0}{4126.40 0.00 0.00 0.00 5158.00 0}
3a :/pvfs2/chunk.dat  

RANKS: 1 -1 0 8 1
EVENT53: 1010 470bed_470de3_470e43_4627a3_4592c8
COMP 51-0: 470bed_470de3_470e43_462676_4592c8 (7 15.25 7 8.00 1 23.00){0.00 8.00 8.75 9.00 9.20 4}{9.20 0.00 0.00 0.00 18.40 0}{18.40 20.00 21.33 23.00 27.60 3}{27.60 0.00 0.00 0.00 36.80 0}{36.80 0.00 0.00 0.00 46.00 0}
COMP 51-1: 497051_4972e3_497353_46b9a3_45db5e_462786_4592c8 (1 36.00 0 36.00 0 36.00){0.00 0.00 0.00 0.00 14.40 0}{14.40 0.00 0.00 0.00 28.80 0}{28.80 36.00 36.00 36.00 43.20 1}{43.20 0.00 0.00 0.00 57.60 0}{57.60 0.00 0.00 0.00 72.00 0}
10 1000 

RANKS: 1 -1 0 1 0
EVENT54: 1169 4a4ea5_4a5137_4a51d4_45f333_4628d3_4592c8
COMP 51-0: 470bed_470de3_470e43_4627a3_4592c8 (1 60.00 0 60.00 0 60.00){0.00 0.00 0.00 0.00 24.00 0}{24.00 0.00 0.00 0.00 48.00 0}{48.00 60.00 60.00 60.00 72.00 1}{72.00 0.00 0.00 0.00 96.00 0}{96.00 0.00 0.00 0.00 120.00 0}
11 1 
12 109 
49 0 

RANKS: 1 -1 0 1 0
EVENT55: 1169 4a4ea5_4a5137_4a51d4_45f358_4628d3_4592c8
COMP 51-0: 4a4ea5_4a5137_4a51d4_45f333_4628d3_4592c8 (1 21.00 0 21.00 0 21.00){0.00 0.00 0.00 0.00 8.40 0}{8.40 0.00 0.00 0.00 16.80 0}{16.80 21.00 21.00 21.00 25.20 1}{25.20 0.00 0.00 0.00 33.60 0}{33.60 0.00 0.00 0.00 42.00 0}
11 1 
12 87 
49 0 

RANKS: 1 -1 0 1 0
EVENT56: 1169 4a4ea5_4a5137_4a51d4_45f384_4628d3_4592c8
COMP 51-0: 4a4ea5_4a5137_4a51d4_45f358_4628d3_4592c8 (1 27.00 0 27.00 0 27.00){0.00 0.00 0.00 0.00 10.80 0}{10.80 0.00 0.00 0.00 21.60 0}{21.60 27.00 27.00 27.00 32.40 1}{32.40 0.00 0.00 0.00 43.20 0}{43.20 0.00 0.00 0.00 54.00 0}
11 1 
12 108 
49 0 

RANKS: 1 -1 0 1 0
EVENT57: 1169 4a4ea5_4a5137_4a51d4_45f764_4628d3_4592c8
COMP 51-0: 4a4ea5_4a5137_4a51d4_45f384_4628d3_4592c8 (1 72.00 0 72.00 0 72.00){0.00 0.00 0.00 0.00 28.80 0}{28.80 0.00 0.00 0.00 57.60 0}{57.60 72.00 72.00 72.00 86.40 1}{86.40 0.00 0.00 0.00 115.20 0}{115.20 0.00 0.00 0.00 144.00 0}
11 1 
12 6 
49 0 

RANKS: 1 -1 0 1 0
EVENT58: 1169 4a4ea5_4a5137_4a51d4_45fb4a_4628d3_4592c8
COMP 51-0: 4a4ea5_4a5137_4a51d4_45f764_4628d3_4592c8 (1 54.00 0 54.00 0 54.00){0.00 0.00 0.00 0.00 21.60 0}{21.60 0.00 0.00 0.00 43.20 0}{43.20 54.00 54.00 54.00 64.80 1}{64.80 0.00 0.00 0.00 86.40 0}{86.40 0.00 0.00 0.00 108.00 0}
11 1 
12 6 
49 0 

RANKS: 1 -1 0 8 1
EVENT59: 1028 474931_474af2_474b52_4628dd_4592c8
COMP 51-0: 470bed_470de3_470e43_4627a3_4592c8 (7 47.62 6 36.00 4 89.00){0.00 0.00 0.00 0.00 17.20 0}{17.20 0.00 0.00 0.00 34.40 0}{34.40 36.00 41.50 45.00 68.80 6}{68.80 0.00 0.00 0.00 86.00 0}{86.00 89.00 89.00 89.00 92.00 1}
COMP 51-1: 4a4ea5_4a5137_4a51d4_45fb4a_4628d3_4592c8 (1 65.00 0 65.00 0 65.00){0.00 0.00 0.00 0.00 26.00 0}{26.00 0.00 0.00 0.00 52.00 0}{52.00 65.00 65.00 65.00 78.00 1}{78.00 0.00 0.00 0.00 104.00 0}{104.00 0.00 0.00 0.00 130.00 0}
10 1000 

RANKS: 1 -1 0 8 1
EVENT60: 1010 470bed_470de3_470e43_462a58_4592c8
COMP 51-0: 474931_474af2_474b52_4628dd_4592c8 (8 16.89 1 10.00 4 29.00){0.00 10.00 10.00 10.00 10.40 1}{10.40 11.00 12.20 15.00 20.80 5}{20.80 26.00 27.50 29.00 31.20 2}{31.20 0.00 0.00 0.00 41.60 0}{41.60 0.00 0.00 0.00 52.00 0}
10 2 

RANKS: 1 -1 0 8 1
EVENT61: 1045 476acc_476b3d_476b81_4593a5
COMP 51-0: 470bed_470de3_470e43_462a58_4592c8 (8 106.00 0 101.00 7 109.00){0.00 0.00 0.00 0.00 40.40 0}{40.40 0.00 0.00 0.00 80.80 0}{80.80 101.00 106.62 109.00 121.20 8}{121.20 0.00 0.00 0.00 161.60 0}{161.60 0.00 0.00 0.00 202.00 0}
52 67401 

