RANKS: 1 -1 0 16 1
EVENT0: 1084 47cb68_47cc13_47cc5f_458f9f
33 2 
34 0 

RANKS: 1 -1 0 1 0
EVENT1: 1102 4810ba_481457_481550_45ae8b_45db7f_459218
COMP 51-0: 47cb68_47cc13_47cc5f_458f9f (1 85.00 0 85.00 0 85.00){0.00 0.00 0.00 0.00 34.00 0}{34.00 0.00 0.00 0.00 68.00 0}{68.00 85.00 85.00 85.00 102.00 1}{102.00 0.00 0.00 0.00 136.00 0}{136.00 0.00 0.00 0.00 170.00 0}
COMP 51-1: 4810ba_481457_481550_45ae8b_45db7f_459218 (14 26.73 0 23.00 0 41.00){0.00 0.00 0.00 0.00 11.20 0}{11.20 0.00 0.00 0.00 22.40 0}{22.40 23.00 24.83 28.00 33.60 12}{33.60 34.00 37.50 41.00 44.80 2}{44.80 0.00 0.00 0.00 56.00 0}
LOOP0: iter: ( 15 )[ 1 -1 0 1 0 ] mem: ( 1 )[ 1 -1 0 1 0 ]
10 2 
12 1024 
14 1 
1b 0 
2b 2147483647 

RANKS: 1 -1 1 15 1
EVENT2: 1113 485d8d_4860ce_4861a5_45afe1_45db7f_459218
COMP 51-0: 47cb68_47cc13_47cc5f_458f9f (15 75.94 10 42.00 13 129.00){0.00 42.00 42.00 42.00 44.00 1}{44.00 45.00 51.20 63.00 66.00 5}{66.00 68.00 88.57 110.00 110.00 7}{110.00 113.00 113.00 113.00 116.00 1}{116.00 129.00 129.00 129.00 142.00 1}
10 2 
12 1024 
14 1 
1a ( 15 )[ 1 -1 1 1 0 ]
1a ( 13 )[ 1 -1 3 1 0 ]
1a ( 9 )[ 1 -1 7 1 0 ]
1a ( 1 )[ 1 -1 15 1 0 ]
1a ( 5 )[ 1 -1 11 1 0 ]
1a ( 11 )[ 1 -1 5 1 0 ]
1a ( 7 )[ 1 -1 9 1 0 ]
1a ( 3 )[ 1 -1 13 1 0 ]
1a ( 14 )[ 1 -1 2 1 0 ]
1a ( 12 )[ 1 -1 4 1 0 ]
1a ( 8 )[ 1 -1 8 1 0 ]
1a ( 4 )[ 1 -1 12 1 0 ]
1a ( 10 )[ 1 -1 6 1 0 ]
1a ( 6 )[ 1 -1 10 1 0 ]
1a ( 2 )[ 1 -1 14 1 0 ]
1b 0 

RANKS: 1 -1 0 16 1
EVENT3: 1011 471052_47133e_4713fd_45b0e2_45db7f_459218
COMP 51-0: 4810ba_481457_481550_45ae8b_45db7f_459218 (1 38.00 0 38.00 0 38.00){0.00 0.00 0.00 0.00 15.20 0}{15.20 0.00 0.00 0.00 30.40 0}{30.40 38.00 38.00 38.00 45.60 1}{45.60 0.00 0.00 0.00 60.80 0}{60.80 0.00 0.00 0.00 76.00 0}
COMP 51-1: 485d8d_4860ce_4861a5_45afe1_45db7f_459218 (15 22.62 10 14.00 9 45.00){0.00 0.00 0.00 0.00 6.00 0}{6.00 0.00 0.00 0.00 12.00 0}{12.00 14.00 14.50 15.00 18.00 2}{18.00 18.67 19.80 23.00 30.00 10}{30.00 34.00 40.00 45.00 60.00 3}
10 2 
12 1 
14 3 
19 0 

RANKS: 1 -1 0 16 1
EVENT4: 1167 4a4646_4a4872_4a48cc_468bac_468df4_45db91_459218
COMP 51-0: 471052_47133e_4713fd_45b0e2_45db7f_459218 (16 2477.29 8 1735.00 11 3331.00){0.00 0.00 0.00 0.00 1088.00 0}{1088.00 1735.00 2004.60 2124.00 2176.00 5}{2176.00 2252.00 2604.00 3001.00 3264.00 10}{3264.00 3331.00 3331.00 3331.00 4352.00 1}{4352.00 0.00 0.00 0.00 5440.00 0}
49 0 
52 108111 

RANKS: 1 -1 0 16 1
EVENT5: 1011 471052_47133e_4713fd_45b7a0_45dba2_459218
COMP 51-0: 4a4646_4a4872_4a48cc_468bac_468df4_45db91_459218 (16 25.94 4 14.00 15 178.00){0.00 0.00 0.00 0.00 8.40 0}{8.40 14.00 15.58 16.00 16.80 12}{16.80 17.00 18.33 21.00 33.60 3}{33.60 0.00 0.00 0.00 42.00 0}{42.00 178.00 178.00 178.00 314.00 1}
10 2 
12 4 
14 12 
19 0 

RANKS: 1 -1 0 16 1
EVENT6: 1010 470bed_470de3_470e43_462b44_45dbc8_459218
COMP 51-0: 471052_47133e_4713fd_45b7a0_45dba2_459218 (16 47.06 11 20.00 15 248.00){0.00 0.00 0.00 0.00 12.80 0}{12.80 20.00 20.50 21.00 25.60 2}{25.60 32.00 36.36 37.25 38.40 11}{38.40 39.00 39.50 40.00 64.00 2}{64.00 248.00 248.00 248.00 432.00 1}
10 2 

RANKS: 1 -1 0 16 1
EVENT7: 1104 48214b_4824b0_4825ae_462c42_45dbc8_459218
COMP 51-0: 470bed_470de3_470e43_462b44_45dbc8_459218 (16 28.88 4 19.00 10 70.00){0.00 0.00 0.00 0.00 8.80 0}{8.80 0.00 0.00 0.00 17.60 0}{17.60 19.00 22.08 24.00 35.20 13}{35.20 0.00 0.00 0.00 44.00 0}{44.00 53.00 60.67 70.00 74.00 3}
10 2 
12 1 
14 10 
18 2 
19 0 

RANKS: 1 -1 0 16 1
EVENT8: 1104 48214b_4824b0_4825ae_462d4c_45dbc8_459218
COMP 51-0: 48214b_4824b0_4825ae_462c42_45dbc8_459218 (16 15.24 3 9.00 5 55.00){0.00 0.00 0.00 0.00 4.00 0}{4.00 0.00 0.00 0.00 8.00 0}{8.00 9.00 10.85 13.00 20.00 13}{20.00 23.00 23.00 23.00 26.00 1}{26.00 30.00 42.50 55.00 84.00 2}
10 2 
12 1 
14 10 
18 1 
19 0 

RANKS: 1 -1 0 16 1
EVENT9: 1011 471052_47133e_4713fd_462e50_45dbc8_459218
COMP 51-0: 48214b_4824b0_4825ae_462d4c_45dbc8_459218 (16 12.41 7 8.00 15 23.00){0.00 0.00 0.00 0.00 4.80 0}{4.80 8.00 8.75 9.00 9.60 8}{9.60 12.00 12.20 13.00 14.40 5}{14.40 0.00 0.00 0.00 19.20 0}{19.20 22.00 22.67 23.00 24.00 3}
10 2 
12 1 
14 10 
19 0 

RANKS: 1 -1 0 16 1
EVENT10: 1011 471052_47133e_4713fd_4675bc_45dbe2_459218
COMP 51-0: 471052_47133e_4713fd_462e50_45dbc8_459218 (16 11.53 1 9.00 5 24.00){0.00 0.00 0.00 0.00 4.80 0}{4.80 9.00 9.10 9.25 9.60 10}{9.60 10.00 11.50 13.00 14.40 4}{14.40 0.00 0.00 0.00 19.20 0}{19.20 23.00 23.50 24.00 24.00 2}
10 2 
12 1 
14 3 
19 0 

RANKS: 1 -1 0 1 0
EVENT11: 1169 4a4ea5_4a5137_4a51d4_45dd54_4592a1
COMP 51-0: 471052_47133e_4713fd_4675bc_45dbe2_459218 (1 103.00 0 103.00 0 103.00){0.00 0.00 0.00 0.00 41.20 0}{41.20 0.00 0.00 0.00 82.40 0}{82.40 103.00 103.00 103.00 123.60 1}{123.60 0.00 0.00 0.00 164.80 0}{164.80 0.00 0.00 0.00 206.00 0}
11 1 
12 18 
49 0 

RANKS: 1 -1 0 16 1
EVENT12: 1030 474d46_474f75_474fe5_45fced_4592c8
COMP 51-0: 471052_47133e_4713fd_4675bc_45dbe2_459218 (15 40.38 2 18.00 3 105.00){0.00 0.00 0.00 0.00 9.20 0}{9.20 18.00 18.00 18.00 18.40 1}{18.40 19.00 23.78 32.00 46.00 9}{46.00 48.00 49.00 50.00 50.00 2}{50.00 84.00 97.67 105.00 118.00 3}
COMP 51-1: 4a4ea5_4a5137_4a51d4_45dd54_4592a1 (1 157.00 0 157.00 0 157.00){0.00 0.00 0.00 0.00 62.80 0}{62.80 0.00 0.00 0.00 125.60 0}{125.60 157.00 157.00 157.00 188.40 1}{188.40 0.00 0.00 0.00 251.20 0}{251.20 0.00 0.00 0.00 314.00 0}
10 2 

RANKS: 1 -1 0 16 1
EVENT13: 1066 47b541_47b880_47b91f_45fdf8_4592c8
COMP 51-0: 474d46_474f75_474fe5_45fced_4592c8 (16 15.59 9 12.00 5 30.00){0.00 0.00 0.00 0.00 6.00 0}{6.00 12.00 12.00 12.00 12.00 1}{12.00 13.00 13.77 16.00 18.00 13}{18.00 0.00 0.00 0.00 24.00 0}{24.00 29.00 29.50 30.00 30.00 2}
b 0 15 1 
12 1 
21 1000 

RANKS: 1 -1 0 16 1
EVENT14: 1026 473ecc_47414c_4741cf_45fede_4592c8
COMP 51-0: 47b541_47b880_47b91f_45fdf8_4592c8 (16 19.29 0 11.00 2 84.00){0.00 0.00 0.00 0.00 8.80 0}{8.80 11.00 11.20 12.00 13.20 5}{13.20 14.00 14.75 17.00 22.00 8}{22.00 26.00 29.50 33.00 44.00 2}{44.00 84.00 84.00 84.00 124.00 1}
10 2 
21 1001 

RANKS: 1 -1 0 1 0
EVENT15: 1102 4810ba_481457_481550_45ae8b_460142_4592c8
COMP 51-0: 473ecc_47414c_4741cf_45fede_4592c8 (1 24.00 0 24.00 0 24.00){0.00 0.00 0.00 0.00 9.60 0}{9.60 0.00 0.00 0.00 19.20 0}{19.20 24.00 24.00 24.00 28.80 1}{28.80 0.00 0.00 0.00 38.40 0}{38.40 0.00 0.00 0.00 48.00 0}
COMP 51-1: 4810ba_481457_481550_45ae8b_460142_4592c8 (14 9.40 0 9.00 0 10.00){0.00 0.00 0.00 0.00 3.60 0}{3.60 0.00 0.00 0.00 7.20 0}{7.20 9.00 9.43 10.00 10.80 14}{10.80 0.00 0.00 0.00 14.40 0}{14.40 0.00 0.00 0.00 18.00 0}
LOOP0: iter: ( 15 )[ 1 -1 0 1 0 ] mem: ( 1 )[ 1 -1 0 1 0 ]
10 1000 
12 1024 
14 1 
1b 0 
2b 2147483647 

RANKS: 1 -1 1 15 1
EVENT16: 1113 485d8d_4860ce_4861a5_45afe1_460142_4592c8
COMP 51-0: 473ecc_47414c_4741cf_45fede_4592c8 (15 53.12 3 14.00 5 323.00){0.00 14.00 16.71 20.00 24.80 7}{24.80 26.00 34.00 49.00 49.60 3}{49.60 60.00 61.50 63.00 99.20 4}{99.20 0.00 0.00 0.00 124.00 0}{124.00 323.00 323.00 323.00 522.00 1}
10 1000 
12 1024 
14 1 
1a ( 15 )[ 1 -1 1 1 0 ]
1a ( 13 )[ 1 -1 3 1 0 ]
1a ( 9 )[ 1 -1 7 1 0 ]
1a ( 1 )[ 1 -1 15 1 0 ]
1a ( 5 )[ 1 -1 11 1 0 ]
1a ( 11 )[ 1 -1 5 1 0 ]
1a ( 7 )[ 1 -1 9 1 0 ]
1a ( 3 )[ 1 -1 13 1 0 ]
1a ( 14 )[ 1 -1 2 1 0 ]
1a ( 12 )[ 1 -1 4 1 0 ]
1a ( 8 )[ 1 -1 8 1 0 ]
1a ( 4 )[ 1 -1 12 1 0 ]
1a ( 10 )[ 1 -1 6 1 0 ]
1a ( 6 )[ 1 -1 10 1 0 ]
1a ( 2 )[ 1 -1 14 1 0 ]
1b 0 

RANKS: 1 -1 0 16 1
EVENT17: 1011 471052_47133e_4713fd_45b0e2_460142_4592c8
COMP 51-0: 4810ba_481457_481550_45ae8b_460142_4592c8 (1 9.00 0 9.00 0 9.00){0.00 0.00 0.00 0.00 3.60 0}{3.60 0.00 0.00 0.00 7.20 0}{7.20 9.00 9.00 9.00 10.80 1}{10.80 0.00 0.00 0.00 14.40 0}{14.40 0.00 0.00 0.00 18.00 0}
COMP 51-1: 485d8d_4860ce_4861a5_45afe1_460142_4592c8 (15 13.81 1 9.00 14 30.00){0.00 0.00 0.00 0.00 3.60 0}{3.60 0.00 0.00 0.00 7.20 0}{7.20 9.00 9.00 9.00 10.80 5}{10.80 11.00 12.29 13.00 18.00 7}{18.00 23.00 27.00 30.00 38.00 3}
10 1000 
12 1 
14 3 
19 0 

RANKS: 1 -1 0 1 0
EVENT18: 1169 4a4ea5_4a5137_4a51d4_45e063_4608cf_4592c8
COMP 51-0: 471052_47133e_4713fd_45b0e2_460142_4592c8 (1 18.00 0 18.00 0 18.00){0.00 0.00 0.00 0.00 7.20 0}{7.20 0.00 0.00 0.00 14.40 0}{14.40 18.00 18.00 18.00 21.60 1}{21.60 0.00 0.00 0.00 28.80 0}{28.80 0.00 0.00 0.00 36.00 0}
11 1 
12 10 
49 0 

RANKS: 1 -1 0 1 0
EVENT19: 1169 4a4ea5_4a5137_4a51d4_45e0c0_4608cf_4592c8
COMP 51-0: 4a4ea5_4a5137_4a51d4_45e063_4608cf_4592c8 (1 16.00 0 16.00 0 16.00){0.00 0.00 0.00 0.00 6.40 0}{6.40 0.00 0.00 0.00 12.80 0}{12.80 16.00 16.00 16.00 19.20 1}{19.20 0.00 0.00 0.00 25.60 0}{25.60 0.00 0.00 0.00 32.00 0}
11 1 
12 22 
49 0 

RANKS: 1 -1 0 1 0
EVENT20: 1169 4a4ea5_4a5137_4a51d4_45e106_4608cf_4592c8
COMP 51-0: 4a4ea5_4a5137_4a51d4_45e0c0_4608cf_4592c8 (1 11.00 0 11.00 0 11.00){0.00 0.00 0.00 0.00 4.40 0}{4.40 0.00 0.00 0.00 8.80 0}{8.80 11.00 11.00 11.00 13.20 1}{13.20 0.00 0.00 0.00 17.60 0}{17.60 0.00 0.00 0.00 22.00 0}
11 1 
12 18 
49 0 

RANKS: 1 -1 0 1 0
EVENT21: 1169 4a4ea5_4a5137_4a51d4_45e16f_4608cf_4592c8
COMP 51-0: 4a4ea5_4a5137_4a51d4_45e106_4608cf_4592c8 (1 8.00 0 8.00 0 8.00){0.00 0.00 0.00 0.00 3.20 0}{3.20 0.00 0.00 0.00 6.40 0}{6.40 8.00 8.00 8.00 9.60 1}{9.60 0.00 0.00 0.00 12.80 0}{12.80 0.00 0.00 0.00 16.00 0}
11 1 
12 12 
49 0 

RANKS: 1 -1 0 1 0
EVENT22: 1169 4a4ea5_4a5137_4a51d4_45e1db_4608cf_4592c8
COMP 51-0: 4a4ea5_4a5137_4a51d4_45e16f_4608cf_4592c8 (1 12.00 0 12.00 0 12.00){0.00 0.00 0.00 0.00 4.80 0}{4.80 0.00 0.00 0.00 9.60 0}{9.60 12.00 12.00 12.00 14.40 1}{14.40 0.00 0.00 0.00 19.20 0}{19.20 0.00 0.00 0.00 24.00 0}
11 1 
12 44 
49 0 

RANKS: 1 -1 0 1 0
EVENT23: 1169 4a4ea5_4a5137_4a51d4_45e1f6_4608cf_4592c8
COMP 51-0: 4a4ea5_4a5137_4a51d4_45e1db_4608cf_4592c8 (1 12.00 0 12.00 0 12.00){0.00 0.00 0.00 0.00 4.80 0}{4.80 0.00 0.00 0.00 9.60 0}{9.60 12.00 12.00 12.00 14.40 1}{14.40 0.00 0.00 0.00 19.20 0}{19.20 0.00 0.00 0.00 24.00 0}
11 1 
12 21 
49 0 

RANKS: 1 -1 0 1 0
EVENT24: 1169 4a4ea5_4a5137_4a51d4_45e21f_4608cf_4592c8
COMP 51-0: 4a4ea5_4a5137_4a51d4_45e1f6_4608cf_4592c8 (1 8.00 0 8.00 0 8.00){0.00 0.00 0.00 0.00 3.20 0}{3.20 0.00 0.00 0.00 6.40 0}{6.40 8.00 8.00 8.00 9.60 1}{9.60 0.00 0.00 0.00 12.80 0}{12.80 0.00 0.00 0.00 16.00 0}
11 1 
12 20 
49 0 

RANKS: 1 -1 0 1 0
EVENT25: 1169 4a4ea5_4a5137_4a51d4_45e257_4608cf_4592c8
COMP 51-0: 4a4ea5_4a5137_4a51d4_45e21f_4608cf_4592c8 (1 11.00 0 11.00 0 11.00){0.00 0.00 0.00 0.00 4.40 0}{4.40 0.00 0.00 0.00 8.80 0}{8.80 11.00 11.00 11.00 13.20 1}{13.20 0.00 0.00 0.00 17.60 0}{17.60 0.00 0.00 0.00 22.00 0}
11 1 
12 21 
49 0 

RANKS: 1 -1 0 1 0
EVENT26: 1169 4a4ea5_4a5137_4a51d4_45e28e_4608cf_4592c8
COMP 51-0: 4a4ea5_4a5137_4a51d4_45e257_4608cf_4592c8 (1 8.00 0 8.00 0 8.00){0.00 0.00 0.00 0.00 3.20 0}{3.20 0.00 0.00 0.00 6.40 0}{6.40 8.00 8.00 8.00 9.60 1}{9.60 0.00 0.00 0.00 12.80 0}{12.80 0.00 0.00 0.00 16.00 0}
11 1 
12 18 
49 0 

RANKS: 1 -1 0 16 1
EVENT27: 1011 471052_47133e_4713fd_460ac3_4592c8
COMP 51-0: 471052_47133e_4713fd_45b0e2_460142_4592c8 (15 19.12 9 12.00 14 38.00){0.00 0.00 0.00 0.00 6.80 0}{6.80 12.00 12.50 13.00 13.60 2}{13.60 15.00 15.80 17.00 27.20 10}{27.20 32.00 32.00 32.00 34.00 1}{34.00 36.00 37.00 38.00 38.00 2}
COMP 51-1: 4a4ea5_4a5137_4a51d4_45e28e_4608cf_4592c8 (1 35.00 0 35.00 0 35.00){0.00 0.00 0.00 0.00 14.00 0}{14.00 0.00 0.00 0.00 28.00 0}{28.00 35.00 35.00 35.00 42.00 1}{42.00 0.00 0.00 0.00 56.00 0}{56.00 0.00 0.00 0.00 70.00 0}
10 1000 
12 1 
14 7 
19 0 

RANKS: 1 -1 0 16 1
EVENT28: 1010 470bed_470de3_470e43_460d4a_4592c8
COMP 51-0: 471052_47133e_4713fd_460ac3_4592c8 (16 25.71 3 14.00 15 49.00){0.00 0.00 0.00 0.00 13.60 0}{13.60 14.00 17.80 25.00 27.20 10}{27.20 28.00 33.25 38.00 40.80 4}{40.80 43.00 46.00 49.00 54.40 2}{54.40 0.00 0.00 0.00 68.00 0}
10 1000 

RANKS: 1 -1 0 16 1
EVENT29: 1171 491686_491ab6_491b7b_46a744_46a481_460e5a_4592c8
COMP 51-0: 470bed_470de3_470e43_460d4a_4592c8 (16 57.00 8 24.00 11 118.00){0.00 0.00 0.00 0.00 20.40 0}{20.40 24.00 26.83 31.00 40.80 6}{40.80 45.00 48.25 51.00 61.20 4}{61.20 71.00 76.67 82.00 102.00 3}{102.00 107.00 111.33 118.00 134.00 3}
COMM 51-0: 470bed_470de3_470e43_460d4a_4592c8 (16 4003.47 5 3920.00 4 4098.00){0.00 0.00 0.00 0.00 1577.60 0}{1577.60 0.00 0.00 0.00 3155.20 0}{3155.20 3920.00 4007.19 4098.00 4732.80 16}{4732.80 0.00 0.00 0.00 6310.40 0}{6310.40 0.00 0.00 0.00 7888.00 0}
10 1000 
3a :/tmp/chunk.dat  
3b 41 
3c 1000 
52 9249 

RANKS: 1 -1 0 1 0
EVENT30: 1169 4a4ea5_4a5137_4a51d4_460f96_4592c8
COMP 51-0: 491686_491ab6_491b7b_46a744_46a481_460e5a_4592c8 (1 18.00 0 18.00 0 18.00){0.00 0.00 0.00 0.00 7.20 0}{7.20 0.00 0.00 0.00 14.40 0}{14.40 18.00 18.00 18.00 21.60 1}{21.60 0.00 0.00 0.00 28.80 0}{28.80 0.00 0.00 0.00 36.00 0}
11 1 
12 35 
49 0 

RANKS: 1 -1 0 16 1
EVENT31: 1176 493ca4_493fc8_4940a9_46b48b_465436_460ff4_4592c8
COMP 51-0: 491686_491ab6_491b7b_46a744_46a481_460e5a_4592c8 (15 307.75 9 226.00 5 749.00){0.00 0.00 0.00 0.00 95.60 0}{95.60 0.00 0.00 0.00 191.20 0}{191.20 226.00 241.33 253.00 478.00 12}{478.00 514.00 520.00 526.00 550.00 2}{550.00 749.00 749.00 749.00 948.00 1}
COMP 51-1: 493ca4_493fc8_4940a9_46b48b_465436_460ff4_4592c8 (240 15.10 0 11.00 14 102.00){0.00 11.00 13.14 20.00 20.80 221}{20.80 23.00 31.19 39.00 45.00 16}{45.00 50.00 50.00 50.00 55.00 1}{55.00 70.00 70.00 70.00 85.00 1}{85.00 102.00 102.00 102.00 119.00 1}
COMP 51-2: 4a4ea5_4a5137_4a51d4_460f96_4592c8 (1 309.00 0 309.00 0 309.00){0.00 0.00 0.00 0.00 123.60 0}{123.60 0.00 0.00 0.00 247.20 0}{247.20 309.00 309.00 309.00 370.80 1}{370.80 0.00 0.00 0.00 494.40 0}{494.40 0.00 0.00 0.00 618.00 0}
LOOP0: iter: ( 16 )[ 1 -1 0 16 1 ] mem: ( 1 )[ 1 -1 0 16 1 ]
12 131072 
14 12 
3c 1000 
3d ( 0 131072 262144 393216 524288 655360 786432 917504 1048576 1179648 1310720 1441792 1572864 1703936 1835008 1966080 )[ 1 -1 0 1 0 ]
3d ( 2097152 2228224 2359296 2490368 2621440 2752512 2883584 3014656 3145728 3276800 3407872 3538944 3670016 3801088 3932160 4063232 )[ 1 -1 1 1 0 ]
3d ( 6291456 6422528 6553600 6684672 6815744 6946816 7077888 7208960 7340032 7471104 7602176 7733248 7864320 7995392 8126464 8257536 )[ 1 -1 3 1 0 ]
3d ( 14680064 14811136 14942208 15073280 15204352 15335424 15466496 15597568 15728640 15859712 15990784 16121856 16252928 16384000 16515072 16646144 )[ 1 -1 7 1 0 ]
3d ( 31457280 31588352 31719424 31850496 31981568 32112640 32243712 32374784 32505856 32636928 32768000 32899072 33030144 33161216 33292288 33423360 )[ 1 -1 15 1 0 ]
3d ( 23068672 23199744 23330816 23461888 23592960 23724032 23855104 23986176 24117248 24248320 24379392 24510464 24641536 24772608 24903680 25034752 )[ 1 -1 11 1 0 ]
3d ( 10485760 10616832 10747904 10878976 11010048 11141120 11272192 11403264 11534336 11665408 11796480 11927552 12058624 12189696 12320768 12451840 )[ 1 -1 5 1 0 ]
3d ( 18874368 19005440 19136512 19267584 19398656 19529728 19660800 19791872 19922944 20054016 20185088 20316160 20447232 20578304 20709376 20840448 )[ 1 -1 9 1 0 ]
3d ( 27262976 27394048 27525120 27656192 27787264 27918336 28049408 28180480 28311552 28442624 28573696 28704768 28835840 28966912 29097984 29229056 )[ 1 -1 13 1 0 ]
3d ( 4194304 4325376 4456448 4587520 4718592 4849664 4980736 5111808 5242880 5373952 5505024 5636096 5767168 5898240 6029312 6160384 )[ 1 -1 2 1 0 ]
3d ( 8388608 8519680 8650752 8781824 8912896 9043968 9175040 9306112 9437184 9568256 9699328 9830400 9961472 10092544 10223616 10354688 )[ 1 -1 4 1 0 ]
3d ( 16777216 16908288 17039360 17170432 17301504 17432576 17563648 17694720 17825792 17956864 18087936 18219008 18350080 18481152 18612224 18743296 )[ 1 -1 8 1 0 ]
3d ( 25165824 25296896 25427968 25559040 25690112 25821184 25952256 26083328 26214400 26345472 26476544 26607616 26738688 26869760 27000832 27131904 )[ 1 -1 12 1 0 ]
3d ( 12582912 12713984 12845056 12976128 13107200 13238272 13369344 13500416 13631488 13762560 13893632 14024704 14155776 14286848 14417920 14548992 )[ 1 -1 6 1 0 ]
3d ( 20971520 21102592 21233664 21364736 21495808 21626880 21757952 21889024 22020096 22151168 22282240 22413312 22544384 22675456 22806528 22937600 )[ 1 -1 10 1 0 ]
3d ( 29360128 29491200 29622272 29753344 29884416 30015488 30146560 30277632 30408704 30539776 30670848 30801920 30932992 31064064 31195136 31326208 )[ 1 -1 14 1 0 ]

RANKS: 1 -1 0 16 1
EVENT32: 1183 496b2e_496d6d_496dcd_46b6dc_461140_4592c8
COMP 51-0: 493ca4_493fc8_4940a9_46b48b_465436_460ff4_4592c8 (16 65.88 7 56.00 9 126.00){0.00 0.00 0.00 0.00 26.00 0}{26.00 0.00 0.00 0.00 52.00 0}{52.00 56.00 61.93 70.00 78.00 15}{78.00 0.00 0.00 0.00 104.00 0}{104.00 126.00 126.00 126.00 130.00 1}
3c 1000 
52 60368 

RANKS: 1 -1 0 16 1
EVENT33: 1010 470bed_470de3_470e43_4612a4_4592c8
COMP 51-0: 496b2e_496d6d_496dcd_46b6dc_461140_4592c8 (16 12.82 11 11.00 9 29.00){0.00 0.00 0.00 0.00 4.80 0}{4.80 0.00 0.00 0.00 9.60 0}{9.60 11.00 11.80 12.00 19.20 15}{19.20 0.00 0.00 0.00 24.00 0}{24.00 29.00 29.00 29.00 34.00 1}
10 1000 

RANKS: 1 -1 0 16 1
EVENT34: 1171 491686_491ab6_491b7b_46be3a_461465_4592c8
COMP 51-0: 470bed_470de3_470e43_4612a4_4592c8 (16 12.47 0 11.00 9 27.00){0.00 0.00 0.00 0.00 4.40 0}{4.40 0.00 0.00 0.00 8.80 0}{8.80 11.00 11.60 12.00 17.60 15}{17.60 0.00 0.00 0.00 22.00 0}{22.00 27.00 27.00 27.00 32.00 1}
COMM 51-0: 470bed_470de3_470e43_4612a4_4592c8 (16 416.94 9 385.00 6 425.00){0.00 0.00 0.00 0.00 165.60 0}{165.60 0.00 0.00 0.00 331.20 0}{331.20 385.00 417.12 425.00 496.80 16}{496.80 0.00 0.00 0.00 662.40 0}{662.40 0.00 0.00 0.00 828.00 0}
10 1000 
3a :/tmp/chunk.dat  
3b 2 
3c 1001 
52 620 

RANKS: 1 -1 0 16 1
EVENT35: 1183 496b2e_496d6d_496dcd_46bfdd_461465_4592c8
COMP 51-0: 491686_491ab6_491b7b_46be3a_461465_4592c8 (16 103.24 12 82.00 11 139.00){0.00 0.00 0.00 0.00 33.60 0}{33.60 0.00 0.00 0.00 67.20 0}{67.20 82.00 86.00 91.00 100.80 10}{100.80 131.00 131.00 131.00 134.40 1}{134.40 135.00 136.00 139.00 168.00 5}
3c 1001 
52 131 

RANKS: 1 -1 0 16 1
EVENT36: 1004 46e310_46e630_46e710_46c1e0_461465_4592c8
COMP 51-0: 496b2e_496d6d_496dcd_46bfdd_461465_4592c8 (16 22.53 0 16.00 14 66.00){0.00 0.00 0.00 0.00 12.80 0}{12.80 16.00 16.50 17.00 19.20 6}{19.20 20.60 21.00 22.00 32.00 8}{32.00 34.00 34.00 34.00 36.00 1}{36.00 66.00 66.00 66.00 96.00 1}
10 1000 
12 1 
14 38 
18 2 

RANKS: 1 -1 0 16 1
EVENT37: 1004 46e310_46e630_46e710_46c2e0_461465_4592c8
COMP 51-0: 46e310_46e630_46e710_46c1e0_461465_4592c8 (16 10.18 6 8.00 9 23.00){0.00 0.00 0.00 0.00 4.00 0}{4.00 8.00 8.00 8.00 8.00 1}{8.00 9.00 9.43 10.00 16.00 14}{16.00 0.00 0.00 0.00 20.00 0}{20.00 23.00 23.00 23.00 26.00 1}
10 1000 
12 1 
14 38 
18 1 

RANKS: 1 -1 0 16 1
EVENT38: 1004 46e310_46e630_46e710_459de7_46147b_4592c8
COMP 51-0: 46e310_46e630_46e710_46c2e0_461465_4592c8 (16 10.65 1 9.00 9 23.00){0.00 0.00 0.00 0.00 4.00 0}{4.00 0.00 0.00 0.00 8.00 0}{8.00 9.00 9.87 10.00 16.00 15}{16.00 0.00 0.00 0.00 20.00 0}{20.00 23.00 23.00 23.00 26.00 1}
10 1000 
12 1 
14 38 
18 3 

RANKS: 1 -1 0 16 1
EVENT39: 1104 48214b_4824b0_4825ae_45d3dc_4614bc_4592c8
COMP 51-0: 46e310_46e630_46e710_459de7_46147b_4592c8 (16 15.47 0 12.00 9 32.00){0.00 0.00 0.00 0.00 4.80 0}{4.80 0.00 0.00 0.00 9.60 0}{9.60 12.00 13.33 14.00 14.40 3}{14.40 14.80 14.92 15.00 24.00 12}{24.00 32.00 32.00 32.00 40.00 1}
COMP 51-1: 48214b_4824b0_4825ae_45d3dc_4614bc_4592c8 (176 11.24 1 9.00 9 35.00){0.00 0.00 0.00 0.00 5.20 0}{5.20 9.00 10.24 13.00 15.60 164}{15.60 20.00 20.00 20.00 20.80 1}{20.80 23.00 24.30 25.00 26.00 10}{26.00 35.00 35.00 35.00 44.00 1}
LOOP0: iter: ( 12 )[ 1 -1 0 16 1 ] mem: ( 1 )[ 1 -1 0 16 1 ]
10 1000 
12 1 
14 10 
18 2 1 
19 0 

RANKS: 1 -1 0 16 1
EVENT40: 1010 470bed_470de3_470e43_461d7f_4592c8
COMP 51-0: 48214b_4824b0_4825ae_45d3dc_4614bc_4592c8 (16 14.29 2 12.00 9 30.00){0.00 0.00 0.00 0.00 5.20 0}{5.20 0.00 0.00 0.00 10.40 0}{10.40 12.00 13.33 14.00 20.80 15}{20.80 0.00 0.00 0.00 26.00 0}{26.00 30.00 30.00 30.00 34.00 1}
10 1000 

RANKS: 1 -1 0 16 1
EVENT41: 1171 491686_491ab6_491b7b_46a744_461e8f_4592c8
COMP 51-0: 470bed_470de3_470e43_461d7f_4592c8 (16 17.29 0 14.00 9 34.00){0.00 0.00 0.00 0.00 5.60 0}{5.60 0.00 0.00 0.00 11.20 0}{11.20 14.00 15.55 16.50 16.80 11}{16.80 17.00 18.75 21.00 28.00 4}{28.00 34.00 34.00 34.00 40.00 1}
COMM 51-0: 470bed_470de3_470e43_461d7f_4592c8 (16 361.53 9 330.00 8 379.00){0.00 0.00 0.00 0.00 146.80 0}{146.80 0.00 0.00 0.00 293.60 0}{293.60 330.00 361.19 379.00 440.40 16}{440.40 0.00 0.00 0.00 587.20 0}{587.20 0.00 0.00 0.00 734.00 0}
10 1000 
3a :/tmp/chunk.dat  
3b 41 
3c 1002 
52 2414 

RANKS: 1 -1 0 1 0
EVENT42: 1169 4a4ea5_4a5137_4a51d4_462003_4592c8
COMP 51-0: 491686_491ab6_491b7b_46a744_461e8f_4592c8 (1 11.00 0 11.00 0 11.00){0.00 0.00 0.00 0.00 4.40 0}{4.40 0.00 0.00 0.00 8.80 0}{8.80 11.00 11.00 11.00 13.20 1}{13.20 0.00 0.00 0.00 17.60 0}{17.60 0.00 0.00 0.00 22.00 0}
11 1 
12 34 
49 0 

RANKS: 1 -1 0 16 1
EVENT43: 1180 495934_495c58_495d39_46b48b_46551c_462061_4592c8
COMP 51-0: 491686_491ab6_491b7b_46a744_461e8f_4592c8 (15 239.69 5 204.00 9 514.00){0.00 0.00 0.00 0.00 86.00 0}{86.00 0.00 0.00 0.00 172.00 0}{172.00 204.00 221.86 284.00 344.00 14}{344.00 0.00 0.00 0.00 430.00 0}{430.00 514.00 514.00 514.00 598.00 1}
COMP 51-1: 495934_495c58_495d39_46b48b_46551c_462061_4592c8 (240 11.64 7 10.00 9 37.00){0.00 0.00 0.00 0.00 6.00 0}{6.00 10.00 11.38 12.00 12.00 233}{12.00 15.00 15.00 15.00 24.00 5}{24.00 27.00 27.00 27.00 30.00 1}{30.00 37.00 37.00 37.00 44.00 1}
COMP 51-2: 4a4ea5_4a5137_4a51d4_462003_4592c8 (1 217.00 0 217.00 0 217.00){0.00 0.00 0.00 0.00 86.80 0}{86.80 0.00 0.00 0.00 173.60 0}{173.60 217.00 217.00 217.00 260.40 1}{260.40 0.00 0.00 0.00 347.20 0}{347.20 0.00 0.00 0.00 434.00 0}
LOOP0: iter: ( 16 )[ 1 -1 0 16 1 ] mem: ( 1 )[ 1 -1 0 16 1 ]
12 131072 
14 12 
3c 1002 
3d ( 0 131072 262144 393216 524288 655360 786432 917504 1048576 1179648 1310720 1441792 1572864 1703936 1835008 1966080 )[ 1 -1 0 1 0 ]
3d ( 2097152 2228224 2359296 2490368 2621440 2752512 2883584 3014656 3145728 3276800 3407872 3538944 3670016 3801088 3932160 4063232 )[ 1 -1 1 1 0 ]
3d ( 6291456 6422528 6553600 6684672 6815744 6946816 7077888 7208960 7340032 7471104 7602176 7733248 7864320 7995392 8126464 8257536 )[ 1 -1 3 1 0 ]
3d ( 14680064 14811136 14942208 15073280 15204352 15335424 15466496 15597568 15728640 15859712 15990784 16121856 16252928 16384000 16515072 16646144 )[ 1 -1 7 1 0 ]
3d ( 31457280 31588352 31719424 31850496 31981568 32112640 32243712 32374784 32505856 32636928 32768000 32899072 33030144 33161216 33292288 33423360 )[ 1 -1 15 1 0 ]
3d ( 23068672 23199744 23330816 23461888 23592960 23724032 23855104 23986176 24117248 24248320 24379392 24510464 24641536 24772608 24903680 25034752 )[ 1 -1 11 1 0 ]
3d ( 10485760 10616832 10747904 10878976 11010048 11141120 11272192 11403264 11534336 11665408 11796480 11927552 12058624 12189696 12320768 12451840 )[ 1 -1 5 1 0 ]
3d ( 18874368 19005440 19136512 19267584 19398656 19529728 19660800 19791872 19922944 20054016 20185088 20316160 20447232 20578304 20709376 20840448 )[ 1 -1 9 1 0 ]
3d ( 27262976 27394048 27525120 27656192 27787264 27918336 28049408 28180480 28311552 28442624 28573696 28704768 28835840 28966912 29097984 29229056 )[ 1 -1 13 1 0 ]
3d ( 4194304 4325376 4456448 4587520 4718592 4849664 4980736 5111808 5242880 5373952 5505024 5636096 5767168 5898240 6029312 6160384 )[ 1 -1 2 1 0 ]
3d ( 8388608 8519680 8650752 8781824 8912896 9043968 9175040 9306112 9437184 9568256 9699328 9830400 9961472 10092544 10223616 10354688 )[ 1 -1 4 1 0 ]
3d ( 16777216 16908288 17039360 17170432 17301504 17432576 17563648 17694720 17825792 17956864 18087936 18219008 18350080 18481152 18612224 18743296 )[ 1 -1 8 1 0 ]
3d ( 25165824 25296896 25427968 25559040 25690112 25821184 25952256 26083328 26214400 26345472 26476544 26607616 26738688 26869760 27000832 27131904 )[ 1 -1 12 1 0 ]
3d ( 12582912 12713984 12845056 12976128 13107200 13238272 13369344 13500416 13631488 13762560 13893632 14024704 14155776 14286848 14417920 14548992 )[ 1 -1 6 1 0 ]
3d ( 20971520 21102592 21233664 21364736 21495808 21626880 21757952 21889024 22020096 22151168 22282240 22413312 22544384 22675456 22806528 22937600 )[ 1 -1 10 1 0 ]
3d ( 29360128 29491200 29622272 29753344 29884416 30015488 30146560 30277632 30408704 30539776 30670848 30801920 30932992 31064064 31195136 31326208 )[ 1 -1 14 1 0 ]

RANKS: 1 -1 0 16 1
EVENT44: 1183 496b2e_496d6d_496dcd_46b6dc_4621ad_4592c8
COMP 51-0: 495934_495c58_495d39_46b48b_46551c_462061_4592c8 (16 57.12 8 51.00 8 63.00){0.00 0.00 0.00 0.00 22.80 0}{22.80 0.00 0.00 0.00 45.60 0}{45.60 51.00 57.12 63.00 68.40 16}{68.40 0.00 0.00 0.00 91.20 0}{91.20 0.00 0.00 0.00 114.00 0}
3c 1002 
52 4040 

RANKS: 1 -1 0 16 1
EVENT45: 1171 491686_491ab6_491b7b_46be3a_462211_4592c8
COMP 51-0: 496b2e_496d6d_496dcd_46b6dc_4621ad_4592c8 (16 11.18 0 11.00 1 12.00){0.00 0.00 0.00 0.00 4.40 0}{4.40 0.00 0.00 0.00 8.80 0}{8.80 11.00 11.19 12.00 13.20 16}{13.20 0.00 0.00 0.00 17.60 0}{17.60 0.00 0.00 0.00 22.00 0}
COMM 51-0: 496b2e_496d6d_496dcd_46b6dc_4621ad_4592c8 (16 344.71 0 335.00 3 353.00){0.00 0.00 0.00 0.00 134.00 0}{134.00 0.00 0.00 0.00 268.00 0}{268.00 335.00 345.31 353.00 402.00 16}{402.00 0.00 0.00 0.00 536.00 0}{536.00 0.00 0.00 0.00 670.00 0}
10 1000 
3a :/tmp/chunk.dat  
3b 2 
3c 1003 
52 327 

RANKS: 1 -1 0 16 1
EVENT46: 1183 496b2e_496d6d_496dcd_46bfdd_462211_4592c8
COMP 51-0: 491686_491ab6_491b7b_46be3a_462211_4592c8 (16 31.35 0 18.00 5 45.00){0.00 0.00 0.00 0.00 14.40 0}{14.40 18.00 19.50 21.00 21.60 2}{21.60 26.00 26.40 27.00 28.80 5}{28.80 34.00 35.00 36.00 36.00 4}{36.00 37.50 40.80 45.00 46.00 5}
3c 1003 
52 53 

RANKS: 1 -1 0 16 1
EVENT47: 1004 46e310_46e630_46e710_46c1e0_462211_4592c8
COMP 51-0: 496b2e_496d6d_496dcd_46bfdd_462211_4592c8 (16 10.12 0 9.00 1 11.00){0.00 0.00 0.00 0.00 3.60 0}{3.60 0.00 0.00 0.00 7.20 0}{7.20 9.00 10.07 10.20 10.80 14}{10.80 11.00 11.00 11.00 14.40 2}{14.40 0.00 0.00 0.00 18.00 0}
10 1000 
12 1 
14 38 
18 2 

RANKS: 1 -1 0 16 1
EVENT48: 1004 46e310_46e630_46e710_46c2e0_462211_4592c8
COMP 51-0: 46e310_46e630_46e710_46c1e0_462211_4592c8 (16 9.65 1 9.00 0 10.00){0.00 0.00 0.00 0.00 4.00 0}{4.00 0.00 0.00 0.00 8.00 0}{8.00 9.00 9.62 10.00 12.00 16}{12.00 0.00 0.00 0.00 16.00 0}{16.00 0.00 0.00 0.00 20.00 0}
10 1000 
12 1 
14 38 
18 1 

RANKS: 1 -1 0 16 1
EVENT49: 1004 46e310_46e630_46e710_459de7_462227_4592c8
COMP 51-0: 46e310_46e630_46e710_46c2e0_462211_4592c8 (16 9.71 0 9.00 3 10.00){0.00 0.00 0.00 0.00 3.60 0}{3.60 0.00 0.00 0.00 7.20 0}{7.20 9.00 9.75 10.00 10.80 16}{10.80 0.00 0.00 0.00 14.40 0}{14.40 0.00 0.00 0.00 18.00 0}
10 1000 
12 1 
14 38 
18 3 

RANKS: 1 -1 0 16 1
EVENT50: 1104 48214b_4824b0_4825ae_45d3dc_462268_4592c8
COMP 51-0: 46e310_46e630_46e710_459de7_462227_4592c8 (16 10.88 2 10.00 1 12.00){0.00 0.00 0.00 0.00 4.40 0}{4.40 0.00 0.00 0.00 8.80 0}{8.80 10.00 10.88 12.00 13.20 16}{13.20 0.00 0.00 0.00 17.60 0}{17.60 0.00 0.00 0.00 22.00 0}
COMP 51-1: 48214b_4824b0_4825ae_45d3dc_462268_4592c8 (176 10.13 0 9.00 6 23.00){0.00 0.00 0.00 0.00 7.20 0}{7.20 9.00 9.96 10.12 10.80 167}{10.80 11.00 11.14 12.00 18.00 7}{18.00 19.00 19.00 19.00 20.00 1}{20.00 23.00 23.00 23.00 26.00 1}
LOOP0: iter: ( 12 )[ 1 -1 0 16 1 ] mem: ( 1 )[ 1 -1 0 16 1 ]
10 1000 
12 1 
14 10 
18 2 1 
19 0 

RANKS: 1 -1 0 16 1
EVENT51: 1010 470bed_470de3_470e43_462676_4592c8
COMP 51-0: 48214b_4824b0_4825ae_45d3dc_462268_4592c8 (16 10.47 0 10.00 1 11.00){0.00 0.00 0.00 0.00 4.00 0}{4.00 0.00 0.00 0.00 8.00 0}{8.00 10.00 10.50 11.00 12.00 16}{12.00 0.00 0.00 0.00 16.00 0}{16.00 0.00 0.00 0.00 20.00 0}
10 1000 

RANKS: 1 -1 0 1 0
EVENT52: 1184 497051_4972e3_497353_46b9a3_45db5e_462786_4592c8
COMP 51-0: 470bed_470de3_470e43_462676_4592c8 (1 24.00 0 24.00 0 24.00){0.00 0.00 0.00 0.00 9.60 0}{9.60 0.00 0.00 0.00 19.20 0}{19.20 24.00 24.00 24.00 28.80 1}{28.80 0.00 0.00 0.00 38.40 0}{38.40 0.00 0.00 0.00 48.00 0}
3a :/tmp/chunk.dat  

RANKS: 1 -1 0 16 1
EVENT53: 1010 470bed_470de3_470e43_4627a3_4592c8
COMP 51-0: 470bed_470de3_470e43_462676_4592c8 (15 8.81 15 8.00 1 9.00){0.00 0.00 0.00 0.00 3.60 0}{3.60 0.00 0.00 0.00 7.20 0}{7.20 8.00 8.80 9.00 10.80 15}{10.80 0.00 0.00 0.00 14.40 0}{14.40 0.00 0.00 0.00 18.00 0}
COMP 51-1: 497051_4972e3_497353_46b9a3_45db5e_462786_4592c8 (1 14.00 0 14.00 0 14.00){0.00 0.00 0.00 0.00 5.60 0}{5.60 0.00 0.00 0.00 11.20 0}{11.20 14.00 14.00 14.00 16.80 1}{16.80 0.00 0.00 0.00 22.40 0}{22.40 0.00 0.00 0.00 28.00 0}
10 1000 

RANKS: 1 -1 0 1 0
EVENT54: 1169 4a4ea5_4a5137_4a51d4_45f333_4628d3_4592c8
COMP 51-0: 470bed_470de3_470e43_4627a3_4592c8 (1 33.00 0 33.00 0 33.00){0.00 0.00 0.00 0.00 13.20 0}{13.20 0.00 0.00 0.00 26.40 0}{26.40 33.00 33.00 33.00 39.60 1}{39.60 0.00 0.00 0.00 52.80 0}{52.80 0.00 0.00 0.00 66.00 0}
11 1 
12 109 
49 0 

RANKS: 1 -1 0 1 0
EVENT55: 1169 4a4ea5_4a5137_4a51d4_45f358_4628d3_4592c8
COMP 51-0: 4a4ea5_4a5137_4a51d4_45f333_4628d3_4592c8 (1 9.00 0 9.00 0 9.00){0.00 0.00 0.00 0.00 3.60 0}{3.60 0.00 0.00 0.00 7.20 0}{7.20 9.00 9.00 9.00 10.80 1}{10.80 0.00 0.00 0.00 14.40 0}{14.40 0.00 0.00 0.00 18.00 0}
11 1 
12 87 
49 0 

RANKS: 1 -1 0 1 0
EVENT56: 1169 4a4ea5_4a5137_4a51d4_45f384_4628d3_4592c8
COMP 51-0: 4a4ea5_4a5137_4a51d4_45f358_4628d3_4592c8 (1 11.00 0 11.00 0 11.00){0.00 0.00 0.00 0.00 4.40 0}{4.40 0.00 0.00 0.00 8.80 0}{8.80 11.00 11.00 11.00 13.20 1}{13.20 0.00 0.00 0.00 17.60 0}{17.60 0.00 0.00 0.00 22.00 0}
11 1 
12 108 
49 0 

RANKS: 1 -1 0 1 0
EVENT57: 1169 4a4ea5_4a5137_4a51d4_45f764_4628d3_4592c8
COMP 51-0: 4a4ea5_4a5137_4a51d4_45f384_4628d3_4592c8 (1 37.00 0 37.00 0 37.00){0.00 0.00 0.00 0.00 14.80 0}{14.80 0.00 0.00 0.00 29.60 0}{29.60 37.00 37.00 37.00 44.40 1}{44.40 0.00 0.00 0.00 59.20 0}{59.20 0.00 0.00 0.00 74.00 0}
11 1 
12 6 
49 0 

RANKS: 1 -1 0 1 0
EVENT58: 1169 4a4ea5_4a5137_4a51d4_45fb4a_4628d3_4592c8
COMP 51-0: 4a4ea5_4a5137_4a51d4_45f764_4628d3_4592c8 (1 24.00 0 24.00 0 24.00){0.00 0.00 0.00 0.00 9.60 0}{9.60 0.00 0.00 0.00 19.20 0}{19.20 24.00 24.00 24.00 28.80 1}{28.80 0.00 0.00 0.00 38.40 0}{38.40 0.00 0.00 0.00 48.00 0}
11 1 
12 6 
49 0 

RANKS: 1 -1 0 16 1
EVENT59: 1028 474931_474af2_474b52_4628dd_4592c8
COMP 51-0: 470bed_470de3_470e43_4627a3_4592c8 (15 158.50 3 43.00 7 307.00){0.00 0.00 0.00 0.00 17.60 0}{17.60 0.00 0.00 0.00 35.20 0}{35.20 43.00 45.75 50.00 70.40 4}{70.40 0.00 0.00 0.00 88.00 0}{88.00 93.00 209.91 307.00 526.00 11}
COMP 51-1: 4a4ea5_4a5137_4a51d4_45fb4a_4628d3_4592c8 (1 29.00 0 29.00 0 29.00){0.00 0.00 0.00 0.00 11.60 0}{11.60 0.00 0.00 0.00 23.20 0}{23.20 29.00 29.00 29.00 34.80 1}{34.80 0.00 0.00 0.00 46.40 0}{46.40 0.00 0.00 0.00 58.00 0}
10 1000 

RANKS: 1 -1 0 16 1
EVENT60: 1010 470bed_470de3_470e43_462a58_4592c8
COMP 51-0: 474931_474af2_474b52_4628dd_4592c8 (16 10.59 1 10.00 0 11.00){0.00 0.00 0.00 0.00 4.40 0}{4.40 0.00 0.00 0.00 8.80 0}{8.80 10.00 10.56 11.00 13.20 16}{13.20 0.00 0.00 0.00 17.60 0}{17.60 0.00 0.00 0.00 22.00 0}
10 2 

RANKS: 1 -1 0 16 1
EVENT61: 1045 476acc_476b3d_476b81_4593a5
COMP 51-0: 470bed_470de3_470e43_462a58_4592c8 (16 110.82 10 109.00 10 113.00){0.00 0.00 0.00 0.00 44.00 0}{44.00 0.00 0.00 0.00 88.00 0}{88.00 109.00 110.87 113.00 132.00 16}{132.00 0.00 0.00 0.00 176.00 0}{176.00 0.00 0.00 0.00 220.00 0}
52 9542 

