RANKS: 1 -1 0 32 1
EVENT0: 1084 47cb68_47cc13_47cc5f_458f9f
33 2 
34 0 

RANKS: 1 -1 0 1 0
EVENT1: 1102 4810ba_481457_481550_45ae8b_45db7f_459218
COMP 51-0: 47cb68_47cc13_47cc5f_458f9f (1 47.00 0 47.00 0 47.00){0.00 0.00 0.00 0.00 18.80 0}{18.80 0.00 0.00 0.00 37.60 0}{37.60 47.00 47.00 47.00 56.40 1}{56.40 0.00 0.00 0.00 75.20 0}{75.20 0.00 0.00 0.00 94.00 0}
COMP 51-1: 4810ba_481457_481550_45ae8b_45db7f_459218 (30 10.06 0 9.00 0 12.00){0.00 0.00 0.00 0.00 4.40 0}{4.40 0.00 0.00 0.00 8.80 0}{8.80 9.00 10.03 12.00 13.20 30}{13.20 0.00 0.00 0.00 17.60 0}{17.60 0.00 0.00 0.00 22.00 0}
LOOP0: iter: ( 31 )[ 1 -1 0 1 0 ] mem: ( 1 )[ 1 -1 0 1 0 ]
10 2 
12 1024 
14 1 
1b 0 
2b 2147483647 

RANKS: 1 -1 1 31 1
EVENT2: 1113 485d8d_4860ce_4861a5_45afe1_45db7f_459218
COMP 51-0: 47cb68_47cc13_47cc5f_458f9f (31 58.06 25 41.00 27 94.00){0.00 0.00 0.00 0.00 20.40 0}{20.40 0.00 0.00 0.00 40.80 0}{40.80 41.00 48.10 59.00 61.20 21}{61.20 64.00 69.20 74.00 81.60 5}{81.60 88.00 90.20 94.00 102.00 5}
10 2 
12 1024 
14 1 
1a ( 31 )[ 1 -1 1 1 0 ]
1a ( 29 )[ 1 -1 3 1 0 ]
1a ( 25 )[ 1 -1 7 1 0 ]
1a ( 17 )[ 1 -1 15 1 0 ]
1a ( 1 )[ 1 -1 31 1 0 ]
1a ( 9 )[ 1 -1 23 1 0 ]
1a ( 21 )[ 1 -1 11 1 0 ]
1a ( 13 )[ 1 -1 19 1 0 ]
1a ( 5 )[ 1 -1 27 1 0 ]
1a ( 27 )[ 1 -1 5 1 0 ]
1a ( 23 )[ 1 -1 9 1 0 ]
1a ( 15 )[ 1 -1 17 1 0 ]
1a ( 7 )[ 1 -1 25 1 0 ]
1a ( 19 )[ 1 -1 13 1 0 ]
1a ( 11 )[ 1 -1 21 1 0 ]
1a ( 3 )[ 1 -1 29 1 0 ]
1a ( 30 )[ 1 -1 2 1 0 ]
1a ( 28 )[ 1 -1 4 1 0 ]
1a ( 24 )[ 1 -1 8 1 0 ]
1a ( 16 )[ 1 -1 16 1 0 ]
1a ( 8 )[ 1 -1 24 1 0 ]
1a ( 20 )[ 1 -1 12 1 0 ]
1a ( 12 )[ 1 -1 20 1 0 ]
1a ( 4 )[ 1 -1 28 1 0 ]
1a ( 26 )[ 1 -1 6 1 0 ]
1a ( 22 )[ 1 -1 10 1 0 ]
1a ( 14 )[ 1 -1 18 1 0 ]
1a ( 6 )[ 1 -1 26 1 0 ]
1a ( 18 )[ 1 -1 14 1 0 ]
1a ( 10 )[ 1 -1 22 1 0 ]
1a ( 2 )[ 1 -1 30 1 0 ]
1b 0 

RANKS: 1 -1 0 32 1
EVENT3: 1011 471052_47133e_4713fd_45b0e2_45db7f_459218
COMP 51-0: 4810ba_481457_481550_45ae8b_45db7f_459218 (1 15.00 0 15.00 0 15.00){0.00 0.00 0.00 0.00 6.00 0}{6.00 0.00 0.00 0.00 12.00 0}{12.00 15.00 15.00 15.00 18.00 1}{18.00 0.00 0.00 0.00 24.00 0}{24.00 0.00 0.00 0.00 30.00 0}
COMP 51-1: 485d8d_4860ce_4861a5_45afe1_45db7f_459218 (31 22.00 21 14.00 2 35.00){0.00 0.00 0.00 0.00 12.00 0}{12.00 14.00 15.71 18.00 18.00 7}{18.00 18.67 20.93 22.00 24.00 15}{24.00 26.00 28.14 30.00 30.00 7}{30.00 33.00 34.00 35.00 40.00 2}
10 2 
12 1 
14 3 
19 0 

RANKS: 1 -1 0 32 1
EVENT4: 1167 4a4646_4a4872_4a48cc_468bac_468df4_45db91_459218
COMP 51-0: 471052_47133e_4713fd_45b0e2_45db7f_459218 (32 3273.85 20 1086.00 0 8720.00){0.00 1086.00 2141.58 3434.00 3488.00 24}{3488.00 3969.00 4882.20 5792.00 6976.00 5}{6976.00 7343.00 7836.00 8720.00 10464.00 3}{10464.00 0.00 0.00 0.00 13952.00 0}{13952.00 0.00 0.00 0.00 17440.00 0}
49 0 
52 281959 

RANKS: 1 -1 0 32 1
EVENT5: 1011 471052_47133e_4713fd_45b7a0_45dba2_459218
COMP 51-0: 4a4646_4a4872_4a48cc_468bac_468df4_45db91_459218 (32 14.97 7 12.00 27 24.00){0.00 0.00 0.00 0.00 8.80 0}{8.80 12.00 13.97 17.00 17.60 29}{17.60 21.00 22.33 24.00 26.40 3}{26.40 0.00 0.00 0.00 35.20 0}{35.20 0.00 0.00 0.00 44.00 0}
10 2 
12 4 
14 12 
19 0 

RANKS: 1 -1 0 32 1
EVENT6: 1010 470bed_470de3_470e43_462b44_45dbc8_459218
COMP 51-0: 471052_47133e_4713fd_45b7a0_45dba2_459218 (32 34.00 16 23.00 20 86.00){0.00 0.00 0.00 0.00 10.80 0}{10.80 0.00 0.00 0.00 21.60 0}{21.60 23.00 27.20 29.00 32.40 15}{32.40 34.00 37.56 42.00 54.00 16}{54.00 86.00 86.00 86.00 118.00 1}
10 2 

RANKS: 1 -1 0 32 1
EVENT7: 1104 48214b_4824b0_4825ae_462c42_45dbc8_459218
COMP 51-0: 470bed_470de3_470e43_462b44_45dbc8_459218 (32 20.39 0 18.00 27 26.00){0.00 0.00 0.00 0.00 7.20 0}{7.20 0.00 0.00 0.00 14.40 0}{14.40 18.00 20.03 21.14 21.60 29}{21.60 24.00 24.67 26.00 28.80 3}{28.80 0.00 0.00 0.00 36.00 0}
10 2 
12 1 
14 10 
18 2 
19 0 

RANKS: 1 -1 0 32 1
EVENT8: 1104 48214b_4824b0_4825ae_462d4c_45dbc8_459218
COMP 51-0: 48214b_4824b0_4825ae_462c42_45dbc8_459218 (32 9.64 1 9.00 7 12.00){0.00 0.00 0.00 0.00 4.00 0}{4.00 0.00 0.00 0.00 8.00 0}{8.00 9.00 9.62 12.00 12.00 32}{12.00 0.00 0.00 0.00 16.00 0}{16.00 0.00 0.00 0.00 20.00 0}
10 2 
12 1 
14 10 
18 1 
19 0 

RANKS: 1 -1 0 32 1
EVENT9: 1011 471052_47133e_4713fd_462e50_45dbc8_459218
COMP 51-0: 48214b_4824b0_4825ae_462d4c_45dbc8_459218 (32 12.03 0 9.00 26 15.00){0.00 0.00 0.00 0.00 3.60 0}{3.60 0.00 0.00 0.00 7.20 0}{7.20 9.00 9.22 10.00 10.80 9}{10.80 12.00 13.18 14.00 14.40 22}{14.40 15.00 15.00 15.00 18.00 1}
10 2 
12 1 
14 10 
19 0 

RANKS: 1 -1 0 32 1
EVENT10: 1011 471052_47133e_4713fd_4675bc_45dbe2_459218
COMP 51-0: 471052_47133e_4713fd_462e50_45dbc8_459218 (32 10.85 0 9.00 11 14.00){0.00 0.00 0.00 0.00 3.60 0}{3.60 0.00 0.00 0.00 7.20 0}{7.20 9.00 9.74 10.20 10.80 19}{10.80 11.00 12.62 14.00 14.40 13}{14.40 0.00 0.00 0.00 18.00 0}
10 2 
12 1 
14 3 
19 0 

RANKS: 1 -1 0 1 0
EVENT11: 1169 4a4ea5_4a5137_4a51d4_45dd54_4592a1
COMP 51-0: 471052_47133e_4713fd_4675bc_45dbe2_459218 (1 114.00 0 114.00 0 114.00){0.00 0.00 0.00 0.00 45.60 0}{45.60 0.00 0.00 0.00 91.20 0}{91.20 114.00 114.00 114.00 136.80 1}{136.80 0.00 0.00 0.00 182.40 0}{182.40 0.00 0.00 0.00 228.00 0}
11 1 
12 18 
49 0 

RANKS: 1 -1 0 32 1
EVENT12: 1030 474d46_474f75_474fe5_45fced_4592c8
COMP 51-0: 471052_47133e_4713fd_4675bc_45dbe2_459218 (31 18.84 11 17.00 17 23.00){0.00 0.00 0.00 0.00 7.60 0}{7.60 0.00 0.00 0.00 15.20 0}{15.20 17.00 18.55 20.00 22.80 29}{22.80 23.00 23.00 23.00 30.40 2}{30.40 0.00 0.00 0.00 38.00 0}
COMP 51-1: 4a4ea5_4a5137_4a51d4_45dd54_4592a1 (1 194.00 0 194.00 0 194.00){0.00 0.00 0.00 0.00 77.60 0}{77.60 0.00 0.00 0.00 155.20 0}{155.20 194.00 194.00 194.00 232.80 1}{232.80 0.00 0.00 0.00 310.40 0}{310.40 0.00 0.00 0.00 388.00 0}
10 2 

RANKS: 1 -1 0 32 1
EVENT13: 1066 47b541_47b880_47b91f_45fdf8_4592c8
COMP 51-0: 474d46_474f75_474fe5_45fced_4592c8 (32 14.61 7 11.00 23 22.00){0.00 0.00 0.00 0.00 5.60 0}{5.60 11.00 11.00 11.00 11.20 3}{11.20 13.00 14.58 14.91 16.80 26}{16.80 17.00 18.67 22.00 22.40 3}{22.40 0.00 0.00 0.00 28.00 0}
b 0 31 1 
12 1 
21 1000 

RANKS: 1 -1 0 32 1
EVENT14: 1026 473ecc_47414c_4741cf_45fede_4592c8
COMP 51-0: 47b541_47b880_47b91f_45fdf8_4592c8 (32 11.00 10 9.00 8 18.00){0.00 0.00 0.00 0.00 4.40 0}{4.40 0.00 0.00 0.00 8.80 0}{8.80 9.00 10.52 12.00 13.20 29}{13.20 14.00 14.50 15.00 17.60 2}{17.60 18.00 18.00 18.00 22.00 1}
10 2 
21 1001 

RANKS: 1 -1 0 1 0
EVENT15: 1102 4810ba_481457_481550_45ae8b_460142_4592c8
COMP 51-0: 473ecc_47414c_4741cf_45fede_4592c8 (1 22.00 0 22.00 0 22.00){0.00 0.00 0.00 0.00 8.80 0}{8.80 0.00 0.00 0.00 17.60 0}{17.60 22.00 22.00 22.00 26.40 1}{26.40 0.00 0.00 0.00 35.20 0}{35.20 0.00 0.00 0.00 44.00 0}
COMP 51-1: 4810ba_481457_481550_45ae8b_460142_4592c8 (30 9.61 0 9.00 0 12.00){0.00 0.00 0.00 0.00 3.60 0}{3.60 0.00 0.00 0.00 7.20 0}{7.20 9.00 9.55 10.00 10.80 29}{10.80 12.00 12.00 12.00 14.40 1}{14.40 0.00 0.00 0.00 18.00 0}
LOOP0: iter: ( 31 )[ 1 -1 0 1 0 ] mem: ( 1 )[ 1 -1 0 1 0 ]
10 1000 
12 1024 
14 1 
1b 0 
2b 2147483647 

RANKS: 1 -1 1 31 1
EVENT16: 1113 485d8d_4860ce_4861a5_45afe1_460142_4592c8
COMP 51-0: 473ecc_47414c_4741cf_45fede_4592c8 (31 14.97 3 13.00 24 19.00){0.00 0.00 0.00 0.00 5.60 0}{5.60 0.00 0.00 0.00 11.20 0}{11.20 13.00 14.76 16.00 16.80 29}{16.80 18.00 18.50 19.00 22.40 2}{22.40 0.00 0.00 0.00 28.00 0}
10 1000 
12 1024 
14 1 
1a ( 31 )[ 1 -1 1 1 0 ]
1a ( 29 )[ 1 -1 3 1 0 ]
1a ( 25 )[ 1 -1 7 1 0 ]
1a ( 17 )[ 1 -1 15 1 0 ]
1a ( 1 )[ 1 -1 31 1 0 ]
1a ( 9 )[ 1 -1 23 1 0 ]
1a ( 21 )[ 1 -1 11 1 0 ]
1a ( 13 )[ 1 -1 19 1 0 ]
1a ( 5 )[ 1 -1 27 1 0 ]
1a ( 27 )[ 1 -1 5 1 0 ]
1a ( 23 )[ 1 -1 9 1 0 ]
1a ( 15 )[ 1 -1 17 1 0 ]
1a ( 7 )[ 1 -1 25 1 0 ]
1a ( 19 )[ 1 -1 13 1 0 ]
1a ( 11 )[ 1 -1 21 1 0 ]
1a ( 3 )[ 1 -1 29 1 0 ]
1a ( 30 )[ 1 -1 2 1 0 ]
1a ( 28 )[ 1 -1 4 1 0 ]
1a ( 24 )[ 1 -1 8 1 0 ]
1a ( 16 )[ 1 -1 16 1 0 ]
1a ( 8 )[ 1 -1 24 1 0 ]
1a ( 20 )[ 1 -1 12 1 0 ]
1a ( 12 )[ 1 -1 20 1 0 ]
1a ( 4 )[ 1 -1 28 1 0 ]
1a ( 26 )[ 1 -1 6 1 0 ]
1a ( 22 )[ 1 -1 10 1 0 ]
1a ( 14 )[ 1 -1 18 1 0 ]
1a ( 6 )[ 1 -1 26 1 0 ]
1a ( 18 )[ 1 -1 14 1 0 ]
1a ( 10 )[ 1 -1 22 1 0 ]
1a ( 2 )[ 1 -1 30 1 0 ]
1b 0 

RANKS: 1 -1 0 32 1
EVENT17: 1011 471052_47133e_4713fd_45b0e2_460142_4592c8
COMP 51-0: 4810ba_481457_481550_45ae8b_460142_4592c8 (1 9.00 0 9.00 0 9.00){0.00 0.00 0.00 0.00 3.60 0}{3.60 0.00 0.00 0.00 7.20 0}{7.20 9.00 9.00 9.00 10.80 1}{10.80 0.00 0.00 0.00 14.40 0}{14.40 0.00 0.00 0.00 18.00 0}
COMP 51-1: 485d8d_4860ce_4861a5_45afe1_460142_4592c8 (31 9.28 8 8.00 3 10.00){0.00 0.00 0.00 0.00 3.60 0}{3.60 0.00 0.00 0.00 7.20 0}{7.20 8.00 9.29 10.00 10.80 31}{10.80 0.00 0.00 0.00 14.40 0}{14.40 0.00 0.00 0.00 18.00 0}
10 1000 
12 1 
14 3 
19 0 

RANKS: 1 -1 0 1 0
EVENT18: 1169 4a4ea5_4a5137_4a51d4_45e063_4608cf_4592c8
COMP 51-0: 471052_47133e_4713fd_45b0e2_460142_4592c8 (1 16.00 0 16.00 0 16.00){0.00 0.00 0.00 0.00 6.40 0}{6.40 0.00 0.00 0.00 12.80 0}{12.80 16.00 16.00 16.00 19.20 1}{19.20 0.00 0.00 0.00 25.60 0}{25.60 0.00 0.00 0.00 32.00 0}
11 1 
12 10 
49 0 

RANKS: 1 -1 0 1 0
EVENT19: 1169 4a4ea5_4a5137_4a51d4_45e0c0_4608cf_4592c8
COMP 51-0: 4a4ea5_4a5137_4a51d4_45e063_4608cf_4592c8 (1 20.00 0 20.00 0 20.00){0.00 0.00 0.00 0.00 8.00 0}{8.00 0.00 0.00 0.00 16.00 0}{16.00 20.00 20.00 20.00 24.00 1}{24.00 0.00 0.00 0.00 32.00 0}{32.00 0.00 0.00 0.00 40.00 0}
11 1 
12 22 
49 0 

RANKS: 1 -1 0 1 0
EVENT20: 1169 4a4ea5_4a5137_4a51d4_45e106_4608cf_4592c8
COMP 51-0: 4a4ea5_4a5137_4a51d4_45e0c0_4608cf_4592c8 (1 8.00 0 8.00 0 8.00){0.00 0.00 0.00 0.00 3.20 0}{3.20 0.00 0.00 0.00 6.40 0}{6.40 8.00 8.00 8.00 9.60 1}{9.60 0.00 0.00 0.00 12.80 0}{12.80 0.00 0.00 0.00 16.00 0}
11 1 
12 18 
49 0 

RANKS: 1 -1 0 1 0
EVENT21: 1169 4a4ea5_4a5137_4a51d4_45e16f_4608cf_4592c8
COMP 51-0: 4a4ea5_4a5137_4a51d4_45e106_4608cf_4592c8 (1 9.00 0 9.00 0 9.00){0.00 0.00 0.00 0.00 3.60 0}{3.60 0.00 0.00 0.00 7.20 0}{7.20 9.00 9.00 9.00 10.80 1}{10.80 0.00 0.00 0.00 14.40 0}{14.40 0.00 0.00 0.00 18.00 0}
11 1 
12 12 
49 0 

RANKS: 1 -1 0 1 0
EVENT22: 1169 4a4ea5_4a5137_4a51d4_45e1db_4608cf_4592c8
COMP 51-0: 4a4ea5_4a5137_4a51d4_45e16f_4608cf_4592c8 (1 11.00 0 11.00 0 11.00){0.00 0.00 0.00 0.00 4.40 0}{4.40 0.00 0.00 0.00 8.80 0}{8.80 11.00 11.00 11.00 13.20 1}{13.20 0.00 0.00 0.00 17.60 0}{17.60 0.00 0.00 0.00 22.00 0}
11 1 
12 44 
49 0 

RANKS: 1 -1 0 1 0
EVENT23: 1169 4a4ea5_4a5137_4a51d4_45e1f6_4608cf_4592c8
COMP 51-0: 4a4ea5_4a5137_4a51d4_45e1db_4608cf_4592c8 (1 9.00 0 9.00 0 9.00){0.00 0.00 0.00 0.00 3.60 0}{3.60 0.00 0.00 0.00 7.20 0}{7.20 9.00 9.00 9.00 10.80 1}{10.80 0.00 0.00 0.00 14.40 0}{14.40 0.00 0.00 0.00 18.00 0}
11 1 
12 21 
49 0 

RANKS: 1 -1 0 1 0
EVENT24: 1169 4a4ea5_4a5137_4a51d4_45e21f_4608cf_4592c8
COMP 51-0: 4a4ea5_4a5137_4a51d4_45e1f6_4608cf_4592c8 (1 11.00 0 11.00 0 11.00){0.00 0.00 0.00 0.00 4.40 0}{4.40 0.00 0.00 0.00 8.80 0}{8.80 11.00 11.00 11.00 13.20 1}{13.20 0.00 0.00 0.00 17.60 0}{17.60 0.00 0.00 0.00 22.00 0}
11 1 
12 20 
49 0 

RANKS: 1 -1 0 1 0
EVENT25: 1169 4a4ea5_4a5137_4a51d4_45e257_4608cf_4592c8
COMP 51-0: 4a4ea5_4a5137_4a51d4_45e21f_4608cf_4592c8 (1 9.00 0 9.00 0 9.00){0.00 0.00 0.00 0.00 3.60 0}{3.60 0.00 0.00 0.00 7.20 0}{7.20 9.00 9.00 9.00 10.80 1}{10.80 0.00 0.00 0.00 14.40 0}{14.40 0.00 0.00 0.00 18.00 0}
11 1 
12 21 
49 0 

RANKS: 1 -1 0 1 0
EVENT26: 1169 4a4ea5_4a5137_4a51d4_45e28e_4608cf_4592c8
COMP 51-0: 4a4ea5_4a5137_4a51d4_45e257_4608cf_4592c8 (1 8.00 0 8.00 0 8.00){0.00 0.00 0.00 0.00 3.20 0}{3.20 0.00 0.00 0.00 6.40 0}{6.40 8.00 8.00 8.00 9.60 1}{9.60 0.00 0.00 0.00 12.80 0}{12.80 0.00 0.00 0.00 16.00 0}
11 1 
12 18 
49 0 

RANKS: 1 -1 0 32 1
EVENT27: 1011 471052_47133e_4713fd_460ac3_4592c8
COMP 51-0: 471052_47133e_4713fd_45b0e2_460142_4592c8 (31 14.06 18 11.00 1 18.00){0.00 0.00 0.00 0.00 7.20 0}{7.20 11.00 12.04 13.00 14.40 14}{14.40 14.50 15.50 18.00 21.60 17}{21.60 0.00 0.00 0.00 28.80 0}{28.80 0.00 0.00 0.00 36.00 0}
COMP 51-1: 4a4ea5_4a5137_4a51d4_45e28e_4608cf_4592c8 (1 32.00 0 32.00 0 32.00){0.00 0.00 0.00 0.00 12.80 0}{12.80 0.00 0.00 0.00 25.60 0}{25.60 32.00 32.00 32.00 38.40 1}{38.40 0.00 0.00 0.00 51.20 0}{51.20 0.00 0.00 0.00 64.00 0}
10 1000 
12 1 
14 7 
19 0 

RANKS: 1 -1 0 32 1
EVENT28: 1010 470bed_470de3_470e43_460d4a_4592c8
COMP 51-0: 471052_47133e_4713fd_460ac3_4592c8 (32 19.03 21 14.00 25 27.00){0.00 0.00 0.00 0.00 10.00 0}{10.00 14.00 18.04 20.00 20.00 28}{20.00 22.00 24.50 27.00 30.00 4}{30.00 0.00 0.00 0.00 40.00 0}{40.00 0.00 0.00 0.00 50.00 0}
10 1000 

RANKS: 1 -1 0 32 1
EVENT29: 1171 491686_491ab6_491b7b_46a744_46a481_460e5a_4592c8
COMP 51-0: 470bed_470de3_470e43_460d4a_4592c8 (32 28.21 24 22.00 2 35.00){0.00 0.00 0.00 0.00 11.60 0}{11.60 22.00 22.00 22.00 23.20 1}{23.20 25.00 28.17 32.50 34.80 30}{34.80 35.00 35.00 35.00 46.40 1}{46.40 0.00 0.00 0.00 58.00 0}
COMM 51-0: 470bed_470de3_470e43_460d4a_4592c8 (32 10145.15 7 7853.00 28 11934.00){0.00 0.00 0.00 0.00 3534.00 0}{3534.00 0.00 0.00 0.00 7068.00 0}{7068.00 7853.00 10077.73 10306.38 10602.00 30}{10602.00 11689.00 11811.50 11934.00 14136.00 2}{14136.00 0.00 0.00 0.00 17670.00 0}
10 1000 
3a :/tmp/chunk.dat  
3b 41 
3c 1000 
52 22846 

RANKS: 1 -1 0 1 0
EVENT30: 1169 4a4ea5_4a5137_4a51d4_460f96_4592c8
COMP 51-0: 491686_491ab6_491b7b_46a744_46a481_460e5a_4592c8 (1 18.00 0 18.00 0 18.00){0.00 0.00 0.00 0.00 7.20 0}{7.20 0.00 0.00 0.00 14.40 0}{14.40 18.00 18.00 18.00 21.60 1}{21.60 0.00 0.00 0.00 28.80 0}{28.80 0.00 0.00 0.00 36.00 0}
11 1 
12 35 
49 0 

RANKS: 1 -1 0 32 1
EVENT31: 1176 493ca4_493fc8_4940a9_46b48b_465436_460ff4_4592c8
COMP 51-0: 491686_491ab6_491b7b_46a744_46a481_460e5a_4592c8 (31 228.41 25 205.00 20 248.00){0.00 0.00 0.00 0.00 98.40 0}{98.40 0.00 0.00 0.00 196.80 0}{196.80 205.00 227.84 248.00 295.20 31}{295.20 0.00 0.00 0.00 393.60 0}{393.60 0.00 0.00 0.00 492.00 0}
COMP 51-1: 493ca4_493fc8_4940a9_46b48b_465436_460ff4_4592c8 (480 22.04 15 12.00 6 3505.00){0.00 0.00 0.00 0.00 6.80 0}{6.80 12.00 14.59 19.57 20.40 469}{20.40 21.50 22.38 24.00 27.20 8}{27.20 28.00 30.50 33.00 34.00 2}{34.00 3505.00 3505.00 3505.00 6976.00 1}
COMP 51-2: 4a4ea5_4a5137_4a51d4_460f96_4592c8 (1 1749.00 0 1749.00 0 1749.00){0.00 0.00 0.00 0.00 699.60 0}{699.60 0.00 0.00 0.00 1399.20 0}{1399.20 1749.00 1749.00 1749.00 2098.80 1}{2098.80 0.00 0.00 0.00 2798.40 0}{2798.40 0.00 0.00 0.00 3498.00 0}
LOOP0: iter: ( 16 )[ 1 -1 0 32 1 ] mem: ( 1 )[ 1 -1 0 32 1 ]
12 131072 
14 12 
3c 1000 
3d ( 0 131072 262144 393216 524288 655360 786432 917504 1048576 1179648 1310720 1441792 1572864 1703936 1835008 1966080 )[ 1 -1 0 1 0 ]
3d ( 2097152 2228224 2359296 2490368 2621440 2752512 2883584 3014656 3145728 3276800 3407872 3538944 3670016 3801088 3932160 4063232 )[ 1 -1 1 1 0 ]
3d ( 6291456 6422528 6553600 6684672 6815744 6946816 7077888 7208960 7340032 7471104 7602176 7733248 7864320 7995392 8126464 8257536 )[ 1 -1 3 1 0 ]
3d ( 14680064 14811136 14942208 15073280 15204352 15335424 15466496 15597568 15728640 15859712 15990784 16121856 16252928 16384000 16515072 16646144 )[ 1 -1 7 1 0 ]
3d ( 31457280 31588352 31719424 31850496 31981568 32112640 32243712 32374784 32505856 32636928 32768000 32899072 33030144 33161216 33292288 33423360 )[ 1 -1 15 1 0 ]
3d ( 65011712 65142784 65273856 65404928 65536000 65667072 65798144 65929216 66060288 66191360 66322432 66453504 66584576 66715648 66846720 66977792 )[ 1 -1 31 1 0 ]
3d ( 48234496 48365568 48496640 48627712 48758784 48889856 49020928 49152000 49283072 49414144 49545216 49676288 49807360 49938432 50069504 50200576 )[ 1 -1 23 1 0 ]
3d ( 23068672 23199744 23330816 23461888 23592960 23724032 23855104 23986176 24117248 24248320 24379392 24510464 24641536 24772608 24903680 25034752 )[ 1 -1 11 1 0 ]
3d ( 39845888 39976960 40108032 40239104 40370176 40501248 40632320 40763392 40894464 41025536 41156608 41287680 41418752 41549824 41680896 41811968 )[ 1 -1 19 1 0 ]
3d ( 56623104 56754176 56885248 57016320 57147392 57278464 57409536 57540608 57671680 57802752 57933824 58064896 58195968 58327040 58458112 58589184 )[ 1 -1 27 1 0 ]
3d ( 10485760 10616832 10747904 10878976 11010048 11141120 11272192 11403264 11534336 11665408 11796480 11927552 12058624 12189696 12320768 12451840 )[ 1 -1 5 1 0 ]
3d ( 18874368 19005440 19136512 19267584 19398656 19529728 19660800 19791872 19922944 20054016 20185088 20316160 20447232 20578304 20709376 20840448 )[ 1 -1 9 1 0 ]
3d ( 35651584 35782656 35913728 36044800 36175872 36306944 36438016 36569088 36700160 36831232 36962304 37093376 37224448 37355520 37486592 37617664 )[ 1 -1 17 1 0 ]
3d ( 52428800 52559872 52690944 52822016 52953088 53084160 53215232 53346304 53477376 53608448 53739520 53870592 54001664 54132736 54263808 54394880 )[ 1 -1 25 1 0 ]
3d ( 27262976 27394048 27525120 27656192 27787264 27918336 28049408 28180480 28311552 28442624 28573696 28704768 28835840 28966912 29097984 29229056 )[ 1 -1 13 1 0 ]
3d ( 44040192 44171264 44302336 44433408 44564480 44695552 44826624 44957696 45088768 45219840 45350912 45481984 45613056 45744128 45875200 46006272 )[ 1 -1 21 1 0 ]
3d ( 60817408 60948480 61079552 61210624 61341696 61472768 61603840 61734912 61865984 61997056 62128128 62259200 62390272 62521344 62652416 62783488 )[ 1 -1 29 1 0 ]
3d ( 4194304 4325376 4456448 4587520 4718592 4849664 4980736 5111808 5242880 5373952 5505024 5636096 5767168 5898240 6029312 6160384 )[ 1 -1 2 1 0 ]
3d ( 8388608 8519680 8650752 8781824 8912896 9043968 9175040 9306112 9437184 9568256 9699328 9830400 9961472 10092544 10223616 10354688 )[ 1 -1 4 1 0 ]
3d ( 16777216 16908288 17039360 17170432 17301504 17432576 17563648 17694720 17825792 17956864 18087936 18219008 18350080 18481152 18612224 18743296 )[ 1 -1 8 1 0 ]
3d ( 33554432 33685504 33816576 33947648 34078720 34209792 34340864 34471936 34603008 34734080 34865152 34996224 35127296 35258368 35389440 35520512 )[ 1 -1 16 1 0 ]
3d ( 50331648 50462720 50593792 50724864 50855936 50987008 51118080 51249152 51380224 51511296 51642368 51773440 51904512 52035584 52166656 52297728 )[ 1 -1 24 1 0 ]
3d ( 25165824 25296896 25427968 25559040 25690112 25821184 25952256 26083328 26214400 26345472 26476544 26607616 26738688 26869760 27000832 27131904 )[ 1 -1 12 1 0 ]
3d ( 41943040 42074112 42205184 42336256 42467328 42598400 42729472 42860544 42991616 43122688 43253760 43384832 43515904 43646976 43778048 43909120 )[ 1 -1 20 1 0 ]
3d ( 58720256 58851328 58982400 59113472 59244544 59375616 59506688 59637760 59768832 59899904 60030976 60162048 60293120 60424192 60555264 60686336 )[ 1 -1 28 1 0 ]
3d ( 12582912 12713984 12845056 12976128 13107200 13238272 13369344 13500416 13631488 13762560 13893632 14024704 14155776 14286848 14417920 14548992 )[ 1 -1 6 1 0 ]
3d ( 20971520 21102592 21233664 21364736 21495808 21626880 21757952 21889024 22020096 22151168 22282240 22413312 22544384 22675456 22806528 22937600 )[ 1 -1 10 1 0 ]
3d ( 37748736 37879808 38010880 38141952 38273024 38404096 38535168 38666240 38797312 38928384 39059456 39190528 39321600 39452672 39583744 39714816 )[ 1 -1 18 1 0 ]
3d ( 54525952 54657024 54788096 54919168 55050240 55181312 55312384 55443456 55574528 55705600 55836672 55967744 56098816 56229888 56360960 56492032 )[ 1 -1 26 1 0 ]
3d ( 29360128 29491200 29622272 29753344 29884416 30015488 30146560 30277632 30408704 30539776 30670848 30801920 30932992 31064064 31195136 31326208 )[ 1 -1 14 1 0 ]
3d ( 46137344 46268416 46399488 46530560 46661632 46792704 46923776 47054848 47185920 47316992 47448064 47579136 47710208 47841280 47972352 48103424 )[ 1 -1 22 1 0 ]
3d ( 62914560 63045632 63176704 63307776 63438848 63569920 63700992 63832064 63963136 64094208 64225280 64356352 64487424 64618496 64749568 64880640 )[ 1 -1 30 1 0 ]

RANKS: 1 -1 0 32 1
EVENT32: 1183 496b2e_496d6d_496dcd_46b6dc_461140_4592c8
COMP 51-0: 493ca4_493fc8_4940a9_46b48b_465436_460ff4_4592c8 (32 61.21 26 45.00 11 150.00){0.00 0.00 0.00 0.00 25.20 0}{25.20 45.00 47.00 49.00 50.40 8}{50.40 53.00 61.41 74.00 75.60 22}{75.60 80.00 80.00 80.00 126.00 1}{126.00 150.00 150.00 150.00 174.00 1}
3c 1000 
52 252378 

RANKS: 1 -1 0 32 1
EVENT33: 1010 470bed_470de3_470e43_4612a4_4592c8
COMP 51-0: 496b2e_496d6d_496dcd_46b6dc_461140_4592c8 (32 12.27 7 11.00 7 15.00){0.00 0.00 0.00 0.00 4.80 0}{4.80 0.00 0.00 0.00 9.60 0}{9.60 11.00 12.19 14.00 14.40 31}{14.40 15.00 15.00 15.00 19.20 1}{19.20 0.00 0.00 0.00 24.00 0}
10 1000 

RANKS: 1 -1 0 32 1
EVENT34: 1171 491686_491ab6_491b7b_46be3a_461465_4592c8
COMP 51-0: 470bed_470de3_470e43_4612a4_4592c8 (32 14.30 7 11.00 16 72.00){0.00 0.00 0.00 0.00 5.20 0}{5.20 0.00 0.00 0.00 10.40 0}{10.40 11.00 12.33 14.00 15.60 30}{15.60 17.00 17.00 17.00 26.00 1}{26.00 72.00 72.00 72.00 118.00 1}
COMM 51-0: 470bed_470de3_470e43_4612a4_4592c8 (32 1736.18 18 1315.00 16 2022.00){0.00 0.00 0.00 0.00 664.00 0}{664.00 1315.00 1315.00 1315.00 1328.00 1}{1328.00 1577.50 1743.23 1951.00 1992.00 30}{1992.00 2022.00 2022.00 2022.00 2656.00 1}{2656.00 0.00 0.00 0.00 3320.00 0}
10 1000 
3a :/tmp/chunk.dat  
3b 2 
3c 1001 
52 5104 

RANKS: 1 -1 0 32 1
EVENT35: 1183 496b2e_496d6d_496dcd_46bfdd_461465_4592c8
COMP 51-0: 491686_491ab6_491b7b_46be3a_461465_4592c8 (32 59.24 7 32.00 17 195.00){0.00 0.00 0.00 0.00 19.20 0}{19.20 32.00 40.12 50.00 57.60 25}{57.60 76.00 78.00 80.00 96.00 2}{96.00 101.00 119.67 138.00 144.00 3}{144.00 194.00 194.50 195.00 246.00 2}
3c 1001 
52 480 

RANKS: 1 -1 0 32 1
EVENT36: 1004 46e310_46e630_46e710_46c1e0_461465_4592c8
COMP 51-0: 496b2e_496d6d_496dcd_46bfdd_461465_4592c8 (32 14.52 15 13.00 15 16.00){0.00 0.00 0.00 0.00 5.60 0}{5.60 0.00 0.00 0.00 11.20 0}{11.20 13.00 14.53 16.00 16.80 32}{16.80 0.00 0.00 0.00 22.40 0}{22.40 0.00 0.00 0.00 28.00 0}
10 1000 
12 1 
14 38 
18 2 

RANKS: 1 -1 0 32 1
EVENT37: 1004 46e310_46e630_46e710_46c2e0_461465_4592c8
COMP 51-0: 46e310_46e630_46e710_46c1e0_461465_4592c8 (32 10.33 19 9.00 19 11.00){0.00 0.00 0.00 0.00 4.00 0}{4.00 0.00 0.00 0.00 8.00 0}{8.00 9.00 10.34 11.00 12.00 32}{12.00 0.00 0.00 0.00 16.00 0}{16.00 0.00 0.00 0.00 20.00 0}
10 1000 
12 1 
14 38 
18 1 

RANKS: 1 -1 0 32 1
EVENT38: 1004 46e310_46e630_46e710_459de7_46147b_4592c8
COMP 51-0: 46e310_46e630_46e710_46c2e0_461465_4592c8 (32 10.70 19 9.00 19 12.00){0.00 0.00 0.00 0.00 4.40 0}{4.40 0.00 0.00 0.00 8.80 0}{8.80 9.00 10.69 12.00 13.20 32}{13.20 0.00 0.00 0.00 17.60 0}{17.60 0.00 0.00 0.00 22.00 0}
10 1000 
12 1 
14 38 
18 3 

RANKS: 1 -1 0 32 1
EVENT39: 1104 48214b_4824b0_4825ae_45d3dc_4614bc_4592c8
COMP 51-0: 46e310_46e630_46e710_459de7_46147b_4592c8 (32 15.39 11 13.00 8 18.00){0.00 0.00 0.00 0.00 5.60 0}{5.60 0.00 0.00 0.00 11.20 0}{11.20 13.00 15.30 15.69 16.80 30}{16.80 17.00 17.50 18.00 22.40 2}{22.40 0.00 0.00 0.00 28.00 0}
COMP 51-1: 48214b_4824b0_4825ae_45d3dc_4614bc_4592c8 (352 10.38 1 9.00 29 23.00){0.00 0.00 0.00 0.00 8.00 0}{8.00 9.00 10.23 12.00 12.00 345}{12.00 15.00 15.33 16.00 16.00 3}{16.00 18.00 18.67 19.00 20.00 3}{20.00 23.00 23.00 23.00 26.00 1}
LOOP0: iter: ( 12 )[ 1 -1 0 32 1 ] mem: ( 1 )[ 1 -1 0 32 1 ]
10 1000 
12 1 
14 10 
18 2 1 
19 0 

RANKS: 1 -1 0 32 1
EVENT40: 1010 470bed_470de3_470e43_461d7f_4592c8
COMP 51-0: 48214b_4824b0_4825ae_45d3dc_4614bc_4592c8 (32 12.79 5 11.00 15 15.00){0.00 0.00 0.00 0.00 5.20 0}{5.20 0.00 0.00 0.00 10.40 0}{10.40 11.00 12.78 15.00 15.60 32}{15.60 0.00 0.00 0.00 20.80 0}{20.80 0.00 0.00 0.00 26.00 0}
10 1000 

RANKS: 1 -1 0 32 1
EVENT41: 1171 491686_491ab6_491b7b_46a744_461e8f_4592c8
COMP 51-0: 470bed_470de3_470e43_461d7f_4592c8 (32 18.30 1 15.00 9 61.00){0.00 0.00 0.00 0.00 12.80 0}{12.80 15.00 15.93 18.00 19.20 28}{19.20 25.00 25.00 25.00 25.60 2}{25.60 31.00 31.00 31.00 32.00 1}{32.00 61.00 61.00 61.00 90.00 1}
COMM 51-0: 470bed_470de3_470e43_461d7f_4592c8 (32 1274.64 18 924.00 25 1769.00){0.00 0.00 0.00 0.00 371.20 0}{371.20 0.00 0.00 0.00 742.40 0}{742.40 924.00 1002.55 1102.00 1113.60 11}{1113.60 1118.00 1370.38 1463.00 1484.80 16}{1484.80 1554.00 1636.20 1769.00 1856.00 5}
10 1000 
3a :/tmp/chunk.dat  
3b 41 
3c 1002 
52 5992 

RANKS: 1 -1 0 1 0
EVENT42: 1169 4a4ea5_4a5137_4a51d4_462003_4592c8
COMP 51-0: 491686_491ab6_491b7b_46a744_461e8f_4592c8 (1 14.00 0 14.00 0 14.00){0.00 0.00 0.00 0.00 5.60 0}{5.60 0.00 0.00 0.00 11.20 0}{11.20 14.00 14.00 14.00 16.80 1}{16.80 0.00 0.00 0.00 22.40 0}{22.40 0.00 0.00 0.00 28.00 0}
11 1 
12 34 
49 0 

RANKS: 1 -1 0 32 1
EVENT43: 1180 495934_495c58_495d39_46b48b_46551c_462061_4592c8
COMP 51-0: 491686_491ab6_491b7b_46a744_461e8f_4592c8 (31 233.03 29 205.00 28 442.00){0.00 0.00 0.00 0.00 89.60 0}{89.60 0.00 0.00 0.00 179.20 0}{179.20 205.00 226.37 234.00 268.80 30}{268.80 0.00 0.00 0.00 358.40 0}{358.40 442.00 442.00 442.00 448.00 1}
COMP 51-1: 495934_495c58_495d39_46b48b_46551c_462061_4592c8 (480 13.54 1 11.00 27 331.00){0.00 0.00 0.00 0.00 8.80 0}{8.80 11.00 12.61 17.00 17.60 472}{17.60 18.00 20.83 22.00 35.20 6}{35.20 0.00 0.00 0.00 44.00 0}{44.00 84.00 207.50 331.00 618.00 2}
COMP 51-2: 4a4ea5_4a5137_4a51d4_462003_4592c8 (1 253.00 0 253.00 0 253.00){0.00 0.00 0.00 0.00 101.20 0}{101.20 0.00 0.00 0.00 202.40 0}{202.40 253.00 253.00 253.00 303.60 1}{303.60 0.00 0.00 0.00 404.80 0}{404.80 0.00 0.00 0.00 506.00 0}
LOOP0: iter: ( 16 )[ 1 -1 0 32 1 ] mem: ( 1 )[ 1 -1 0 32 1 ]
12 131072 
14 12 
3c 1002 
3d ( 0 131072 262144 393216 524288 655360 786432 917504 1048576 1179648 1310720 1441792 1572864 1703936 1835008 1966080 )[ 1 -1 0 1 0 ]
3d ( 2097152 2228224 2359296 2490368 2621440 2752512 2883584 3014656 3145728 3276800 3407872 3538944 3670016 3801088 3932160 4063232 )[ 1 -1 1 1 0 ]
3d ( 6291456 6422528 6553600 6684672 6815744 6946816 7077888 7208960 7340032 7471104 7602176 7733248 7864320 7995392 8126464 8257536 )[ 1 -1 3 1 0 ]
3d ( 14680064 14811136 14942208 15073280 15204352 15335424 15466496 15597568 15728640 15859712 15990784 16121856 16252928 16384000 16515072 16646144 )[ 1 -1 7 1 0 ]
3d ( 31457280 31588352 31719424 31850496 31981568 32112640 32243712 32374784 32505856 32636928 32768000 32899072 33030144 33161216 33292288 33423360 )[ 1 -1 15 1 0 ]
3d ( 65011712 65142784 65273856 65404928 65536000 65667072 65798144 65929216 66060288 66191360 66322432 66453504 66584576 66715648 66846720 66977792 )[ 1 -1 31 1 0 ]
3d ( 48234496 48365568 48496640 48627712 48758784 48889856 49020928 49152000 49283072 49414144 49545216 49676288 49807360 49938432 50069504 50200576 )[ 1 -1 23 1 0 ]
3d ( 23068672 23199744 23330816 23461888 23592960 23724032 23855104 23986176 24117248 24248320 24379392 24510464 24641536 24772608 24903680 25034752 )[ 1 -1 11 1 0 ]
3d ( 39845888 39976960 40108032 40239104 40370176 40501248 40632320 40763392 40894464 41025536 41156608 41287680 41418752 41549824 41680896 41811968 )[ 1 -1 19 1 0 ]
3d ( 56623104 56754176 56885248 57016320 57147392 57278464 57409536 57540608 57671680 57802752 57933824 58064896 58195968 58327040 58458112 58589184 )[ 1 -1 27 1 0 ]
3d ( 10485760 10616832 10747904 10878976 11010048 11141120 11272192 11403264 11534336 11665408 11796480 11927552 12058624 12189696 12320768 12451840 )[ 1 -1 5 1 0 ]
3d ( 18874368 19005440 19136512 19267584 19398656 19529728 19660800 19791872 19922944 20054016 20185088 20316160 20447232 20578304 20709376 20840448 )[ 1 -1 9 1 0 ]
3d ( 35651584 35782656 35913728 36044800 36175872 36306944 36438016 36569088 36700160 36831232 36962304 37093376 37224448 37355520 37486592 37617664 )[ 1 -1 17 1 0 ]
3d ( 52428800 52559872 52690944 52822016 52953088 53084160 53215232 53346304 53477376 53608448 53739520 53870592 54001664 54132736 54263808 54394880 )[ 1 -1 25 1 0 ]
3d ( 27262976 27394048 27525120 27656192 27787264 27918336 28049408 28180480 28311552 28442624 28573696 28704768 28835840 28966912 29097984 29229056 )[ 1 -1 13 1 0 ]
3d ( 44040192 44171264 44302336 44433408 44564480 44695552 44826624 44957696 45088768 45219840 45350912 45481984 45613056 45744128 45875200 46006272 )[ 1 -1 21 1 0 ]
3d ( 60817408 60948480 61079552 61210624 61341696 61472768 61603840 61734912 61865984 61997056 62128128 62259200 62390272 62521344 62652416 62783488 )[ 1 -1 29 1 0 ]
3d ( 4194304 4325376 4456448 4587520 4718592 4849664 4980736 5111808 5242880 5373952 5505024 5636096 5767168 5898240 6029312 6160384 )[ 1 -1 2 1 0 ]
3d ( 8388608 8519680 8650752 8781824 8912896 9043968 9175040 9306112 9437184 9568256 9699328 9830400 9961472 10092544 10223616 10354688 )[ 1 -1 4 1 0 ]
3d ( 16777216 16908288 17039360 17170432 17301504 17432576 17563648 17694720 17825792 17956864 18087936 18219008 18350080 18481152 18612224 18743296 )[ 1 -1 8 1 0 ]
3d ( 33554432 33685504 33816576 33947648 34078720 34209792 34340864 34471936 34603008 34734080 34865152 34996224 35127296 35258368 35389440 35520512 )[ 1 -1 16 1 0 ]
3d ( 50331648 50462720 50593792 50724864 50855936 50987008 51118080 51249152 51380224 51511296 51642368 51773440 51904512 52035584 52166656 52297728 )[ 1 -1 24 1 0 ]
3d ( 25165824 25296896 25427968 25559040 25690112 25821184 25952256 26083328 26214400 26345472 26476544 26607616 26738688 26869760 27000832 27131904 )[ 1 -1 12 1 0 ]
3d ( 41943040 42074112 42205184 42336256 42467328 42598400 42729472 42860544 42991616 43122688 43253760 43384832 43515904 43646976 43778048 43909120 )[ 1 -1 20 1 0 ]
3d ( 58720256 58851328 58982400 59113472 59244544 59375616 59506688 59637760 59768832 59899904 60030976 60162048 60293120 60424192 60555264 60686336 )[ 1 -1 28 1 0 ]
3d ( 12582912 12713984 12845056 12976128 13107200 13238272 13369344 13500416 13631488 13762560 13893632 14024704 14155776 14286848 14417920 14548992 )[ 1 -1 6 1 0 ]
3d ( 20971520 21102592 21233664 21364736 21495808 21626880 21757952 21889024 22020096 22151168 22282240 22413312 22544384 22675456 22806528 22937600 )[ 1 -1 10 1 0 ]
3d ( 37748736 37879808 38010880 38141952 38273024 38404096 38535168 38666240 38797312 38928384 39059456 39190528 39321600 39452672 39583744 39714816 )[ 1 -1 18 1 0 ]
3d ( 54525952 54657024 54788096 54919168 55050240 55181312 55312384 55443456 55574528 55705600 55836672 55967744 56098816 56229888 56360960 56492032 )[ 1 -1 26 1 0 ]
3d ( 29360128 29491200 29622272 29753344 29884416 30015488 30146560 30277632 30408704 30539776 30670848 30801920 30932992 31064064 31195136 31326208 )[ 1 -1 14 1 0 ]
3d ( 46137344 46268416 46399488 46530560 46661632 46792704 46923776 47054848 47185920 47316992 47448064 47579136 47710208 47841280 47972352 48103424 )[ 1 -1 22 1 0 ]
3d ( 62914560 63045632 63176704 63307776 63438848 63569920 63700992 63832064 63963136 64094208 64225280 64356352 64487424 64618496 64749568 64880640 )[ 1 -1 30 1 0 ]

RANKS: 1 -1 0 32 1
EVENT44: 1183 496b2e_496d6d_496dcd_46b6dc_4621ad_4592c8
COMP 51-0: 495934_495c58_495d39_46b48b_46551c_462061_4592c8 (32 49.21 20 37.00 16 66.00){0.00 0.00 0.00 0.00 16.00 0}{16.00 0.00 0.00 0.00 32.00 0}{32.00 37.00 40.75 48.00 48.00 16}{48.00 56.00 57.73 60.00 64.00 15}{64.00 66.00 66.00 66.00 80.00 1}
3c 1002 
52 18239 

RANKS: 1 -1 0 32 1
EVENT45: 1171 491686_491ab6_491b7b_46be3a_462211_4592c8
COMP 51-0: 496b2e_496d6d_496dcd_46b6dc_4621ad_4592c8 (32 12.70 29 11.00 29 14.00){0.00 0.00 0.00 0.00 5.20 0}{5.20 0.00 0.00 0.00 10.40 0}{10.40 11.00 12.69 14.00 15.60 32}{15.60 0.00 0.00 0.00 20.80 0}{20.80 0.00 0.00 0.00 26.00 0}
COMM 51-0: 496b2e_496d6d_496dcd_46b6dc_4621ad_4592c8 (32 1339.91 24 1109.00 18 1629.00){0.00 0.00 0.00 0.00 524.80 0}{524.80 0.00 0.00 0.00 1049.60 0}{1049.60 1109.00 1331.48 1441.58 1574.40 31}{1574.40 1629.00 1629.00 1629.00 2099.20 1}{2099.20 0.00 0.00 0.00 2624.00 0}
10 1000 
3a :/tmp/chunk.dat  
3b 2 
3c 1003 
52 1362 

RANKS: 1 -1 0 32 1
EVENT46: 1183 496b2e_496d6d_496dcd_46bfdd_462211_4592c8
COMP 51-0: 491686_491ab6_491b7b_46be3a_462211_4592c8 (32 21.45 25 16.00 24 45.00){0.00 0.00 0.00 0.00 8.00 0}{8.00 16.00 16.00 16.00 16.00 2}{16.00 16.50 19.32 22.00 24.00 25}{24.00 30.00 32.00 34.00 40.00 4}{40.00 45.00 45.00 45.00 50.00 1}
3c 1003 
52 308 

RANKS: 1 -1 0 32 1
EVENT47: 1004 46e310_46e630_46e710_46c1e0_462211_4592c8
COMP 51-0: 496b2e_496d6d_496dcd_46bfdd_462211_4592c8 (32 11.03 3 10.00 0 12.00){0.00 0.00 0.00 0.00 4.80 0}{4.80 0.00 0.00 0.00 9.60 0}{9.60 10.00 11.00 12.00 14.40 32}{14.40 0.00 0.00 0.00 19.20 0}{19.20 0.00 0.00 0.00 24.00 0}
10 1000 
12 1 
14 38 
18 2 

RANKS: 1 -1 0 32 1
EVENT48: 1004 46e310_46e630_46e710_46c2e0_462211_4592c8
COMP 51-0: 46e310_46e630_46e710_46c1e0_462211_4592c8 (32 10.27 1 9.00 0 11.00){0.00 0.00 0.00 0.00 4.40 0}{4.40 0.00 0.00 0.00 8.80 0}{8.80 9.00 10.25 11.00 13.20 32}{13.20 0.00 0.00 0.00 17.60 0}{17.60 0.00 0.00 0.00 22.00 0}
10 1000 
12 1 
14 38 
18 1 

RANKS: 1 -1 0 32 1
EVENT49: 1004 46e310_46e630_46e710_459de7_462227_4592c8
COMP 51-0: 46e310_46e630_46e710_46c2e0_462211_4592c8 (32 11.30 13 9.00 30 18.00){0.00 0.00 0.00 0.00 6.40 0}{6.40 9.00 10.62 11.00 12.80 29}{12.80 15.00 16.33 18.00 19.20 3}{19.20 0.00 0.00 0.00 25.60 0}{25.60 0.00 0.00 0.00 32.00 0}
10 1000 
12 1 
14 38 
18 3 

RANKS: 1 -1 0 32 1
EVENT50: 1104 48214b_4824b0_4825ae_45d3dc_462268_4592c8
COMP 51-0: 46e310_46e630_46e710_459de7_462227_4592c8 (32 11.52 13 10.00 13 13.00){0.00 0.00 0.00 0.00 4.80 0}{4.80 0.00 0.00 0.00 9.60 0}{9.60 10.00 11.50 13.00 14.40 32}{14.40 0.00 0.00 0.00 19.20 0}{19.20 0.00 0.00 0.00 24.00 0}
COMP 51-1: 48214b_4824b0_4825ae_45d3dc_462268_4592c8 (352 17.21 21 8.00 11 956.00){0.00 0.00 0.00 0.00 4.00 0}{4.00 8.00 8.00 8.00 8.00 1}{8.00 9.00 10.15 12.00 12.00 341}{12.00 14.00 17.20 20.00 20.00 5}{20.00 28.00 501.80 956.00 1892.00 5}
LOOP0: iter: ( 12 )[ 1 -1 0 32 1 ] mem: ( 1 )[ 1 -1 0 32 1 ]
10 1000 
12 1 
14 10 
18 2 1 
19 0 

RANKS: 1 -1 0 32 1
EVENT51: 1010 470bed_470de3_470e43_462676_4592c8
COMP 51-0: 48214b_4824b0_4825ae_45d3dc_462268_4592c8 (32 11.52 5 9.00 31 25.00){0.00 0.00 0.00 0.00 4.00 0}{4.00 0.00 0.00 0.00 8.00 0}{8.00 9.00 10.62 12.00 12.00 29}{12.00 14.00 14.00 14.00 20.00 1}{20.00 23.00 24.00 25.00 30.00 2}
10 1000 

RANKS: 1 -1 0 1 0
EVENT52: 1184 497051_4972e3_497353_46b9a3_45db5e_462786_4592c8
COMP 51-0: 470bed_470de3_470e43_462676_4592c8 (1 27.00 0 27.00 0 27.00){0.00 0.00 0.00 0.00 10.80 0}{10.80 0.00 0.00 0.00 21.60 0}{21.60 27.00 27.00 27.00 32.40 1}{32.40 0.00 0.00 0.00 43.20 0}{43.20 0.00 0.00 0.00 54.00 0}
3a :/tmp/chunk.dat  

RANKS: 1 -1 0 32 1
EVENT53: 1010 470bed_470de3_470e43_4627a3_4592c8
COMP 51-0: 470bed_470de3_470e43_462676_4592c8 (31 9.62 1 9.00 31 11.00){0.00 0.00 0.00 0.00 3.60 0}{3.60 0.00 0.00 0.00 7.20 0}{7.20 9.00 9.60 10.00 10.80 30}{10.80 11.00 11.00 11.00 14.40 1}{14.40 0.00 0.00 0.00 18.00 0}
COMP 51-1: 497051_4972e3_497353_46b9a3_45db5e_462786_4592c8 (1 17.00 0 17.00 0 17.00){0.00 0.00 0.00 0.00 6.80 0}{6.80 0.00 0.00 0.00 13.60 0}{13.60 17.00 17.00 17.00 20.40 1}{20.40 0.00 0.00 0.00 27.20 0}{27.20 0.00 0.00 0.00 34.00 0}
10 1000 

RANKS: 1 -1 0 1 0
EVENT54: 1169 4a4ea5_4a5137_4a51d4_45f333_4628d3_4592c8
COMP 51-0: 470bed_470de3_470e43_4627a3_4592c8 (1 34.00 0 34.00 0 34.00){0.00 0.00 0.00 0.00 13.60 0}{13.60 0.00 0.00 0.00 27.20 0}{27.20 34.00 34.00 34.00 40.80 1}{40.80 0.00 0.00 0.00 54.40 0}{54.40 0.00 0.00 0.00 68.00 0}
11 1 
12 109 
49 0 

RANKS: 1 -1 0 1 0
EVENT55: 1169 4a4ea5_4a5137_4a51d4_45f358_4628d3_4592c8
COMP 51-0: 4a4ea5_4a5137_4a51d4_45f333_4628d3_4592c8 (1 10.00 0 10.00 0 10.00){0.00 0.00 0.00 0.00 4.00 0}{4.00 0.00 0.00 0.00 8.00 0}{8.00 10.00 10.00 10.00 12.00 1}{12.00 0.00 0.00 0.00 16.00 0}{16.00 0.00 0.00 0.00 20.00 0}
11 1 
12 87 
49 0 

RANKS: 1 -1 0 1 0
EVENT56: 1169 4a4ea5_4a5137_4a51d4_45f384_4628d3_4592c8
COMP 51-0: 4a4ea5_4a5137_4a51d4_45f358_4628d3_4592c8 (1 15.00 0 15.00 0 15.00){0.00 0.00 0.00 0.00 6.00 0}{6.00 0.00 0.00 0.00 12.00 0}{12.00 15.00 15.00 15.00 18.00 1}{18.00 0.00 0.00 0.00 24.00 0}{24.00 0.00 0.00 0.00 30.00 0}
11 1 
12 108 
49 0 

RANKS: 1 -1 0 1 0
EVENT57: 1169 4a4ea5_4a5137_4a51d4_45f764_4628d3_4592c8
COMP 51-0: 4a4ea5_4a5137_4a51d4_45f384_4628d3_4592c8 (1 43.00 0 43.00 0 43.00){0.00 0.00 0.00 0.00 17.20 0}{17.20 0.00 0.00 0.00 34.40 0}{34.40 43.00 43.00 43.00 51.60 1}{51.60 0.00 0.00 0.00 68.80 0}{68.80 0.00 0.00 0.00 86.00 0}
11 1 
12 6 
49 0 

RANKS: 1 -1 0 1 0
EVENT58: 1169 4a4ea5_4a5137_4a51d4_45fb4a_4628d3_4592c8
COMP 51-0: 4a4ea5_4a5137_4a51d4_45f764_4628d3_4592c8 (1 26.00 0 26.00 0 26.00){0.00 0.00 0.00 0.00 10.40 0}{10.40 0.00 0.00 0.00 20.80 0}{20.80 26.00 26.00 26.00 31.20 1}{31.20 0.00 0.00 0.00 41.60 0}{41.60 0.00 0.00 0.00 52.00 0}
11 1 
12 6 
49 0 

RANKS: 1 -1 0 32 1
EVENT59: 1028 474931_474af2_474b52_4628dd_4592c8
COMP 51-0: 470bed_470de3_470e43_4627a3_4592c8 (31 92.53 9 35.00 21 412.00){0.00 0.00 0.00 0.00 16.40 0}{16.40 0.00 0.00 0.00 32.80 0}{32.80 35.00 45.82 61.00 82.00 22}{82.00 86.00 86.00 86.00 90.00 1}{90.00 96.00 228.25 412.00 734.00 8}
COMP 51-1: 4a4ea5_4a5137_4a51d4_45fb4a_4628d3_4592c8 (1 10736.00 0 10736.00 0 10736.00){0.00 0.00 0.00 0.00 4294.40 0}{4294.40 0.00 0.00 0.00 8588.80 0}{8588.80 10736.00 10736.00 10736.00 12883.20 1}{12883.20 0.00 0.00 0.00 17177.60 0}{17177.60 0.00 0.00 0.00 21472.00 0}
10 1000 

RANKS: 1 -1 0 32 1
EVENT60: 1010 470bed_470de3_470e43_462a58_4592c8
COMP 51-0: 474931_474af2_474b52_4628dd_4592c8 (32 10.21 4 9.00 0 11.00){0.00 0.00 0.00 0.00 4.40 0}{4.40 0.00 0.00 0.00 8.80 0}{8.80 9.00 10.19 11.00 13.20 32}{13.20 0.00 0.00 0.00 17.60 0}{17.60 0.00 0.00 0.00 22.00 0}
10 2 

RANKS: 1 -1 0 32 1
EVENT61: 1045 476acc_476b3d_476b81_4593a5
COMP 51-0: 470bed_470de3_470e43_462a58_4592c8 (32 741.52 29 74.00 12 3756.00){0.00 74.00 149.47 280.00 338.40 15}{338.40 529.00 743.90 851.20 1015.20 10}{1015.20 1090.00 1136.00 1211.00 1353.60 3}{1353.60 1503.00 1520.50 1538.00 1692.00 2}{1692.00 3738.00 3747.00 3756.00 5820.00 2}
52 45738 

