RANKS: 1 -1 0 8 1
EVENT0: 1084 47cb68_47cc13_47cc5f_458f9f
33 2 
34 0 

RANKS: 1 -1 0 1 0
EVENT1: 1102 4810ba_481457_481550_45ae8b_45db7f_459218
COMP 51-0: 47cb68_47cc13_47cc5f_458f9f (1 88.00 0 88.00 0 88.00){0.00 0.00 0.00 0.00 35.20 0}{35.20 0.00 0.00 0.00 70.40 0}{70.40 88.00 88.00 88.00 105.60 1}{105.60 0.00 0.00 0.00 140.80 0}{140.80 0.00 0.00 0.00 176.00 0}
COMP 51-1: 4810ba_481457_481550_45ae8b_45db7f_459218 (6 55.86 0 11.00 0 150.00){0.00 11.00 18.20 29.00 60.00 5}{60.00 0.00 0.00 0.00 120.00 0}{120.00 150.00 150.00 150.00 180.00 1}{180.00 0.00 0.00 0.00 240.00 0}{240.00 0.00 0.00 0.00 300.00 0}
LOOP0: iter: ( 7 )[ 1 -1 0 1 0 ] mem: ( 1 )[ 1 -1 0 1 0 ]
10 2 
12 1024 
14 1 
1b 0 
2b 2147483647 

RANKS: 1 -1 1 7 1
EVENT2: 1113 485d8d_4860ce_4861a5_45afe1_45db7f_459218
COMP 51-0: 47cb68_47cc13_47cc5f_458f9f (7 98.00 3 53.00 1 138.00){0.00 53.00 53.00 53.00 55.20 1}{55.20 62.00 80.00 108.00 110.40 4}{110.40 135.00 136.50 138.00 165.60 2}{165.60 0.00 0.00 0.00 220.80 0}{220.80 0.00 0.00 0.00 276.00 0}
10 2 
12 1024 
14 1 
1a ( 7 )[ 1 -1 1 1 0 ]
1a ( 5 )[ 1 -1 3 1 0 ]
1a ( 1 )[ 1 -1 7 1 0 ]
1a ( 3 )[ 1 -1 5 1 0 ]
1a ( 6 )[ 1 -1 2 1 0 ]
1a ( 4 )[ 1 -1 4 1 0 ]
1a ( 2 )[ 1 -1 6 1 0 ]
1b 0 

RANKS: 1 -1 0 8 1
EVENT3: 1011 471052_47133e_4713fd_45b0e2_45db7f_459218
COMP 51-0: 4810ba_481457_481550_45ae8b_45db7f_459218 (1 15.00 0 15.00 0 15.00){0.00 0.00 0.00 0.00 6.00 0}{6.00 0.00 0.00 0.00 12.00 0}{12.00 15.00 15.00 15.00 18.00 1}{18.00 0.00 0.00 0.00 24.00 0}{24.00 0.00 0.00 0.00 30.00 0}
COMP 51-1: 485d8d_4860ce_4861a5_45afe1_45db7f_459218 (7 31.38 3 19.00 5 45.00){0.00 0.00 0.00 0.00 16.80 0}{16.80 19.00 19.50 20.00 33.60 4}{33.60 42.00 43.67 45.00 50.40 3}{50.40 0.00 0.00 0.00 67.20 0}{67.20 0.00 0.00 0.00 84.00 0}
10 2 
12 1 
14 3 
19 0 

RANKS: 1 -1 0 8 1
EVENT4: 1167 4a4646_4a4872_4a48cc_468bac_468df4_45db91_459218
COMP 51-0: 471052_47133e_4713fd_45b0e2_45db7f_459218 (8 2004.00 7 1600.00 5 2233.00){0.00 0.00 0.00 0.00 880.40 0}{880.40 1600.00 1600.00 1600.00 1760.80 1}{1760.80 1808.00 2033.57 2233.00 2641.20 7}{2641.20 0.00 0.00 0.00 3521.60 0}{3521.60 0.00 0.00 0.00 4402.00 0}
49 0 
52 57267 

RANKS: 1 -1 0 8 1
EVENT5: 1011 471052_47133e_4713fd_45b7a0_45dba2_459218
COMP 51-0: 4a4646_4a4872_4a48cc_468bac_468df4_45db91_459218 (8 28.67 4 14.00 7 49.00){0.00 14.00 14.67 15.00 17.60 3}{17.60 18.00 18.50 19.00 35.20 2}{35.20 40.00 44.33 49.00 52.80 3}{52.80 0.00 0.00 0.00 70.40 0}{70.40 0.00 0.00 0.00 88.00 0}
10 2 
12 4 
14 12 
19 0 

RANKS: 1 -1 0 8 1
EVENT6: 1010 470bed_470de3_470e43_462b44_45dbc8_459218
COMP 51-0: 471052_47133e_4713fd_45b7a0_45dba2_459218 (8 50.44 3 35.00 7 69.00){0.00 0.00 0.00 0.00 26.00 0}{26.00 35.00 37.60 40.00 52.00 5}{52.00 65.00 67.00 69.00 78.00 3}{78.00 0.00 0.00 0.00 104.00 0}{104.00 0.00 0.00 0.00 130.00 0}
10 2 

RANKS: 1 -1 0 8 1
EVENT7: 1104 48214b_4824b0_4825ae_462c42_45dbc8_459218
COMP 51-0: 470bed_470de3_470e43_462b44_45dbc8_459218 (8 33.67 1 21.00 7 52.00){0.00 0.00 0.00 0.00 18.00 0}{18.00 21.00 21.80 23.00 36.00 5}{36.00 45.00 49.67 52.00 54.00 3}{54.00 0.00 0.00 0.00 72.00 0}{72.00 0.00 0.00 0.00 90.00 0}
10 2 
12 1 
14 10 
18 2 
19 0 

RANKS: 1 -1 0 8 1
EVENT8: 1104 48214b_4824b0_4825ae_462d4c_45dbc8_459218
COMP 51-0: 48214b_4824b0_4825ae_462c42_45dbc8_459218 (8 17.89 3 8.00 0 30.00){0.00 8.00 9.60 12.00 12.00 5}{12.00 23.00 23.00 23.00 24.00 1}{24.00 30.00 30.00 30.00 36.00 2}{36.00 0.00 0.00 0.00 48.00 0}{48.00 0.00 0.00 0.00 60.00 0}
10 2 
12 1 
14 10 
18 1 
19 0 

RANKS: 1 -1 0 8 1
EVENT9: 1011 471052_47133e_4713fd_462e50_45dbc8_459218
COMP 51-0: 48214b_4824b0_4825ae_462d4c_45dbc8_459218 (8 17.11 3 9.00 0 29.00){0.00 9.00 10.20 11.00 11.60 5}{11.60 22.00 22.50 23.00 23.20 2}{23.20 29.00 29.00 29.00 34.80 1}{34.80 0.00 0.00 0.00 46.40 0}{46.40 0.00 0.00 0.00 58.00 0}
10 2 
12 1 
14 10 
19 0 

RANKS: 1 -1 0 8 1
EVENT10: 1011 471052_47133e_4713fd_4675bc_45dbe2_459218
COMP 51-0: 471052_47133e_4713fd_462e50_45dbc8_459218 (8 15.22 4 8.00 5 24.00){0.00 8.00 8.00 8.00 8.80 1}{8.80 9.00 9.50 10.00 17.60 4}{17.60 22.00 23.00 24.00 26.40 3}{26.40 0.00 0.00 0.00 35.20 0}{35.20 0.00 0.00 0.00 44.00 0}
10 2 
12 1 
14 3 
19 0 

RANKS: 1 -1 0 1 0
EVENT11: 1169 4a4ea5_4a5137_4a51d4_45dd54_4592a1
COMP 51-0: 471052_47133e_4713fd_4675bc_45dbe2_459218 (1 221.00 0 221.00 0 221.00){0.00 0.00 0.00 0.00 88.40 0}{88.40 0.00 0.00 0.00 176.80 0}{176.80 221.00 221.00 221.00 265.20 1}{265.20 0.00 0.00 0.00 353.60 0}{353.60 0.00 0.00 0.00 442.00 0}
11 1 
12 18 
49 0 

RANKS: 1 -1 0 8 1
EVENT12: 1030 474d46_474f75_474fe5_45fced_4592c8
COMP 51-0: 471052_47133e_4713fd_4675bc_45dbe2_459218 (7 58.12 6 20.00 3 75.00){0.00 20.00 20.00 20.00 25.60 1}{25.60 0.00 0.00 0.00 51.20 0}{51.20 58.00 63.50 75.00 76.80 6}{76.80 0.00 0.00 0.00 102.40 0}{102.40 0.00 0.00 0.00 128.00 0}
COMP 51-1: 4a4ea5_4a5137_4a51d4_45dd54_4592a1 (1 326.00 0 326.00 0 326.00){0.00 0.00 0.00 0.00 130.40 0}{130.40 0.00 0.00 0.00 260.80 0}{260.80 326.00 326.00 326.00 391.20 1}{391.20 0.00 0.00 0.00 521.60 0}{521.60 0.00 0.00 0.00 652.00 0}
10 2 

RANKS: 1 -1 0 8 1
EVENT13: 1066 47b541_47b880_47b91f_45fdf8_4592c8
COMP 51-0: 474d46_474f75_474fe5_45fced_4592c8 (8 20.89 3 12.00 0 30.00){0.00 12.00 12.00 12.00 12.00 2}{12.00 14.00 14.67 15.00 24.00 3}{24.00 30.00 30.00 30.00 36.00 3}{36.00 0.00 0.00 0.00 48.00 0}{48.00 0.00 0.00 0.00 60.00 0}
b 0 7 1 
12 1 
21 1000 

RANKS: 1 -1 0 8 1
EVENT14: 1026 473ecc_47414c_4741cf_45fede_4592c8
COMP 51-0: 47b541_47b880_47b91f_45fdf8_4592c8 (8 19.78 1 11.00 7 32.00){0.00 0.00 0.00 0.00 10.80 0}{10.80 11.00 12.00 14.00 21.60 5}{21.60 27.00 30.33 32.00 32.40 3}{32.40 0.00 0.00 0.00 43.20 0}{43.20 0.00 0.00 0.00 54.00 0}
10 2 
21 1001 

RANKS: 1 -1 0 1 0
EVENT15: 1102 4810ba_481457_481550_45ae8b_460142_4592c8
COMP 51-0: 473ecc_47414c_4741cf_45fede_4592c8 (1 56.00 0 56.00 0 56.00){0.00 0.00 0.00 0.00 22.40 0}{22.40 0.00 0.00 0.00 44.80 0}{44.80 56.00 56.00 56.00 67.20 1}{67.20 0.00 0.00 0.00 89.60 0}{89.60 0.00 0.00 0.00 112.00 0}
COMP 51-1: 4810ba_481457_481550_45ae8b_460142_4592c8 (6 26.00 0 23.00 0 30.00){0.00 0.00 0.00 0.00 12.00 0}{12.00 23.00 23.67 24.00 24.00 3}{24.00 25.00 27.00 30.00 36.00 3}{36.00 0.00 0.00 0.00 48.00 0}{48.00 0.00 0.00 0.00 60.00 0}
LOOP0: iter: ( 7 )[ 1 -1 0 1 0 ] mem: ( 1 )[ 1 -1 0 1 0 ]
10 1000 
12 1024 
14 1 
1b 0 
2b 2147483647 

RANKS: 1 -1 1 7 1
EVENT16: 1113 485d8d_4860ce_4861a5_45afe1_460142_4592c8
COMP 51-0: 473ecc_47414c_4741cf_45fede_4592c8 (7 21.50 3 15.00 5 36.00){0.00 0.00 0.00 0.00 6.80 0}{6.80 0.00 0.00 0.00 13.60 0}{13.60 15.00 17.00 19.00 27.20 5}{27.20 34.00 34.00 34.00 34.00 1}{34.00 36.00 36.00 36.00 38.00 1}
10 1000 
12 1024 
14 1 
1a ( 7 )[ 1 -1 1 1 0 ]
1a ( 5 )[ 1 -1 3 1 0 ]
1a ( 1 )[ 1 -1 7 1 0 ]
1a ( 3 )[ 1 -1 5 1 0 ]
1a ( 6 )[ 1 -1 2 1 0 ]
1a ( 4 )[ 1 -1 4 1 0 ]
1a ( 2 )[ 1 -1 6 1 0 ]
1b 0 

RANKS: 1 -1 0 8 1
EVENT17: 1011 471052_47133e_4713fd_45b0e2_460142_4592c8
COMP 51-0: 4810ba_481457_481550_45ae8b_460142_4592c8 (1 24.00 0 24.00 0 24.00){0.00 0.00 0.00 0.00 9.60 0}{9.60 0.00 0.00 0.00 19.20 0}{19.20 24.00 24.00 24.00 28.80 1}{28.80 0.00 0.00 0.00 38.40 0}{38.40 0.00 0.00 0.00 48.00 0}
COMP 51-1: 485d8d_4860ce_4861a5_45afe1_460142_4592c8 (7 12.25 1 8.00 7 23.00){0.00 0.00 0.00 0.00 3.20 0}{3.20 0.00 0.00 0.00 6.40 0}{6.40 8.00 9.00 10.00 12.80 5}{12.80 0.00 0.00 0.00 16.00 0}{16.00 22.00 22.50 23.00 30.00 2}
10 1000 
12 1 
14 3 
19 0 

RANKS: 1 -1 0 1 0
EVENT18: 1169 4a4ea5_4a5137_4a51d4_45e063_4608cf_4592c8
COMP 51-0: 471052_47133e_4713fd_45b0e2_460142_4592c8 (1 43.00 0 43.00 0 43.00){0.00 0.00 0.00 0.00 17.20 0}{17.20 0.00 0.00 0.00 34.40 0}{34.40 43.00 43.00 43.00 51.60 1}{51.60 0.00 0.00 0.00 68.80 0}{68.80 0.00 0.00 0.00 86.00 0}
11 1 
12 10 
49 0 

RANKS: 1 -1 0 1 0
EVENT19: 1169 4a4ea5_4a5137_4a51d4_45e0c0_4608cf_4592c8
COMP 51-0: 4a4ea5_4a5137_4a51d4_45e063_4608cf_4592c8 (1 45.00 0 45.00 0 45.00){0.00 0.00 0.00 0.00 18.00 0}{18.00 0.00 0.00 0.00 36.00 0}{36.00 45.00 45.00 45.00 54.00 1}{54.00 0.00 0.00 0.00 72.00 0}{72.00 0.00 0.00 0.00 90.00 0}
11 1 
12 22 
49 0 

RANKS: 1 -1 0 1 0
EVENT20: 1169 4a4ea5_4a5137_4a51d4_45e106_4608cf_4592c8
COMP 51-0: 4a4ea5_4a5137_4a51d4_45e0c0_4608cf_4592c8 (1 23.00 0 23.00 0 23.00){0.00 0.00 0.00 0.00 9.20 0}{9.20 0.00 0.00 0.00 18.40 0}{18.40 23.00 23.00 23.00 27.60 1}{27.60 0.00 0.00 0.00 36.80 0}{36.80 0.00 0.00 0.00 46.00 0}
11 1 
12 18 
49 0 

RANKS: 1 -1 0 1 0
EVENT21: 1169 4a4ea5_4a5137_4a51d4_45e16f_4608cf_4592c8
COMP 51-0: 4a4ea5_4a5137_4a51d4_45e106_4608cf_4592c8 (1 28.00 0 28.00 0 28.00){0.00 0.00 0.00 0.00 11.20 0}{11.20 0.00 0.00 0.00 22.40 0}{22.40 28.00 28.00 28.00 33.60 1}{33.60 0.00 0.00 0.00 44.80 0}{44.80 0.00 0.00 0.00 56.00 0}
11 1 
12 12 
49 0 

RANKS: 1 -1 0 1 0
EVENT22: 1169 4a4ea5_4a5137_4a51d4_45e1db_4608cf_4592c8
COMP 51-0: 4a4ea5_4a5137_4a51d4_45e16f_4608cf_4592c8 (1 31.00 0 31.00 0 31.00){0.00 0.00 0.00 0.00 12.40 0}{12.40 0.00 0.00 0.00 24.80 0}{24.80 31.00 31.00 31.00 37.20 1}{37.20 0.00 0.00 0.00 49.60 0}{49.60 0.00 0.00 0.00 62.00 0}
11 1 
12 44 
49 0 

RANKS: 1 -1 0 1 0
EVENT23: 1169 4a4ea5_4a5137_4a51d4_45e1f6_4608cf_4592c8
COMP 51-0: 4a4ea5_4a5137_4a51d4_45e1db_4608cf_4592c8 (1 22.00 0 22.00 0 22.00){0.00 0.00 0.00 0.00 8.80 0}{8.80 0.00 0.00 0.00 17.60 0}{17.60 22.00 22.00 22.00 26.40 1}{26.40 0.00 0.00 0.00 35.20 0}{35.20 0.00 0.00 0.00 44.00 0}
11 1 
12 21 
49 0 

RANKS: 1 -1 0 1 0
EVENT24: 1169 4a4ea5_4a5137_4a51d4_45e21f_4608cf_4592c8
COMP 51-0: 4a4ea5_4a5137_4a51d4_45e1f6_4608cf_4592c8 (1 21.00 0 21.00 0 21.00){0.00 0.00 0.00 0.00 8.40 0}{8.40 0.00 0.00 0.00 16.80 0}{16.80 21.00 21.00 21.00 25.20 1}{25.20 0.00 0.00 0.00 33.60 0}{33.60 0.00 0.00 0.00 42.00 0}
11 1 
12 20 
49 0 

RANKS: 1 -1 0 1 0
EVENT25: 1169 4a4ea5_4a5137_4a51d4_45e257_4608cf_4592c8
COMP 51-0: 4a4ea5_4a5137_4a51d4_45e21f_4608cf_4592c8 (1 22.00 0 22.00 0 22.00){0.00 0.00 0.00 0.00 8.80 0}{8.80 0.00 0.00 0.00 17.60 0}{17.60 22.00 22.00 22.00 26.40 1}{26.40 0.00 0.00 0.00 35.20 0}{35.20 0.00 0.00 0.00 44.00 0}
11 1 
12 21 
49 0 

RANKS: 1 -1 0 1 0
EVENT26: 1169 4a4ea5_4a5137_4a51d4_45e28e_4608cf_4592c8
COMP 51-0: 4a4ea5_4a5137_4a51d4_45e257_4608cf_4592c8 (1 28.00 0 28.00 0 28.00){0.00 0.00 0.00 0.00 11.20 0}{11.20 0.00 0.00 0.00 22.40 0}{22.40 28.00 28.00 28.00 33.60 1}{33.60 0.00 0.00 0.00 44.80 0}{44.80 0.00 0.00 0.00 56.00 0}
11 1 
12 18 
49 0 

RANKS: 1 -1 0 8 1
EVENT27: 1011 471052_47133e_4713fd_460ac3_4592c8
COMP 51-0: 471052_47133e_4713fd_45b0e2_460142_4592c8 (7 19.12 1 13.00 7 36.00){0.00 0.00 0.00 0.00 5.20 0}{5.20 0.00 0.00 0.00 10.40 0}{10.40 13.00 13.00 13.00 15.60 3}{15.60 16.00 16.00 16.00 26.00 2}{26.00 33.00 34.50 36.00 46.00 2}
COMP 51-1: 4a4ea5_4a5137_4a51d4_45e28e_4608cf_4592c8 (1 75.00 0 75.00 0 75.00){0.00 0.00 0.00 0.00 30.00 0}{30.00 0.00 0.00 0.00 60.00 0}{60.00 75.00 75.00 75.00 90.00 1}{90.00 0.00 0.00 0.00 120.00 0}{120.00 0.00 0.00 0.00 150.00 0}
10 1000 
12 1 
14 7 
19 0 

RANKS: 1 -1 0 8 1
EVENT28: 1010 470bed_470de3_470e43_460d4a_4592c8
COMP 51-0: 471052_47133e_4713fd_460ac3_4592c8 (8 60.67 1 15.00 5 149.00){0.00 15.00 18.00 24.00 50.40 5}{50.40 55.00 55.00 55.00 100.80 1}{100.80 126.00 137.50 149.00 151.20 2}{151.20 0.00 0.00 0.00 201.60 0}{201.60 0.00 0.00 0.00 252.00 0}
10 1000 

RANKS: 1 -1 0 8 1
EVENT29: 1171 491686_491ab6_491b7b_46a744_46a481_460e5a_4592c8
COMP 51-0: 470bed_470de3_470e43_460d4a_4592c8 (8 37.56 6 23.00 5 54.00){0.00 0.00 0.00 0.00 20.80 0}{20.80 23.00 25.40 28.00 41.60 5}{41.60 52.00 53.00 54.00 62.40 3}{62.40 0.00 0.00 0.00 83.20 0}{83.20 0.00 0.00 0.00 104.00 0}
COMM 51-0: 470bed_470de3_470e43_460d4a_4592c8 (8 3699.00 7 3671.00 2 3725.00){0.00 0.00 0.00 0.00 1470.40 0}{1470.40 0.00 0.00 0.00 2940.80 0}{2940.80 3671.00 3701.88 3725.00 4411.20 8}{4411.20 0.00 0.00 0.00 5881.60 0}{5881.60 0.00 0.00 0.00 7352.00 0}
10 1000 
3a :/tmp/chunk.dat  
3b 41 
3c 1000 
52 8976 

RANKS: 1 -1 0 1 0
EVENT30: 1169 4a4ea5_4a5137_4a51d4_460f96_4592c8
COMP 51-0: 491686_491ab6_491b7b_46a744_46a481_460e5a_4592c8 (1 36.00 0 36.00 0 36.00){0.00 0.00 0.00 0.00 14.40 0}{14.40 0.00 0.00 0.00 28.80 0}{28.80 36.00 36.00 36.00 43.20 1}{43.20 0.00 0.00 0.00 57.60 0}{57.60 0.00 0.00 0.00 72.00 0}
11 1 
12 35 
49 0 

RANKS: 1 -1 0 8 1
EVENT31: 1176 493ca4_493fc8_4940a9_46b48b_465436_460ff4_4592c8
COMP 51-0: 491686_491ab6_491b7b_46a744_46a481_460e5a_4592c8 (7 307.50 4 227.00 7 538.00){0.00 0.00 0.00 0.00 92.80 0}{92.80 0.00 0.00 0.00 185.60 0}{185.60 227.00 231.40 236.00 371.20 5}{371.20 0.00 0.00 0.00 464.00 0}{464.00 533.00 535.50 538.00 612.00 2}
COMP 51-1: 493ca4_493fc8_4940a9_46b48b_465436_460ff4_4592c8 (120 15.87 0 11.00 7 172.00){0.00 11.00 12.35 14.00 15.20 99}{15.20 15.60 17.43 30.00 30.40 13}{30.40 31.00 37.29 39.00 60.80 7}{60.80 0.00 0.00 0.00 76.00 0}{76.00 172.00 172.00 172.00 268.00 1}
COMP 51-2: 4a4ea5_4a5137_4a51d4_460f96_4592c8 (1 548.00 0 548.00 0 548.00){0.00 0.00 0.00 0.00 219.20 0}{219.20 0.00 0.00 0.00 438.40 0}{438.40 548.00 548.00 548.00 657.60 1}{657.60 0.00 0.00 0.00 876.80 0}{876.80 0.00 0.00 0.00 1096.00 0}
LOOP0: iter: ( 16 )[ 1 -1 0 8 1 ] mem: ( 1 )[ 1 -1 0 8 1 ]
12 131072 
14 12 
3c 1000 
3d ( 0 131072 262144 393216 524288 655360 786432 917504 1048576 1179648 1310720 1441792 1572864 1703936 1835008 1966080 )[ 1 -1 0 1 0 ]
3d ( 2097152 2228224 2359296 2490368 2621440 2752512 2883584 3014656 3145728 3276800 3407872 3538944 3670016 3801088 3932160 4063232 )[ 1 -1 1 1 0 ]
3d ( 6291456 6422528 6553600 6684672 6815744 6946816 7077888 7208960 7340032 7471104 7602176 7733248 7864320 7995392 8126464 8257536 )[ 1 -1 3 1 0 ]
3d ( 14680064 14811136 14942208 15073280 15204352 15335424 15466496 15597568 15728640 15859712 15990784 16121856 16252928 16384000 16515072 16646144 )[ 1 -1 7 1 0 ]
3d ( 10485760 10616832 10747904 10878976 11010048 11141120 11272192 11403264 11534336 11665408 11796480 11927552 12058624 12189696 12320768 12451840 )[ 1 -1 5 1 0 ]
3d ( 4194304 4325376 4456448 4587520 4718592 4849664 4980736 5111808 5242880 5373952 5505024 5636096 5767168 5898240 6029312 6160384 )[ 1 -1 2 1 0 ]
3d ( 8388608 8519680 8650752 8781824 8912896 9043968 9175040 9306112 9437184 9568256 9699328 9830400 9961472 10092544 10223616 10354688 )[ 1 -1 4 1 0 ]
3d ( 12582912 12713984 12845056 12976128 13107200 13238272 13369344 13500416 13631488 13762560 13893632 14024704 14155776 14286848 14417920 14548992 )[ 1 -1 6 1 0 ]

RANKS: 1 -1 0 8 1
EVENT32: 1183 496b2e_496d6d_496dcd_46b6dc_461140_4592c8
COMP 51-0: 493ca4_493fc8_4940a9_46b48b_465436_460ff4_4592c8 (8 57.89 0 53.00 7 65.00){0.00 0.00 0.00 0.00 21.20 0}{21.20 0.00 0.00 0.00 42.40 0}{42.40 53.00 57.57 61.00 63.60 7}{63.60 65.00 65.00 65.00 84.80 1}{84.80 0.00 0.00 0.00 106.00 0}
3c 1000 
52 34215 

RANKS: 1 -1 0 8 1
EVENT33: 1010 470bed_470de3_470e43_4612a4_4592c8
COMP 51-0: 496b2e_496d6d_496dcd_46b6dc_461140_4592c8 (8 10.89 3 10.00 0 11.00){0.00 0.00 0.00 0.00 4.40 0}{4.40 0.00 0.00 0.00 8.80 0}{8.80 10.00 10.88 11.00 13.20 8}{13.20 0.00 0.00 0.00 17.60 0}{17.60 0.00 0.00 0.00 22.00 0}
10 1000 

RANKS: 1 -1 0 8 1
EVENT34: 1171 491686_491ab6_491b7b_46be3a_461465_4592c8
COMP 51-0: 470bed_470de3_470e43_4612a4_4592c8 (8 11.33 0 11.00 1 12.00){0.00 0.00 0.00 0.00 4.40 0}{4.40 0.00 0.00 0.00 8.80 0}{8.80 11.00 11.38 12.00 13.20 8}{13.20 0.00 0.00 0.00 17.60 0}{17.60 0.00 0.00 0.00 22.00 0}
COMM 51-0: 470bed_470de3_470e43_4612a4_4592c8 (8 210.78 0 207.00 3 214.00){0.00 0.00 0.00 0.00 82.80 0}{82.80 0.00 0.00 0.00 165.60 0}{165.60 207.00 211.25 214.00 248.40 8}{248.40 0.00 0.00 0.00 331.20 0}{331.20 0.00 0.00 0.00 414.00 0}
10 1000 
3a :/tmp/chunk.dat  
3b 2 
3c 1001 
52 232 

RANKS: 1 -1 0 8 1
EVENT35: 1183 496b2e_496d6d_496dcd_46bfdd_461465_4592c8
COMP 51-0: 491686_491ab6_491b7b_46be3a_461465_4592c8 (8 67.11 1 33.00 3 108.00){0.00 0.00 0.00 0.00 24.40 0}{24.40 33.00 33.00 33.00 48.80 1}{48.80 56.00 58.80 61.00 73.20 5}{73.20 0.00 0.00 0.00 97.60 0}{97.60 108.00 108.00 108.00 122.00 2}
3c 1001 
52 105 

RANKS: 1 -1 0 8 1
EVENT36: 1004 46e310_46e630_46e710_46c1e0_461465_4592c8
COMP 51-0: 496b2e_496d6d_496dcd_46bfdd_461465_4592c8 (8 14.22 2 13.00 1 15.00){0.00 0.00 0.00 0.00 5.60 0}{5.60 0.00 0.00 0.00 11.20 0}{11.20 13.00 14.25 15.00 16.80 8}{16.80 0.00 0.00 0.00 22.40 0}{22.40 0.00 0.00 0.00 28.00 0}
10 1000 
12 1 
14 38 
18 2 

RANKS: 1 -1 0 8 1
EVENT37: 1004 46e310_46e630_46e710_46c2e0_461465_4592c8
COMP 51-0: 46e310_46e630_46e710_46c1e0_461465_4592c8 (8 9.56 3 9.00 0 10.00){0.00 0.00 0.00 0.00 4.00 0}{4.00 0.00 0.00 0.00 8.00 0}{8.00 9.00 9.50 10.00 12.00 8}{12.00 0.00 0.00 0.00 16.00 0}{16.00 0.00 0.00 0.00 20.00 0}
10 1000 
12 1 
14 38 
18 1 

RANKS: 1 -1 0 8 1
EVENT38: 1004 46e310_46e630_46e710_459de7_46147b_4592c8
COMP 51-0: 46e310_46e630_46e710_46c2e0_461465_4592c8 (8 9.33 0 9.00 1 10.00){0.00 0.00 0.00 0.00 3.60 0}{3.60 0.00 0.00 0.00 7.20 0}{7.20 9.00 9.38 10.00 10.80 8}{10.80 0.00 0.00 0.00 14.40 0}{14.40 0.00 0.00 0.00 18.00 0}
10 1000 
12 1 
14 38 
18 3 

RANKS: 1 -1 0 8 1
EVENT39: 1104 48214b_4824b0_4825ae_45d3dc_4614bc_4592c8
COMP 51-0: 46e310_46e630_46e710_459de7_46147b_4592c8 (8 33.00 0 22.00 5 46.00){0.00 0.00 0.00 0.00 17.60 0}{17.60 22.00 24.33 26.00 26.40 3}{26.40 32.00 32.00 32.00 35.20 1}{35.20 40.00 41.33 43.00 44.00 3}{44.00 46.00 46.00 46.00 48.00 1}
COMP 51-1: 48214b_4824b0_4825ae_45d3dc_4614bc_4592c8 (88 10.20 0 9.00 2 15.00){0.00 0.00 0.00 0.00 3.60 0}{3.60 0.00 0.00 0.00 7.20 0}{7.20 9.00 10.04 10.18 10.80 81}{10.80 11.00 11.83 12.00 14.40 6}{14.40 15.00 15.00 15.00 18.00 1}
LOOP0: iter: ( 12 )[ 1 -1 0 8 1 ] mem: ( 1 )[ 1 -1 0 8 1 ]
10 1000 
12 1 
14 10 
18 2 1 
19 0 

RANKS: 1 -1 0 8 1
EVENT40: 1010 470bed_470de3_470e43_461d7f_4592c8
COMP 51-0: 48214b_4824b0_4825ae_45d3dc_4614bc_4592c8 (8 16.33 6 12.00 4 41.00){0.00 0.00 0.00 0.00 5.60 0}{5.60 0.00 0.00 0.00 11.20 0}{11.20 12.00 13.14 14.00 22.40 7}{22.40 0.00 0.00 0.00 28.00 0}{28.00 41.00 41.00 41.00 54.00 1}
10 1000 

RANKS: 1 -1 0 8 1
EVENT41: 1171 491686_491ab6_491b7b_46a744_461e8f_4592c8
COMP 51-0: 470bed_470de3_470e43_461d7f_4592c8 (8 15.56 0 14.00 6 18.00){0.00 0.00 0.00 0.00 5.60 0}{5.60 0.00 0.00 0.00 11.20 0}{11.20 14.00 15.00 16.00 16.80 6}{16.80 18.00 18.00 18.00 22.40 2}{22.40 0.00 0.00 0.00 28.00 0}
COMM 51-0: 470bed_470de3_470e43_461d7f_4592c8 (8 174.33 4 171.00 5 177.00){0.00 0.00 0.00 0.00 69.60 0}{69.60 0.00 0.00 0.00 139.20 0}{139.20 171.00 174.38 177.00 208.80 8}{208.80 0.00 0.00 0.00 278.40 0}{278.40 0.00 0.00 0.00 348.00 0}
10 1000 
3a :/tmp/chunk.dat  
3b 41 
3c 1002 
52 916 

RANKS: 1 -1 0 1 0
EVENT42: 1169 4a4ea5_4a5137_4a51d4_462003_4592c8
COMP 51-0: 491686_491ab6_491b7b_46a744_461e8f_4592c8 (1 11.00 0 11.00 0 11.00){0.00 0.00 0.00 0.00 4.40 0}{4.40 0.00 0.00 0.00 8.80 0}{8.80 11.00 11.00 11.00 13.20 1}{13.20 0.00 0.00 0.00 17.60 0}{17.60 0.00 0.00 0.00 22.00 0}
11 1 
12 34 
49 0 

RANKS: 1 -1 0 8 1
EVENT43: 1180 495934_495c58_495d39_46b48b_46551c_462061_4592c8
COMP 51-0: 491686_491ab6_491b7b_46a744_461e8f_4592c8 (7 217.25 2 207.00 1 229.00){0.00 0.00 0.00 0.00 91.60 0}{91.60 0.00 0.00 0.00 183.20 0}{183.20 207.00 215.57 229.00 274.80 7}{274.80 0.00 0.00 0.00 366.40 0}{366.40 0.00 0.00 0.00 458.00 0}
COMP 51-1: 495934_495c58_495d39_46b48b_46551c_462061_4592c8 (120 12.40 0 10.00 3 44.00){0.00 0.00 0.00 0.00 4.00 0}{4.00 0.00 0.00 0.00 8.00 0}{8.00 10.00 11.27 12.00 12.00 112}{12.00 13.00 14.25 15.00 20.00 4}{20.00 40.00 42.75 44.00 68.00 4}
COMP 51-2: 4a4ea5_4a5137_4a51d4_462003_4592c8 (1 225.00 0 225.00 0 225.00){0.00 0.00 0.00 0.00 90.00 0}{90.00 0.00 0.00 0.00 180.00 0}{180.00 225.00 225.00 225.00 270.00 1}{270.00 0.00 0.00 0.00 360.00 0}{360.00 0.00 0.00 0.00 450.00 0}
LOOP0: iter: ( 16 )[ 1 -1 0 8 1 ] mem: ( 1 )[ 1 -1 0 8 1 ]
12 131072 
14 12 
3c 1002 
3d ( 0 131072 262144 393216 524288 655360 786432 917504 1048576 1179648 1310720 1441792 1572864 1703936 1835008 1966080 )[ 1 -1 0 1 0 ]
3d ( 2097152 2228224 2359296 2490368 2621440 2752512 2883584 3014656 3145728 3276800 3407872 3538944 3670016 3801088 3932160 4063232 )[ 1 -1 1 1 0 ]
3d ( 6291456 6422528 6553600 6684672 6815744 6946816 7077888 7208960 7340032 7471104 7602176 7733248 7864320 7995392 8126464 8257536 )[ 1 -1 3 1 0 ]
3d ( 14680064 14811136 14942208 15073280 15204352 15335424 15466496 15597568 15728640 15859712 15990784 16121856 16252928 16384000 16515072 16646144 )[ 1 -1 7 1 0 ]
3d ( 10485760 10616832 10747904 10878976 11010048 11141120 11272192 11403264 11534336 11665408 11796480 11927552 12058624 12189696 12320768 12451840 )[ 1 -1 5 1 0 ]
3d ( 4194304 4325376 4456448 4587520 4718592 4849664 4980736 5111808 5242880 5373952 5505024 5636096 5767168 5898240 6029312 6160384 )[ 1 -1 2 1 0 ]
3d ( 8388608 8519680 8650752 8781824 8912896 9043968 9175040 9306112 9437184 9568256 9699328 9830400 9961472 10092544 10223616 10354688 )[ 1 -1 4 1 0 ]
3d ( 12582912 12713984 12845056 12976128 13107200 13238272 13369344 13500416 13631488 13762560 13893632 14024704 14155776 14286848 14417920 14548992 )[ 1 -1 6 1 0 ]

RANKS: 1 -1 0 8 1
EVENT44: 1183 496b2e_496d6d_496dcd_46b6dc_4621ad_4592c8
COMP 51-0: 495934_495c58_495d39_46b48b_46551c_462061_4592c8 (8 50.22 0 42.00 5 62.00){0.00 0.00 0.00 0.00 16.80 0}{16.80 0.00 0.00 0.00 33.60 0}{33.60 42.00 44.00 45.00 50.40 4}{50.40 53.00 58.50 62.00 67.20 4}{67.20 0.00 0.00 0.00 84.00 0}
3c 1002 
52 2997 

RANKS: 1 -1 0 8 1
EVENT45: 1171 491686_491ab6_491b7b_46be3a_462211_4592c8
COMP 51-0: 496b2e_496d6d_496dcd_46b6dc_4621ad_4592c8 (8 10.78 0 10.00 1 11.00){0.00 0.00 0.00 0.00 4.00 0}{4.00 0.00 0.00 0.00 8.00 0}{8.00 10.00 10.88 11.00 12.00 8}{12.00 0.00 0.00 0.00 16.00 0}{16.00 0.00 0.00 0.00 20.00 0}
COMM 51-0: 496b2e_496d6d_496dcd_46b6dc_4621ad_4592c8 (8 188.56 5 182.00 5 197.00){0.00 0.00 0.00 0.00 76.00 0}{76.00 0.00 0.00 0.00 152.00 0}{152.00 182.00 188.38 197.00 228.00 8}{228.00 0.00 0.00 0.00 304.00 0}{304.00 0.00 0.00 0.00 380.00 0}
10 1000 
3a :/tmp/chunk.dat  
3b 2 
3c 1003 
52 182 

RANKS: 1 -1 0 8 1
EVENT46: 1183 496b2e_496d6d_496dcd_46bfdd_462211_4592c8
COMP 51-0: 491686_491ab6_491b7b_46be3a_462211_4592c8 (8 19.67 7 18.00 5 25.00){0.00 0.00 0.00 0.00 7.60 0}{7.60 0.00 0.00 0.00 15.20 0}{15.20 18.00 19.00 21.00 22.80 7}{22.80 25.00 25.00 25.00 30.40 1}{30.40 0.00 0.00 0.00 38.00 0}
3c 1003 
52 41 

RANKS: 1 -1 0 8 1
EVENT47: 1004 46e310_46e630_46e710_46c1e0_462211_4592c8
COMP 51-0: 496b2e_496d6d_496dcd_46bfdd_462211_4592c8 (8 10.11 0 10.00 1 11.00){0.00 0.00 0.00 0.00 4.00 0}{4.00 0.00 0.00 0.00 8.00 0}{8.00 10.00 10.12 11.00 12.00 8}{12.00 0.00 0.00 0.00 16.00 0}{16.00 0.00 0.00 0.00 20.00 0}
10 1000 
12 1 
14 38 
18 2 

RANKS: 1 -1 0 8 1
EVENT48: 1004 46e310_46e630_46e710_46c2e0_462211_4592c8
COMP 51-0: 46e310_46e630_46e710_46c1e0_462211_4592c8 (8 9.33 1 9.00 0 10.00){0.00 0.00 0.00 0.00 4.00 0}{4.00 0.00 0.00 0.00 8.00 0}{8.00 9.00 9.25 10.00 12.00 8}{12.00 0.00 0.00 0.00 16.00 0}{16.00 0.00 0.00 0.00 20.00 0}
10 1000 
12 1 
14 38 
18 1 

RANKS: 1 -1 0 8 1
EVENT49: 1004 46e310_46e630_46e710_459de7_462227_4592c8
COMP 51-0: 46e310_46e630_46e710_46c2e0_462211_4592c8 (8 9.33 0 9.00 1 10.00){0.00 0.00 0.00 0.00 3.60 0}{3.60 0.00 0.00 0.00 7.20 0}{7.20 9.00 9.38 10.00 10.80 8}{10.80 0.00 0.00 0.00 14.40 0}{14.40 0.00 0.00 0.00 18.00 0}
10 1000 
12 1 
14 38 
18 3 

RANKS: 1 -1 0 8 1
EVENT50: 1104 48214b_4824b0_4825ae_45d3dc_462268_4592c8
COMP 51-0: 46e310_46e630_46e710_459de7_462227_4592c8 (8 12.33 1 11.00 0 14.00){0.00 0.00 0.00 0.00 5.60 0}{5.60 11.00 11.00 11.00 11.20 5}{11.20 14.00 14.00 14.00 16.80 3}{16.80 0.00 0.00 0.00 22.40 0}{22.40 0.00 0.00 0.00 28.00 0}
COMP 51-1: 48214b_4824b0_4825ae_45d3dc_462268_4592c8 (88 10.66 0 9.00 6 40.00){0.00 0.00 0.00 0.00 3.60 0}{3.60 0.00 0.00 0.00 7.20 0}{7.20 9.00 9.95 10.62 10.80 82}{10.80 11.00 11.50 12.00 18.00 4}{18.00 38.00 39.00 40.00 62.00 2}
LOOP0: iter: ( 12 )[ 1 -1 0 8 1 ] mem: ( 1 )[ 1 -1 0 8 1 ]
10 1000 
12 1 
14 10 
18 2 1 
19 0 

RANKS: 1 -1 0 8 1
EVENT51: 1010 470bed_470de3_470e43_462676_4592c8
COMP 51-0: 48214b_4824b0_4825ae_45d3dc_462268_4592c8 (8 10.22 0 10.00 1 11.00){0.00 0.00 0.00 0.00 4.00 0}{4.00 0.00 0.00 0.00 8.00 0}{8.00 10.00 10.25 11.00 12.00 8}{12.00 0.00 0.00 0.00 16.00 0}{16.00 0.00 0.00 0.00 20.00 0}
10 1000 

RANKS: 1 -1 0 1 0
EVENT52: 1184 497051_4972e3_497353_46b9a3_45db5e_462786_4592c8
COMP 51-0: 470bed_470de3_470e43_462676_4592c8 (1 23.00 0 23.00 0 23.00){0.00 0.00 0.00 0.00 9.20 0}{9.20 0.00 0.00 0.00 18.40 0}{18.40 23.00 23.00 23.00 27.60 1}{27.60 0.00 0.00 0.00 36.80 0}{36.80 0.00 0.00 0.00 46.00 0}
3a :/tmp/chunk.dat  

RANKS: 1 -1 0 8 1
EVENT53: 1010 470bed_470de3_470e43_4627a3_4592c8
COMP 51-0: 470bed_470de3_470e43_462676_4592c8 (7 8.75 1 8.00 2 10.00){0.00 0.00 0.00 0.00 3.20 0}{3.20 0.00 0.00 0.00 6.40 0}{6.40 8.00 8.40 9.00 9.60 5}{9.60 10.00 10.00 10.00 12.80 2}{12.80 0.00 0.00 0.00 16.00 0}
COMP 51-1: 497051_4972e3_497353_46b9a3_45db5e_462786_4592c8 (1 19.00 0 19.00 0 19.00){0.00 0.00 0.00 0.00 7.60 0}{7.60 0.00 0.00 0.00 15.20 0}{15.20 19.00 19.00 19.00 22.80 1}{22.80 0.00 0.00 0.00 30.40 0}{30.40 0.00 0.00 0.00 38.00 0}
10 1000 

RANKS: 1 -1 0 1 0
EVENT54: 1169 4a4ea5_4a5137_4a51d4_45f333_4628d3_4592c8
COMP 51-0: 470bed_470de3_470e43_4627a3_4592c8 (1 26.00 0 26.00 0 26.00){0.00 0.00 0.00 0.00 10.40 0}{10.40 0.00 0.00 0.00 20.80 0}{20.80 26.00 26.00 26.00 31.20 1}{31.20 0.00 0.00 0.00 41.60 0}{41.60 0.00 0.00 0.00 52.00 0}
11 1 
12 109 
49 0 

RANKS: 1 -1 0 1 0
EVENT55: 1169 4a4ea5_4a5137_4a51d4_45f358_4628d3_4592c8
COMP 51-0: 4a4ea5_4a5137_4a51d4_45f333_4628d3_4592c8 (1 12.00 0 12.00 0 12.00){0.00 0.00 0.00 0.00 4.80 0}{4.80 0.00 0.00 0.00 9.60 0}{9.60 12.00 12.00 12.00 14.40 1}{14.40 0.00 0.00 0.00 19.20 0}{19.20 0.00 0.00 0.00 24.00 0}
11 1 
12 87 
49 0 

RANKS: 1 -1 0 1 0
EVENT56: 1169 4a4ea5_4a5137_4a51d4_45f384_4628d3_4592c8
COMP 51-0: 4a4ea5_4a5137_4a51d4_45f358_4628d3_4592c8 (1 11.00 0 11.00 0 11.00){0.00 0.00 0.00 0.00 4.40 0}{4.40 0.00 0.00 0.00 8.80 0}{8.80 11.00 11.00 11.00 13.20 1}{13.20 0.00 0.00 0.00 17.60 0}{17.60 0.00 0.00 0.00 22.00 0}
11 1 
12 108 
49 0 

RANKS: 1 -1 0 1 0
EVENT57: 1169 4a4ea5_4a5137_4a51d4_45f764_4628d3_4592c8
COMP 51-0: 4a4ea5_4a5137_4a51d4_45f384_4628d3_4592c8 (1 42.00 0 42.00 0 42.00){0.00 0.00 0.00 0.00 16.80 0}{16.80 0.00 0.00 0.00 33.60 0}{33.60 42.00 42.00 42.00 50.40 1}{50.40 0.00 0.00 0.00 67.20 0}{67.20 0.00 0.00 0.00 84.00 0}
11 1 
12 6 
49 0 

RANKS: 1 -1 0 1 0
EVENT58: 1169 4a4ea5_4a5137_4a51d4_45fb4a_4628d3_4592c8
COMP 51-0: 4a4ea5_4a5137_4a51d4_45f764_4628d3_4592c8 (1 24.00 0 24.00 0 24.00){0.00 0.00 0.00 0.00 9.60 0}{9.60 0.00 0.00 0.00 19.20 0}{19.20 24.00 24.00 24.00 28.80 1}{28.80 0.00 0.00 0.00 38.40 0}{38.40 0.00 0.00 0.00 48.00 0}
11 1 
12 6 
49 0 

RANKS: 1 -1 0 8 1
EVENT59: 1028 474931_474af2_474b52_4628dd_4592c8
COMP 51-0: 470bed_470de3_470e43_4627a3_4592c8 (7 55.12 1 36.00 5 109.00){0.00 0.00 0.00 0.00 14.40 0}{14.40 0.00 0.00 0.00 28.80 0}{28.80 36.00 40.00 42.00 57.60 5}{57.60 0.00 0.00 0.00 72.00 0}{72.00 96.00 102.50 109.00 146.00 2}
COMP 51-1: 4a4ea5_4a5137_4a51d4_45fb4a_4628d3_4592c8 (1 26.00 0 26.00 0 26.00){0.00 0.00 0.00 0.00 10.40 0}{10.40 0.00 0.00 0.00 20.80 0}{20.80 26.00 26.00 26.00 31.20 1}{31.20 0.00 0.00 0.00 41.60 0}{41.60 0.00 0.00 0.00 52.00 0}
10 1000 

RANKS: 1 -1 0 8 1
EVENT60: 1010 470bed_470de3_470e43_462a58_4592c8
COMP 51-0: 474931_474af2_474b52_4628dd_4592c8 (8 12.44 1 10.00 2 29.00){0.00 0.00 0.00 0.00 4.40 0}{4.40 0.00 0.00 0.00 8.80 0}{8.80 10.00 10.29 11.00 17.60 7}{17.60 0.00 0.00 0.00 22.00 0}{22.00 29.00 29.00 29.00 36.00 1}
10 2 

RANKS: 1 -1 0 8 1
EVENT61: 1045 476acc_476b3d_476b81_4593a5
COMP 51-0: 470bed_470de3_470e43_462a58_4592c8 (8 53.00 2 49.00 2 57.00){0.00 0.00 0.00 0.00 21.60 0}{21.60 0.00 0.00 0.00 43.20 0}{43.20 49.00 52.88 57.00 64.80 8}{64.80 0.00 0.00 0.00 86.40 0}{86.40 0.00 0.00 0.00 108.00 0}
52 7060 

