RANKS: 1 -1 0 16 1
EVENT0: 1084 47cb68_47cc13_47cc5f_458fad
33 2 
34 0 

RANKS: 1 -1 0 1 0
EVENT1: 1102 4810ba_481457_481550_45ae8b_45db7f_459218
COMP 51-0: 47cb68_47cc13_47cc5f_458fad (1 103.00 0 103.00 0 103.00){0.00 0.00 0.00 0.00 41.20 0}{41.20 0.00 0.00 0.00 82.40 0}{82.40 103.00 103.00 103.00 123.60 1}{123.60 0.00 0.00 0.00 164.80 0}{164.80 0.00 0.00 0.00 206.00 0}
COMP 51-1: 4810ba_481457_481550_45ae8b_45db7f_459218 (14 25.60 0 24.00 0 31.00){0.00 0.00 0.00 0.00 12.40 0}{12.40 24.00 24.00 24.00 24.80 8}{24.80 25.00 26.83 31.00 37.20 6}{37.20 0.00 0.00 0.00 49.60 0}{49.60 0.00 0.00 0.00 62.00 0}
LOOP0: iter: ( 15 )[ 1 -1 0 1 0 ] mem: ( 1 )[ 1 -1 0 1 0 ]
10 2 
12 1024 
14 1 
1b 0 
2b 2147483647 

RANKS: 1 -1 1 15 1
EVENT2: 1113 485d8d_4860ce_4861a5_45afe1_45db7f_459218
COMP 51-0: 47cb68_47cc13_47cc5f_458fad (15 63.44 3 41.00 13 92.00){0.00 0.00 0.00 0.00 21.60 0}{21.60 41.00 41.00 41.00 43.20 1}{43.20 45.00 54.40 64.00 64.80 5}{64.80 66.00 69.50 79.00 86.40 8}{86.40 92.00 92.00 92.00 108.00 1}
10 2 
12 1024 
14 1 
1a ( 15 )[ 1 -1 1 1 0 ]
1a ( 13 )[ 1 -1 3 1 0 ]
1a ( 9 )[ 1 -1 7 1 0 ]
1a ( 1 )[ 1 -1 15 1 0 ]
1a ( 5 )[ 1 -1 11 1 0 ]
1a ( 11 )[ 1 -1 5 1 0 ]
1a ( 7 )[ 1 -1 9 1 0 ]
1a ( 3 )[ 1 -1 13 1 0 ]
1a ( 14 )[ 1 -1 2 1 0 ]
1a ( 12 )[ 1 -1 4 1 0 ]
1a ( 8 )[ 1 -1 8 1 0 ]
1a ( 4 )[ 1 -1 12 1 0 ]
1a ( 10 )[ 1 -1 6 1 0 ]
1a ( 6 )[ 1 -1 10 1 0 ]
1a ( 2 )[ 1 -1 14 1 0 ]
1b 0 

RANKS: 1 -1 0 16 1
EVENT3: 1011 471052_47133e_4713fd_45b0e2_45db7f_459218
COMP 51-0: 4810ba_481457_481550_45ae8b_45db7f_459218 (1 36.00 0 36.00 0 36.00){0.00 0.00 0.00 0.00 14.40 0}{14.40 0.00 0.00 0.00 28.80 0}{28.80 36.00 36.00 36.00 43.20 1}{43.20 0.00 0.00 0.00 57.60 0}{57.60 0.00 0.00 0.00 72.00 0}
COMP 51-1: 485d8d_4860ce_4861a5_45afe1_45db7f_459218 (15 20.31 8 14.00 5 25.00){0.00 0.00 0.00 0.00 7.20 0}{7.20 14.00 14.00 14.00 14.40 1}{14.40 18.00 19.00 21.00 21.60 7}{21.60 22.00 22.86 25.00 28.80 7}{28.80 0.00 0.00 0.00 36.00 0}
10 2 
12 1 
14 3 
19 0 

RANKS: 1 -1 0 16 1
EVENT4: 1167 4a4646_4a4872_4a48cc_468bac_468df4_45db91_459218
COMP 51-0: 471052_47133e_4713fd_45b0e2_45db7f_459218 (16 2555.65 9 2228.00 9 2849.00){0.00 0.00 0.00 0.00 955.20 0}{955.20 0.00 0.00 0.00 1910.40 0}{1910.40 2228.00 2566.12 2849.00 2865.60 16}{2865.60 0.00 0.00 0.00 3820.80 0}{3820.80 0.00 0.00 0.00 4776.00 0}
49 0 
52 106392 

RANKS: 1 -1 0 16 1
EVENT5: 1011 471052_47133e_4713fd_45b7a0_45dba2_459218
COMP 51-0: 4a4646_4a4872_4a48cc_468bac_468df4_45db91_459218 (16 21.94 1 15.00 0 41.00){0.00 15.00 15.71 16.00 16.40 7}{16.40 16.67 17.67 21.00 32.80 6}{32.80 36.00 38.67 41.00 49.20 3}{49.20 0.00 0.00 0.00 65.60 0}{65.60 0.00 0.00 0.00 82.00 0}
10 2 
12 4 
14 12 
19 0 

RANKS: 1 -1 0 16 1
EVENT6: 1010 470bed_470de3_470e43_462b44_45dbc8_459218
COMP 51-0: 471052_47133e_4713fd_45b7a0_45dba2_459218 (16 41.18 7 22.00 10 66.00){0.00 22.00 22.00 22.00 25.60 1}{25.60 33.00 35.25 39.00 51.20 12}{51.20 61.00 63.67 66.00 76.80 3}{76.80 0.00 0.00 0.00 102.40 0}{102.40 0.00 0.00 0.00 128.00 0}
10 2 

RANKS: 1 -1 0 16 1
EVENT7: 1104 48214b_4824b0_4825ae_462c42_45dbc8_459218
COMP 51-0: 470bed_470de3_470e43_462b44_45dbc8_459218 (16 28.65 8 19.00 10 51.00){0.00 0.00 0.00 0.00 18.40 0}{18.40 19.00 22.77 26.00 36.80 13}{36.80 46.00 48.33 51.00 55.20 3}{55.20 0.00 0.00 0.00 73.60 0}{73.60 0.00 0.00 0.00 92.00 0}
10 2 
12 1 
14 10 
18 2 
19 0 

RANKS: 1 -1 0 16 1
EVENT8: 1104 48214b_4824b0_4825ae_462d4c_45dbc8_459218
COMP 51-0: 48214b_4824b0_4825ae_462c42_45dbc8_459218 (16 14.00 1 9.00 0 23.00){0.00 9.00 9.00 9.00 9.20 6}{9.20 12.00 13.14 16.00 18.40 7}{18.40 23.00 23.00 23.00 27.60 3}{27.60 0.00 0.00 0.00 36.80 0}{36.80 0.00 0.00 0.00 46.00 0}
10 2 
12 1 
14 10 
18 1 
19 0 

RANKS: 1 -1 0 16 1
EVENT9: 1011 471052_47133e_4713fd_462e50_45dbc8_459218
COMP 51-0: 48214b_4824b0_4825ae_462d4c_45dbc8_459218 (16 13.94 3 9.00 15 29.00){0.00 9.00 9.75 11.00 11.20 12}{11.20 12.00 12.00 12.00 22.40 1}{22.40 23.00 26.67 29.00 33.60 3}{33.60 0.00 0.00 0.00 44.80 0}{44.80 0.00 0.00 0.00 56.00 0}
10 2 
12 1 
14 10 
19 0 

RANKS: 1 -1 0 16 1
EVENT10: 1011 471052_47133e_4713fd_4675bc_45dbe2_459218
COMP 51-0: 471052_47133e_4713fd_462e50_45dbc8_459218 (16 12.76 1 9.00 0 29.00){0.00 9.00 9.46 10.00 11.60 13}{11.60 13.00 18.00 23.00 23.20 2}{23.20 29.00 29.00 29.00 34.80 1}{34.80 0.00 0.00 0.00 46.40 0}{46.40 0.00 0.00 0.00 58.00 0}
10 2 
12 1 
14 3 
19 0 

RANKS: 1 -1 0 1 0
EVENT11: 1169 4a4ea5_4a5137_4a51d4_45dd54_4592a1
COMP 51-0: 471052_47133e_4713fd_4675bc_45dbe2_459218 (1 220.00 0 220.00 0 220.00){0.00 0.00 0.00 0.00 88.00 0}{88.00 0.00 0.00 0.00 176.00 0}{176.00 220.00 220.00 220.00 264.00 1}{264.00 0.00 0.00 0.00 352.00 0}{352.00 0.00 0.00 0.00 440.00 0}
11 1 
12 18 
49 0 

RANKS: 1 -1 0 16 1
EVENT12: 1030 474d46_474f75_474fe5_45fced_4592c8
COMP 51-0: 471052_47133e_4713fd_4675bc_45dbe2_459218 (15 97.94 1 20.00 12 227.00){0.00 0.00 0.00 0.00 16.00 0}{16.00 20.00 21.50 23.00 24.00 2}{24.00 25.00 28.40 32.00 32.00 5}{32.00 35.00 35.00 35.00 40.00 1}{40.00 111.00 189.57 227.00 390.00 7}
COMP 51-1: 4a4ea5_4a5137_4a51d4_45dd54_4592a1 (1 7351.00 0 7351.00 0 7351.00){0.00 0.00 0.00 0.00 2940.40 0}{2940.40 0.00 0.00 0.00 5880.80 0}{5880.80 7351.00 7351.00 7351.00 8821.20 1}{8821.20 0.00 0.00 0.00 11761.60 0}{11761.60 0.00 0.00 0.00 14702.00 0}
10 2 

RANKS: 1 -1 0 16 1
EVENT13: 1066 47b541_47b880_47b91f_45fdf8_4592c8
COMP 51-0: 474d46_474f75_474fe5_45fced_4592c8 (16 16.59 7 11.00 0 32.00){0.00 11.00 11.67 12.00 12.80 3}{12.80 13.00 13.91 16.00 25.60 11}{25.60 30.00 31.00 32.00 38.40 2}{38.40 0.00 0.00 0.00 51.20 0}{51.20 0.00 0.00 0.00 64.00 0}
b 0 15 1 
12 1 
21 1000 

RANKS: 1 -1 0 16 1
EVENT14: 1026 473ecc_47414c_4741cf_45fede_4592c8
COMP 51-0: 47b541_47b880_47b91f_45fdf8_4592c8 (16 14.59 15 10.00 10 32.00){0.00 10.00 10.00 10.00 10.00 2}{10.00 11.00 12.17 14.00 20.00 12}{20.00 25.00 25.00 25.00 30.00 1}{30.00 32.00 32.00 32.00 40.00 1}{40.00 0.00 0.00 0.00 50.00 0}
10 2 
21 1001 

RANKS: 1 -1 0 1 0
EVENT15: 1102 4810ba_481457_481550_45ae8b_460142_4592c8
COMP 51-0: 473ecc_47414c_4741cf_45fede_4592c8 (1 51.00 0 51.00 0 51.00){0.00 0.00 0.00 0.00 20.40 0}{20.40 0.00 0.00 0.00 40.80 0}{40.80 51.00 51.00 51.00 61.20 1}{61.20 0.00 0.00 0.00 81.60 0}{81.60 0.00 0.00 0.00 102.00 0}
COMP 51-1: 4810ba_481457_481550_45ae8b_460142_4592c8 (14 24.40 0 22.00 0 27.00){0.00 0.00 0.00 0.00 8.80 0}{8.80 0.00 0.00 0.00 17.60 0}{17.60 22.00 24.38 26.00 26.40 13}{26.40 27.00 27.00 27.00 35.20 1}{35.20 0.00 0.00 0.00 44.00 0}
LOOP0: iter: ( 15 )[ 1 -1 0 1 0 ] mem: ( 1 )[ 1 -1 0 1 0 ]
10 1000 
12 1024 
14 1 
1b 0 
2b 2147483647 

RANKS: 1 -1 1 15 1
EVENT16: 1113 485d8d_4860ce_4861a5_45afe1_460142_4592c8
COMP 51-0: 473ecc_47414c_4741cf_45fede_4592c8 (15 17.25 1 14.00 10 52.00){0.00 0.00 0.00 0.00 5.60 0}{5.60 0.00 0.00 0.00 11.20 0}{11.20 14.00 14.45 16.00 16.80 11}{16.80 17.00 17.00 17.00 28.00 3}{28.00 52.00 52.00 52.00 76.00 1}
10 1000 
12 1024 
14 1 
1a ( 15 )[ 1 -1 1 1 0 ]
1a ( 13 )[ 1 -1 3 1 0 ]
1a ( 9 )[ 1 -1 7 1 0 ]
1a ( 1 )[ 1 -1 15 1 0 ]
1a ( 5 )[ 1 -1 11 1 0 ]
1a ( 11 )[ 1 -1 5 1 0 ]
1a ( 7 )[ 1 -1 9 1 0 ]
1a ( 3 )[ 1 -1 13 1 0 ]
1a ( 14 )[ 1 -1 2 1 0 ]
1a ( 12 )[ 1 -1 4 1 0 ]
1a ( 8 )[ 1 -1 8 1 0 ]
1a ( 4 )[ 1 -1 12 1 0 ]
1a ( 10 )[ 1 -1 6 1 0 ]
1a ( 6 )[ 1 -1 10 1 0 ]
1a ( 2 )[ 1 -1 14 1 0 ]
1b 0 

RANKS: 1 -1 0 16 1
EVENT17: 1011 471052_47133e_4713fd_45b0e2_460142_4592c8
COMP 51-0: 4810ba_481457_481550_45ae8b_460142_4592c8 (1 26.00 0 26.00 0 26.00){0.00 0.00 0.00 0.00 10.40 0}{10.40 0.00 0.00 0.00 20.80 0}{20.80 26.00 26.00 26.00 31.20 1}{31.20 0.00 0.00 0.00 41.60 0}{41.60 0.00 0.00 0.00 52.00 0}
COMP 51-1: 485d8d_4860ce_4861a5_45afe1_460142_4592c8 (15 12.25 1 9.00 10 30.00){0.00 0.00 0.00 0.00 3.60 0}{3.60 0.00 0.00 0.00 7.20 0}{7.20 9.00 9.00 9.00 10.80 3}{10.80 11.00 11.82 13.00 18.00 11}{18.00 30.00 30.00 30.00 42.00 1}
10 1000 
12 1 
14 3 
19 0 

RANKS: 1 -1 0 1 0
EVENT18: 1169 4a4ea5_4a5137_4a51d4_45e063_4608cf_4592c8
COMP 51-0: 471052_47133e_4713fd_45b0e2_460142_4592c8 (1 42.00 0 42.00 0 42.00){0.00 0.00 0.00 0.00 16.80 0}{16.80 0.00 0.00 0.00 33.60 0}{33.60 42.00 42.00 42.00 50.40 1}{50.40 0.00 0.00 0.00 67.20 0}{67.20 0.00 0.00 0.00 84.00 0}
11 1 
12 10 
49 0 

RANKS: 1 -1 0 1 0
EVENT19: 1169 4a4ea5_4a5137_4a51d4_45e0c0_4608cf_4592c8
COMP 51-0: 4a4ea5_4a5137_4a51d4_45e063_4608cf_4592c8 (1 40.00 0 40.00 0 40.00){0.00 0.00 0.00 0.00 16.00 0}{16.00 0.00 0.00 0.00 32.00 0}{32.00 40.00 40.00 40.00 48.00 1}{48.00 0.00 0.00 0.00 64.00 0}{64.00 0.00 0.00 0.00 80.00 0}
11 1 
12 22 
49 0 

RANKS: 1 -1 0 1 0
EVENT20: 1169 4a4ea5_4a5137_4a51d4_45e106_4608cf_4592c8
COMP 51-0: 4a4ea5_4a5137_4a51d4_45e0c0_4608cf_4592c8 (1 28.00 0 28.00 0 28.00){0.00 0.00 0.00 0.00 11.20 0}{11.20 0.00 0.00 0.00 22.40 0}{22.40 28.00 28.00 28.00 33.60 1}{33.60 0.00 0.00 0.00 44.80 0}{44.80 0.00 0.00 0.00 56.00 0}
11 1 
12 18 
49 0 

RANKS: 1 -1 0 1 0
EVENT21: 1169 4a4ea5_4a5137_4a51d4_45e16f_4608cf_4592c8
COMP 51-0: 4a4ea5_4a5137_4a51d4_45e106_4608cf_4592c8 (1 21.00 0 21.00 0 21.00){0.00 0.00 0.00 0.00 8.40 0}{8.40 0.00 0.00 0.00 16.80 0}{16.80 21.00 21.00 21.00 25.20 1}{25.20 0.00 0.00 0.00 33.60 0}{33.60 0.00 0.00 0.00 42.00 0}
11 1 
12 12 
49 0 

RANKS: 1 -1 0 1 0
EVENT22: 1169 4a4ea5_4a5137_4a51d4_45e1db_4608cf_4592c8
COMP 51-0: 4a4ea5_4a5137_4a51d4_45e16f_4608cf_4592c8 (1 31.00 0 31.00 0 31.00){0.00 0.00 0.00 0.00 12.40 0}{12.40 0.00 0.00 0.00 24.80 0}{24.80 31.00 31.00 31.00 37.20 1}{37.20 0.00 0.00 0.00 49.60 0}{49.60 0.00 0.00 0.00 62.00 0}
11 1 
12 44 
49 0 

RANKS: 1 -1 0 1 0
EVENT23: 1169 4a4ea5_4a5137_4a51d4_45e1f6_4608cf_4592c8
COMP 51-0: 4a4ea5_4a5137_4a51d4_45e1db_4608cf_4592c8 (1 55.00 0 55.00 0 55.00){0.00 0.00 0.00 0.00 22.00 0}{22.00 0.00 0.00 0.00 44.00 0}{44.00 55.00 55.00 55.00 66.00 1}{66.00 0.00 0.00 0.00 88.00 0}{88.00 0.00 0.00 0.00 110.00 0}
11 1 
12 21 
49 0 

RANKS: 1 -1 0 1 0
EVENT24: 1169 4a4ea5_4a5137_4a51d4_45e21f_4608cf_4592c8
COMP 51-0: 4a4ea5_4a5137_4a51d4_45e1f6_4608cf_4592c8 (1 22.00 0 22.00 0 22.00){0.00 0.00 0.00 0.00 8.80 0}{8.80 0.00 0.00 0.00 17.60 0}{17.60 22.00 22.00 22.00 26.40 1}{26.40 0.00 0.00 0.00 35.20 0}{35.20 0.00 0.00 0.00 44.00 0}
11 1 
12 20 
49 0 

RANKS: 1 -1 0 1 0
EVENT25: 1169 4a4ea5_4a5137_4a51d4_45e257_4608cf_4592c8
COMP 51-0: 4a4ea5_4a5137_4a51d4_45e21f_4608cf_4592c8 (1 28.00 0 28.00 0 28.00){0.00 0.00 0.00 0.00 11.20 0}{11.20 0.00 0.00 0.00 22.40 0}{22.40 28.00 28.00 28.00 33.60 1}{33.60 0.00 0.00 0.00 44.80 0}{44.80 0.00 0.00 0.00 56.00 0}
11 1 
12 21 
49 0 

RANKS: 1 -1 0 1 0
EVENT26: 1169 4a4ea5_4a5137_4a51d4_45e28e_4608cf_4592c8
COMP 51-0: 4a4ea5_4a5137_4a51d4_45e257_4608cf_4592c8 (1 22.00 0 22.00 0 22.00){0.00 0.00 0.00 0.00 8.80 0}{8.80 0.00 0.00 0.00 17.60 0}{17.60 22.00 22.00 22.00 26.40 1}{26.40 0.00 0.00 0.00 35.20 0}{35.20 0.00 0.00 0.00 44.00 0}
11 1 
12 18 
49 0 

RANKS: 1 -1 0 16 1
EVENT27: 1011 471052_47133e_4713fd_460ac3_4592c8
COMP 51-0: 471052_47133e_4713fd_45b0e2_460142_4592c8 (15 18.88 13 12.00 10 45.00){0.00 0.00 0.00 0.00 6.80 0}{6.80 12.00 12.00 12.00 13.60 1}{13.60 14.00 16.25 20.00 27.20 12}{27.20 33.00 33.00 33.00 34.00 1}{34.00 45.00 45.00 45.00 56.00 1}
COMP 51-1: 4a4ea5_4a5137_4a51d4_45e28e_4608cf_4592c8 (1 157.00 0 157.00 0 157.00){0.00 0.00 0.00 0.00 62.80 0}{62.80 0.00 0.00 0.00 125.60 0}{125.60 157.00 157.00 157.00 188.40 1}{188.40 0.00 0.00 0.00 251.20 0}{251.20 0.00 0.00 0.00 314.00 0}
10 1000 
12 1 
14 7 
19 0 

RANKS: 1 -1 0 16 1
EVENT28: 1010 470bed_470de3_470e43_460d4a_4592c8
COMP 51-0: 471052_47133e_4713fd_460ac3_4592c8 (16 57.76 13 14.00 0 322.00){0.00 14.00 22.53 60.00 128.80 15}{128.80 0.00 0.00 0.00 257.60 0}{257.60 322.00 322.00 322.00 386.40 1}{386.40 0.00 0.00 0.00 515.20 0}{515.20 0.00 0.00 0.00 644.00 0}
10 1000 

RANKS: 1 -1 0 16 1
EVENT29: 1171 491686_491ab6_491b7b_46a744_46a481_460e5a_4592c8
COMP 51-0: 470bed_470de3_470e43_460d4a_4592c8 (16 33.41 14 24.00 10 66.00){0.00 0.00 0.00 0.00 22.00 0}{22.00 24.00 26.54 30.00 44.00 13}{44.00 47.00 56.00 66.00 66.00 3}{66.00 0.00 0.00 0.00 88.00 0}{88.00 0.00 0.00 0.00 110.00 0}
COMM 51-0: 470bed_470de3_470e43_460d4a_4592c8 (16 28464.29 8 27957.00 8 29231.00){0.00 0.00 0.00 0.00 11347.60 0}{11347.60 0.00 0.00 0.00 22695.20 0}{22695.20 27957.00 28470.25 29231.00 34042.80 16}{34042.80 0.00 0.00 0.00 45390.40 0}{45390.40 0.00 0.00 0.00 56738.00 0}
10 1000 
3a :chunk.dat  
3b 41 
3c 1000 
52 42699 

RANKS: 1 -1 0 1 0
EVENT30: 1169 4a4ea5_4a5137_4a51d4_460f96_4592c8
COMP 51-0: 491686_491ab6_491b7b_46a744_46a481_460e5a_4592c8 (1 20.00 0 20.00 0 20.00){0.00 0.00 0.00 0.00 8.00 0}{8.00 0.00 0.00 0.00 16.00 0}{16.00 20.00 20.00 20.00 24.00 1}{24.00 0.00 0.00 0.00 32.00 0}{32.00 0.00 0.00 0.00 40.00 0}
11 1 
12 35 
49 0 

RANKS: 1 -1 0 16 1
EVENT31: 1176 493ca4_493fc8_4940a9_46b48b_465436_460ff4_4592c8
COMP 51-0: 491686_491ab6_491b7b_46a744_46a481_460e5a_4592c8 (15 439.31 5 219.00 1 554.00){0.00 219.00 219.00 219.00 221.60 1}{221.60 225.00 351.20 442.00 443.20 5}{443.20 461.00 500.00 554.00 664.80 9}{664.80 0.00 0.00 0.00 886.40 0}{886.40 0.00 0.00 0.00 1108.00 0}
COMP 51-1: 493ca4_493fc8_4940a9_46b48b_465436_460ff4_4592c8 (240 39.98 14 15.00 15 127.00){0.00 15.00 16.00 17.00 17.20 5}{17.20 19.00 26.48 33.00 34.40 25}{34.40 38.00 40.38 50.00 51.60 196}{51.60 54.00 62.15 75.00 86.00 13}{86.00 127.00 127.00 127.00 168.00 1}
COMP 51-2: 4a4ea5_4a5137_4a51d4_460f96_4592c8 (1 240.00 0 240.00 0 240.00){0.00 0.00 0.00 0.00 96.00 0}{96.00 0.00 0.00 0.00 192.00 0}{192.00 240.00 240.00 240.00 288.00 1}{288.00 0.00 0.00 0.00 384.00 0}{384.00 0.00 0.00 0.00 480.00 0}
LOOP0: iter: ( 16 )[ 1 -1 0 16 1 ] mem: ( 1 )[ 1 -1 0 16 1 ]
12 131072 
14 12 
3c 1000 
3d ( 0 131072 262144 393216 524288 655360 786432 917504 1048576 1179648 1310720 1441792 1572864 1703936 1835008 1966080 )[ 1 -1 0 1 0 ]
3d ( 2097152 2228224 2359296 2490368 2621440 2752512 2883584 3014656 3145728 3276800 3407872 3538944 3670016 3801088 3932160 4063232 )[ 1 -1 1 1 0 ]
3d ( 6291456 6422528 6553600 6684672 6815744 6946816 7077888 7208960 7340032 7471104 7602176 7733248 7864320 7995392 8126464 8257536 )[ 1 -1 3 1 0 ]
3d ( 14680064 14811136 14942208 15073280 15204352 15335424 15466496 15597568 15728640 15859712 15990784 16121856 16252928 16384000 16515072 16646144 )[ 1 -1 7 1 0 ]
3d ( 31457280 31588352 31719424 31850496 31981568 32112640 32243712 32374784 32505856 32636928 32768000 32899072 33030144 33161216 33292288 33423360 )[ 1 -1 15 1 0 ]
3d ( 23068672 23199744 23330816 23461888 23592960 23724032 23855104 23986176 24117248 24248320 24379392 24510464 24641536 24772608 24903680 25034752 )[ 1 -1 11 1 0 ]
3d ( 10485760 10616832 10747904 10878976 11010048 11141120 11272192 11403264 11534336 11665408 11796480 11927552 12058624 12189696 12320768 12451840 )[ 1 -1 5 1 0 ]
3d ( 18874368 19005440 19136512 19267584 19398656 19529728 19660800 19791872 19922944 20054016 20185088 20316160 20447232 20578304 20709376 20840448 )[ 1 -1 9 1 0 ]
3d ( 27262976 27394048 27525120 27656192 27787264 27918336 28049408 28180480 28311552 28442624 28573696 28704768 28835840 28966912 29097984 29229056 )[ 1 -1 13 1 0 ]
3d ( 4194304 4325376 4456448 4587520 4718592 4849664 4980736 5111808 5242880 5373952 5505024 5636096 5767168 5898240 6029312 6160384 )[ 1 -1 2 1 0 ]
3d ( 8388608 8519680 8650752 8781824 8912896 9043968 9175040 9306112 9437184 9568256 9699328 9830400 9961472 10092544 10223616 10354688 )[ 1 -1 4 1 0 ]
3d ( 16777216 16908288 17039360 17170432 17301504 17432576 17563648 17694720 17825792 17956864 18087936 18219008 18350080 18481152 18612224 18743296 )[ 1 -1 8 1 0 ]
3d ( 25165824 25296896 25427968 25559040 25690112 25821184 25952256 26083328 26214400 26345472 26476544 26607616 26738688 26869760 27000832 27131904 )[ 1 -1 12 1 0 ]
3d ( 12582912 12713984 12845056 12976128 13107200 13238272 13369344 13500416 13631488 13762560 13893632 14024704 14155776 14286848 14417920 14548992 )[ 1 -1 6 1 0 ]
3d ( 20971520 21102592 21233664 21364736 21495808 21626880 21757952 21889024 22020096 22151168 22282240 22413312 22544384 22675456 22806528 22937600 )[ 1 -1 10 1 0 ]
3d ( 29360128 29491200 29622272 29753344 29884416 30015488 30146560 30277632 30408704 30539776 30670848 30801920 30932992 31064064 31195136 31326208 )[ 1 -1 14 1 0 ]

RANKS: 1 -1 0 16 1
EVENT32: 1183 496b2e_496d6d_496dcd_46b6dc_461140_4592c8
COMP 51-0: 493ca4_493fc8_4940a9_46b48b_465436_460ff4_4592c8 (16 139.71 13 99.00 6 211.00){0.00 0.00 0.00 0.00 53.60 0}{53.60 99.00 99.00 99.00 107.20 1}{107.20 124.00 137.93 151.00 160.80 14}{160.80 211.00 211.00 211.00 214.40 1}{214.40 0.00 0.00 0.00 268.00 0}
3c 1000 
52 1626148 

RANKS: 1 -1 0 16 1
EVENT33: 1010 470bed_470de3_470e43_4612a4_4592c8
COMP 51-0: 496b2e_496d6d_496dcd_46b6dc_461140_4592c8 (16 27.76 5 14.00 12 42.00){0.00 0.00 0.00 0.00 11.20 0}{11.20 14.00 16.50 19.00 22.40 2}{22.40 26.00 27.92 29.00 33.60 12}{33.60 34.00 38.00 42.00 44.80 2}{44.80 0.00 0.00 0.00 56.00 0}
10 1000 

RANKS: 1 -1 0 16 1
EVENT34: 1171 491686_491ab6_491b7b_46be3a_461465_4592c8
COMP 51-0: 470bed_470de3_470e43_4612a4_4592c8 (16 25.06 5 12.00 4 29.00){0.00 0.00 0.00 0.00 10.80 0}{10.80 12.00 12.00 12.00 21.60 2}{21.60 25.00 26.79 29.00 32.40 14}{32.40 0.00 0.00 0.00 43.20 0}{43.20 0.00 0.00 0.00 54.00 0}
COMM 51-0: 470bed_470de3_470e43_4612a4_4592c8 (16 20199.24 0 20120.00 12 20856.00){0.00 0.00 0.00 0.00 8048.00 0}{8048.00 0.00 0.00 0.00 16096.00 0}{16096.00 20120.00 20204.19 20856.00 24144.00 16}{24144.00 0.00 0.00 0.00 32192.00 0}{32192.00 0.00 0.00 0.00 40240.00 0}
10 1000 
3a :chunk.dat  
3b 2 
3c 1001 
52 20694 

RANKS: 1 -1 0 16 1
EVENT35: 1183 496b2e_496d6d_496dcd_46bfdd_461465_4592c8
COMP 51-0: 491686_491ab6_491b7b_46be3a_461465_4592c8 (16 2584.59 0 1327.00 4 3460.00){0.00 0.00 0.00 0.00 1061.60 0}{1061.60 1327.00 1327.00 1327.00 2123.20 1}{2123.20 2182.00 2386.14 2557.50 2654.00 7}{2654.00 2769.00 2812.00 2855.00 2884.00 2}{2884.00 2922.00 3159.50 3460.00 3726.00 6}
3c 1001 
52 3368 

RANKS: 1 -1 0 16 1
EVENT36: 1004 46e310_46e630_46e710_46c1e0_461465_4592c8
COMP 51-0: 496b2e_496d6d_496dcd_46bfdd_461465_4592c8 (16 51.59 10 15.00 6 335.00){0.00 0.00 0.00 0.00 14.00 0}{14.00 15.00 16.33 18.00 28.00 3}{28.00 35.00 37.45 40.00 42.00 11}{42.00 46.00 46.00 46.00 70.00 1}{70.00 335.00 335.00 335.00 600.00 1}
10 1000 
12 1 
14 38 
18 2 

RANKS: 1 -1 0 16 1
EVENT37: 1004 46e310_46e630_46e710_46c2e0_461465_4592c8
COMP 51-0: 46e310_46e630_46e710_46c1e0_461465_4592c8 (16 22.53 9 9.00 3 26.00){0.00 9.00 9.67 10.00 10.00 3}{10.00 0.00 0.00 0.00 20.00 0}{20.00 24.00 25.31 26.00 30.00 13}{30.00 0.00 0.00 0.00 40.00 0}{40.00 0.00 0.00 0.00 50.00 0}
10 1000 
12 1 
14 38 
18 1 

RANKS: 1 -1 0 16 1
EVENT38: 1004 46e310_46e630_46e710_459de7_46147b_4592c8
COMP 51-0: 46e310_46e630_46e710_46c2e0_461465_4592c8 (16 22.00 9 9.00 4 27.00){0.00 9.00 9.00 9.00 9.60 1}{9.60 11.00 11.00 11.00 19.20 2}{19.20 22.00 24.54 27.00 28.80 13}{28.80 0.00 0.00 0.00 38.40 0}{38.40 0.00 0.00 0.00 48.00 0}
10 1000 
12 1 
14 38 
18 3 

RANKS: 1 -1 0 16 1
EVENT39: 1104 48214b_4824b0_4825ae_45d3dc_4614bc_4592c8
COMP 51-0: 46e310_46e630_46e710_459de7_46147b_4592c8 (16 30.53 9 15.00 15 42.00){0.00 0.00 0.00 0.00 10.40 0}{10.40 15.00 17.33 19.00 20.80 3}{20.80 25.00 25.50 26.00 31.20 2}{31.20 32.00 34.80 41.00 41.60 10}{41.60 42.00 42.00 42.00 52.00 1}
COMP 51-1: 48214b_4824b0_4825ae_45d3dc_4614bc_4592c8 (176 23.18 12 9.00 7 45.00){0.00 9.00 10.32 12.00 13.20 37}{13.20 15.00 25.42 26.00 26.40 123}{26.40 27.00 33.86 39.25 39.60 14}{39.60 42.00 43.50 45.00 52.80 2}{52.80 0.00 0.00 0.00 66.00 0}
LOOP0: iter: ( 12 )[ 1 -1 0 16 1 ] mem: ( 1 )[ 1 -1 0 16 1 ]
10 1000 
12 1 
14 10 
18 2 1 
19 0 

RANKS: 1 -1 0 16 1
EVENT40: 1010 470bed_470de3_470e43_461d7f_4592c8
COMP 51-0: 48214b_4824b0_4825ae_45d3dc_4614bc_4592c8 (16 27.65 10 11.00 3 32.00){0.00 11.00 11.00 11.00 12.40 1}{12.40 14.00 14.50 15.00 24.80 2}{24.80 28.00 30.69 32.00 37.20 13}{37.20 0.00 0.00 0.00 49.60 0}{49.60 0.00 0.00 0.00 62.00 0}
10 1000 

RANKS: 1 -1 0 16 1
EVENT41: 1171 491686_491ab6_491b7b_46a744_461e8f_4592c8
COMP 51-0: 470bed_470de3_470e43_461d7f_4592c8 (16 39.65 12 18.00 8 73.00){0.00 0.00 0.00 0.00 14.80 0}{14.80 18.00 19.33 21.00 29.60 3}{29.60 36.00 39.00 43.00 44.40 7}{44.40 44.50 46.60 50.00 59.20 5}{59.20 73.00 73.00 73.00 74.00 1}
COMM 51-0: 470bed_470de3_470e43_461d7f_4592c8 (16 22301.24 8 22094.00 8 22426.00){0.00 0.00 0.00 0.00 8868.40 0}{8868.40 0.00 0.00 0.00 17736.80 0}{17736.80 22094.00 22309.38 22426.00 26605.20 16}{26605.20 0.00 0.00 0.00 35473.60 0}{35473.60 0.00 0.00 0.00 44342.00 0}
10 1000 
3a :chunk.dat  
3b 41 
3c 1002 
52 28604 

RANKS: 1 -1 0 1 0
EVENT42: 1169 4a4ea5_4a5137_4a51d4_462003_4592c8
COMP 51-0: 491686_491ab6_491b7b_46a744_461e8f_4592c8 (1 34.00 0 34.00 0 34.00){0.00 0.00 0.00 0.00 13.60 0}{13.60 0.00 0.00 0.00 27.20 0}{27.20 34.00 34.00 34.00 40.80 1}{40.80 0.00 0.00 0.00 54.40 0}{54.40 0.00 0.00 0.00 68.00 0}
11 1 
12 34 
49 0 

RANKS: 1 -1 0 16 1
EVENT43: 1180 495934_495c58_495d39_46b48b_46551c_462061_4592c8
COMP 51-0: 491686_491ab6_491b7b_46a744_461e8f_4592c8 (15 540.31 4 379.00 3 666.00){0.00 0.00 0.00 0.00 216.80 0}{216.80 379.00 379.00 379.00 433.60 1}{433.60 435.00 542.92 649.00 650.40 13}{650.40 666.00 666.00 666.00 867.20 1}{867.20 0.00 0.00 0.00 1084.00 0}
COMP 51-1: 495934_495c58_495d39_46b48b_46551c_462061_4592c8 (240 39.72 8 13.00 9 237.00){0.00 0.00 0.00 0.00 9.20 0}{9.20 13.00 17.39 23.00 27.60 23}{27.60 28.33 39.74 46.00 46.00 201}{46.00 50.80 61.70 79.00 89.00 15}{89.00 237.00 237.00 237.00 385.00 1}
COMP 51-2: 4a4ea5_4a5137_4a51d4_462003_4592c8 (1 543.00 0 543.00 0 543.00){0.00 0.00 0.00 0.00 217.20 0}{217.20 0.00 0.00 0.00 434.40 0}{434.40 543.00 543.00 543.00 651.60 1}{651.60 0.00 0.00 0.00 868.80 0}{868.80 0.00 0.00 0.00 1086.00 0}
LOOP0: iter: ( 16 )[ 1 -1 0 16 1 ] mem: ( 1 )[ 1 -1 0 16 1 ]
12 131072 
14 12 
3c 1002 
3d ( 0 131072 262144 393216 524288 655360 786432 917504 1048576 1179648 1310720 1441792 1572864 1703936 1835008 1966080 )[ 1 -1 0 1 0 ]
3d ( 2097152 2228224 2359296 2490368 2621440 2752512 2883584 3014656 3145728 3276800 3407872 3538944 3670016 3801088 3932160 4063232 )[ 1 -1 1 1 0 ]
3d ( 6291456 6422528 6553600 6684672 6815744 6946816 7077888 7208960 7340032 7471104 7602176 7733248 7864320 7995392 8126464 8257536 )[ 1 -1 3 1 0 ]
3d ( 14680064 14811136 14942208 15073280 15204352 15335424 15466496 15597568 15728640 15859712 15990784 16121856 16252928 16384000 16515072 16646144 )[ 1 -1 7 1 0 ]
3d ( 31457280 31588352 31719424 31850496 31981568 32112640 32243712 32374784 32505856 32636928 32768000 32899072 33030144 33161216 33292288 33423360 )[ 1 -1 15 1 0 ]
3d ( 23068672 23199744 23330816 23461888 23592960 23724032 23855104 23986176 24117248 24248320 24379392 24510464 24641536 24772608 24903680 25034752 )[ 1 -1 11 1 0 ]
3d ( 10485760 10616832 10747904 10878976 11010048 11141120 11272192 11403264 11534336 11665408 11796480 11927552 12058624 12189696 12320768 12451840 )[ 1 -1 5 1 0 ]
3d ( 18874368 19005440 19136512 19267584 19398656 19529728 19660800 19791872 19922944 20054016 20185088 20316160 20447232 20578304 20709376 20840448 )[ 1 -1 9 1 0 ]
3d ( 27262976 27394048 27525120 27656192 27787264 27918336 28049408 28180480 28311552 28442624 28573696 28704768 28835840 28966912 29097984 29229056 )[ 1 -1 13 1 0 ]
3d ( 4194304 4325376 4456448 4587520 4718592 4849664 4980736 5111808 5242880 5373952 5505024 5636096 5767168 5898240 6029312 6160384 )[ 1 -1 2 1 0 ]
3d ( 8388608 8519680 8650752 8781824 8912896 9043968 9175040 9306112 9437184 9568256 9699328 9830400 9961472 10092544 10223616 10354688 )[ 1 -1 4 1 0 ]
3d ( 16777216 16908288 17039360 17170432 17301504 17432576 17563648 17694720 17825792 17956864 18087936 18219008 18350080 18481152 18612224 18743296 )[ 1 -1 8 1 0 ]
3d ( 25165824 25296896 25427968 25559040 25690112 25821184 25952256 26083328 26214400 26345472 26476544 26607616 26738688 26869760 27000832 27131904 )[ 1 -1 12 1 0 ]
3d ( 12582912 12713984 12845056 12976128 13107200 13238272 13369344 13500416 13631488 13762560 13893632 14024704 14155776 14286848 14417920 14548992 )[ 1 -1 6 1 0 ]
3d ( 20971520 21102592 21233664 21364736 21495808 21626880 21757952 21889024 22020096 22151168 22282240 22413312 22544384 22675456 22806528 22937600 )[ 1 -1 10 1 0 ]
3d ( 29360128 29491200 29622272 29753344 29884416 30015488 30146560 30277632 30408704 30539776 30670848 30801920 30932992 31064064 31195136 31326208 )[ 1 -1 14 1 0 ]

RANKS: 1 -1 0 16 1
EVENT44: 1183 496b2e_496d6d_496dcd_46b6dc_4621ad_4592c8
COMP 51-0: 495934_495c58_495d39_46b48b_46551c_462061_4592c8 (16 135.18 11 63.00 8 267.00){0.00 0.00 0.00 0.00 48.00 0}{48.00 63.00 65.50 68.00 96.00 2}{96.00 120.00 129.80 141.00 144.00 10}{144.00 145.00 160.67 178.00 240.00 3}{240.00 267.00 267.00 267.00 294.00 1}
3c 1002 
52 1774535 

RANKS: 1 -1 0 16 1
EVENT45: 1171 491686_491ab6_491b7b_46be3a_462211_4592c8
COMP 51-0: 496b2e_496d6d_496dcd_46b6dc_4621ad_4592c8 (16 21.71 15 13.00 5 43.00){0.00 0.00 0.00 0.00 12.00 0}{12.00 13.00 13.80 14.00 24.00 10}{24.00 30.00 31.60 35.00 36.00 5}{36.00 43.00 43.00 43.00 48.00 1}{48.00 0.00 0.00 0.00 60.00 0}
COMM 51-0: 496b2e_496d6d_496dcd_46b6dc_4621ad_4592c8 (16 28782.29 5 28180.00 5 29013.00){0.00 0.00 0.00 0.00 11503.60 0}{11503.60 0.00 0.00 0.00 23007.20 0}{23007.20 28180.00 28783.75 29013.00 34510.80 16}{34510.80 0.00 0.00 0.00 46014.40 0}{46014.40 0.00 0.00 0.00 57518.00 0}
10 1000 
3a :chunk.dat  
3b 2 
3c 1003 
52 28912 

RANKS: 1 -1 0 16 1
EVENT46: 1183 496b2e_496d6d_496dcd_46bfdd_462211_4592c8
COMP 51-0: 491686_491ab6_491b7b_46be3a_462211_4592c8 (16 2640.12 3 1655.00 13 7611.00){0.00 0.00 0.00 0.00 1014.80 0}{1014.80 1655.00 1721.00 1780.00 2029.60 5}{2029.60 2087.00 2612.90 3143.00 4059.20 10}{4059.20 0.00 0.00 0.00 5074.00 0}{5074.00 7611.00 7611.00 7611.00 10148.00 1}
3c 1003 
52 7942 

RANKS: 1 -1 0 16 1
EVENT47: 1004 46e310_46e630_46e710_46c1e0_462211_4592c8
COMP 51-0: 496b2e_496d6d_496dcd_46bfdd_462211_4592c8 (16 23.88 3 11.00 12 30.00){0.00 11.00 11.00 11.00 11.20 2}{11.20 12.00 15.67 22.00 22.40 3}{22.40 25.00 28.09 30.00 33.60 11}{33.60 0.00 0.00 0.00 44.80 0}{44.80 0.00 0.00 0.00 56.00 0}
10 1000 
12 1 
14 38 
18 2 

RANKS: 1 -1 0 16 1
EVENT48: 1004 46e310_46e630_46e710_46c2e0_462211_4592c8
COMP 51-0: 46e310_46e630_46e710_46c1e0_462211_4592c8 (16 20.65 3 9.00 7 27.00){0.00 9.00 9.00 9.00 9.20 2}{9.20 10.00 12.67 18.00 18.40 3}{18.40 19.00 24.73 27.00 27.60 11}{27.60 0.00 0.00 0.00 36.80 0}{36.80 0.00 0.00 0.00 46.00 0}
10 1000 
12 1 
14 38 
18 1 

RANKS: 1 -1 0 16 1
EVENT49: 1004 46e310_46e630_46e710_459de7_462227_4592c8
COMP 51-0: 46e310_46e630_46e710_46c2e0_462211_4592c8 (16 20.88 3 10.00 11 27.00){0.00 0.00 0.00 0.00 9.20 0}{9.20 10.00 10.00 10.00 18.40 4}{18.40 19.00 24.33 27.00 27.60 12}{27.60 0.00 0.00 0.00 36.80 0}{36.80 0.00 0.00 0.00 46.00 0}
10 1000 
12 1 
14 38 
18 3 

RANKS: 1 -1 0 16 1
EVENT50: 1104 48214b_4824b0_4825ae_45d3dc_462268_4592c8
COMP 51-0: 46e310_46e630_46e710_459de7_462227_4592c8 (16 20.59 3 11.00 0 28.00){0.00 11.00 11.00 11.00 11.20 3}{11.20 12.00 12.00 12.00 22.40 4}{22.40 25.00 26.78 28.00 33.60 9}{33.60 0.00 0.00 0.00 44.80 0}{44.80 0.00 0.00 0.00 56.00 0}
COMP 51-1: 48214b_4824b0_4825ae_45d3dc_462268_4592c8 (176 20.47 3 9.00 10 130.00){0.00 9.00 10.18 11.00 12.40 73}{12.40 14.00 19.67 23.00 24.80 3}{24.80 25.00 25.55 36.00 37.20 93}{37.20 44.00 47.50 50.00 62.00 6}{62.00 130.00 130.00 130.00 198.00 1}
LOOP0: iter: ( 12 )[ 1 -1 0 16 1 ] mem: ( 1 )[ 1 -1 0 16 1 ]
10 1000 
12 1 
14 10 
18 2 1 
19 0 

RANKS: 1 -1 0 16 1
EVENT51: 1010 470bed_470de3_470e43_462676_4592c8
COMP 51-0: 48214b_4824b0_4825ae_45d3dc_462268_4592c8 (16 19.18 9 10.00 0 26.00){0.00 10.00 10.00 10.00 10.40 2}{10.40 11.00 11.00 11.00 20.80 5}{20.80 24.00 25.00 26.00 31.20 9}{31.20 0.00 0.00 0.00 41.60 0}{41.60 0.00 0.00 0.00 52.00 0}
10 1000 

RANKS: 1 -1 0 1 0
EVENT52: 1184 497051_4972e3_497353_46b9a3_45db5e_462786_4592c8
COMP 51-0: 470bed_470de3_470e43_462676_4592c8 (1 53.00 0 53.00 0 53.00){0.00 0.00 0.00 0.00 21.20 0}{21.20 0.00 0.00 0.00 42.40 0}{42.40 53.00 53.00 53.00 63.60 1}{63.60 0.00 0.00 0.00 84.80 0}{84.80 0.00 0.00 0.00 106.00 0}
3a :chunk.dat  

RANKS: 1 -1 0 16 1
EVENT53: 1010 470bed_470de3_470e43_4627a3_4592c8
COMP 51-0: 470bed_470de3_470e43_462676_4592c8 (15 16.75 3 8.00 1 25.00){0.00 8.00 8.71 9.00 10.00 7}{10.00 0.00 0.00 0.00 20.00 0}{20.00 21.00 22.75 25.00 30.00 8}{30.00 0.00 0.00 0.00 40.00 0}{40.00 0.00 0.00 0.00 50.00 0}
COMP 51-1: 497051_4972e3_497353_46b9a3_45db5e_462786_4592c8 (1 36.00 0 36.00 0 36.00){0.00 0.00 0.00 0.00 14.40 0}{14.40 0.00 0.00 0.00 28.80 0}{28.80 36.00 36.00 36.00 43.20 1}{43.20 0.00 0.00 0.00 57.60 0}{57.60 0.00 0.00 0.00 72.00 0}
10 1000 

RANKS: 1 -1 0 1 0
EVENT54: 1169 4a4ea5_4a5137_4a51d4_45f333_4628d3_4592c8
COMP 51-0: 470bed_470de3_470e43_4627a3_4592c8 (1 72.00 0 72.00 0 72.00){0.00 0.00 0.00 0.00 28.80 0}{28.80 0.00 0.00 0.00 57.60 0}{57.60 72.00 72.00 72.00 86.40 1}{86.40 0.00 0.00 0.00 115.20 0}{115.20 0.00 0.00 0.00 144.00 0}
11 1 
12 109 
49 0 

RANKS: 1 -1 0 1 0
EVENT55: 1169 4a4ea5_4a5137_4a51d4_45f358_4628d3_4592c8
COMP 51-0: 4a4ea5_4a5137_4a51d4_45f333_4628d3_4592c8 (1 23.00 0 23.00 0 23.00){0.00 0.00 0.00 0.00 9.20 0}{9.20 0.00 0.00 0.00 18.40 0}{18.40 23.00 23.00 23.00 27.60 1}{27.60 0.00 0.00 0.00 36.80 0}{36.80 0.00 0.00 0.00 46.00 0}
11 1 
12 87 
49 0 

RANKS: 1 -1 0 1 0
EVENT56: 1169 4a4ea5_4a5137_4a51d4_45f384_4628d3_4592c8
COMP 51-0: 4a4ea5_4a5137_4a51d4_45f358_4628d3_4592c8 (1 29.00 0 29.00 0 29.00){0.00 0.00 0.00 0.00 11.60 0}{11.60 0.00 0.00 0.00 23.20 0}{23.20 29.00 29.00 29.00 34.80 1}{34.80 0.00 0.00 0.00 46.40 0}{46.40 0.00 0.00 0.00 58.00 0}
11 1 
12 108 
49 0 

RANKS: 1 -1 0 1 0
EVENT57: 1169 4a4ea5_4a5137_4a51d4_45f764_4628d3_4592c8
COMP 51-0: 4a4ea5_4a5137_4a51d4_45f384_4628d3_4592c8 (1 85.00 0 85.00 0 85.00){0.00 0.00 0.00 0.00 34.00 0}{34.00 0.00 0.00 0.00 68.00 0}{68.00 85.00 85.00 85.00 102.00 1}{102.00 0.00 0.00 0.00 136.00 0}{136.00 0.00 0.00 0.00 170.00 0}
11 1 
12 6 
49 0 

RANKS: 1 -1 0 1 0
EVENT58: 1169 4a4ea5_4a5137_4a51d4_45fb4a_4628d3_4592c8
COMP 51-0: 4a4ea5_4a5137_4a51d4_45f764_4628d3_4592c8 (1 229.00 0 229.00 0 229.00){0.00 0.00 0.00 0.00 91.60 0}{91.60 0.00 0.00 0.00 183.20 0}{183.20 229.00 229.00 229.00 274.80 1}{274.80 0.00 0.00 0.00 366.40 0}{366.40 0.00 0.00 0.00 458.00 0}
11 1 
12 6 
49 0 

RANKS: 1 -1 0 16 1
EVENT59: 1028 474931_474af2_474b52_4628dd_4592c8
COMP 51-0: 470bed_470de3_470e43_4627a3_4592c8 (15 90.19 8 39.00 1 181.00){0.00 39.00 59.38 72.33 72.40 8}{72.40 73.00 101.00 129.00 144.80 6}{144.80 181.00 181.00 181.00 217.20 1}{217.20 0.00 0.00 0.00 289.60 0}{289.60 0.00 0.00 0.00 362.00 0}
COMP 51-1: 4a4ea5_4a5137_4a51d4_45fb4a_4628d3_4592c8 (1 86.00 0 86.00 0 86.00){0.00 0.00 0.00 0.00 34.40 0}{34.40 0.00 0.00 0.00 68.80 0}{68.80 86.00 86.00 86.00 103.20 1}{103.20 0.00 0.00 0.00 137.60 0}{137.60 0.00 0.00 0.00 172.00 0}
10 1000 

RANKS: 1 -1 0 16 1
EVENT60: 1010 470bed_470de3_470e43_462a58_4592c8
COMP 51-0: 474931_474af2_474b52_4628dd_4592c8 (16 12.76 3 10.00 0 26.00){0.00 10.00 10.00 10.00 10.40 2}{10.40 11.00 11.15 12.00 20.80 13}{20.80 26.00 26.00 26.00 31.20 1}{31.20 0.00 0.00 0.00 41.60 0}{41.60 0.00 0.00 0.00 52.00 0}
10 2 

RANKS: 1 -1 0 16 1
EVENT61: 1045 476acc_476b3d_476b81_459315
COMP 51-0: 470bed_470de3_470e43_462a58_4592c8 (16 269.88 13 101.00 1 788.00){0.00 101.00 136.54 153.00 268.80 13}{268.80 0.00 0.00 0.00 537.60 0}{537.60 672.00 713.67 788.00 806.40 3}{806.40 0.00 0.00 0.00 1075.20 0}{1075.20 0.00 0.00 0.00 1344.00 0}
52 48616 

