RANKS: 1 -1 0 24 1
EVENT0: 1084 47cb68_47cc13_47cc5f_458fad
33 2 
34 0 

RANKS: 1 -1 0 1 0
EVENT1: 1102 4810ba_481457_481550_45ae8b_45db7f_459218
COMP 51-0: 47cb68_47cc13_47cc5f_458fad (1 43.00 0 43.00 0 43.00){0.00 0.00 0.00 0.00 17.20 0}{17.20 0.00 0.00 0.00 34.40 0}{34.40 43.00 43.00 43.00 51.60 1}{51.60 0.00 0.00 0.00 68.80 0}{68.80 0.00 0.00 0.00 86.00 0}
COMP 51-1: 4810ba_481457_481550_45ae8b_45db7f_459218 (22 10.57 0 10.00 0 14.00){0.00 0.00 0.00 0.00 5.60 0}{5.60 10.00 10.15 11.00 11.20 20}{11.20 12.00 13.00 14.00 16.80 2}{16.80 0.00 0.00 0.00 22.40 0}{22.40 0.00 0.00 0.00 28.00 0}
LOOP0: iter: ( 23 )[ 1 -1 0 1 0 ] mem: ( 1 )[ 1 -1 0 1 0 ]
10 2 
12 1024 
14 1 
1b 0 
2b 2147483647 

RANKS: 1 -1 1 23 1
EVENT2: 1113 485d8d_4860ce_4861a5_45afe1_45db7f_459218
COMP 51-0: 47cb68_47cc13_47cc5f_458fad (23 54.96 10 38.00 17 88.00){0.00 0.00 0.00 0.00 28.80 0}{28.80 38.00 48.18 54.00 57.60 17}{57.60 58.00 68.00 72.00 86.40 5}{86.40 88.00 88.00 88.00 115.20 1}{115.20 0.00 0.00 0.00 144.00 0}
10 2 
12 1024 
14 1 
1a ( 23 )[ 1 -1 1 1 0 ]
1a ( 21 )[ 1 -1 3 1 0 ]
1a ( 17 )[ 1 -1 7 1 0 ]
1a ( 9 )[ 1 -1 15 1 0 ]
1a ( 1 )[ 1 -1 23 1 0 ]
1a ( 13 )[ 1 -1 11 1 0 ]
1a ( 5 )[ 1 -1 19 1 0 ]
1a ( 19 )[ 1 -1 5 1 0 ]
1a ( 15 )[ 1 -1 9 1 0 ]
1a ( 7 )[ 1 -1 17 1 0 ]
1a ( 11 )[ 1 -1 13 1 0 ]
1a ( 3 )[ 1 -1 21 1 0 ]
1a ( 22 )[ 1 -1 2 1 0 ]
1a ( 20 )[ 1 -1 4 1 0 ]
1a ( 16 )[ 1 -1 8 1 0 ]
1a ( 8 )[ 1 -1 16 1 0 ]
1a ( 12 )[ 1 -1 12 1 0 ]
1a ( 4 )[ 1 -1 20 1 0 ]
1a ( 18 )[ 1 -1 6 1 0 ]
1a ( 14 )[ 1 -1 10 1 0 ]
1a ( 6 )[ 1 -1 18 1 0 ]
1a ( 10 )[ 1 -1 14 1 0 ]
1a ( 2 )[ 1 -1 22 1 0 ]
1b 0 

RANKS: 1 -1 0 24 1
EVENT3: 1011 471052_47133e_4713fd_45b0e2_45db7f_459218
COMP 51-0: 4810ba_481457_481550_45ae8b_45db7f_459218 (1 14.00 0 14.00 0 14.00){0.00 0.00 0.00 0.00 5.60 0}{5.60 0.00 0.00 0.00 11.20 0}{11.20 14.00 14.00 14.00 16.80 1}{16.80 0.00 0.00 0.00 22.40 0}{22.40 0.00 0.00 0.00 28.00 0}
COMP 51-1: 485d8d_4860ce_4861a5_45afe1_45db7f_459218 (23 18.50 16 14.00 17 30.00){0.00 0.00 0.00 0.00 6.00 0}{6.00 0.00 0.00 0.00 12.00 0}{12.00 14.00 15.82 18.00 18.00 11}{18.00 19.33 20.45 22.00 24.00 11}{24.00 30.00 30.00 30.00 30.00 1}
10 2 
12 1 
14 3 
19 0 

RANKS: 1 -1 0 24 1
EVENT4: 1167 4a4646_4a4872_4a48cc_468bac_468df4_45db91_459218
COMP 51-0: 471052_47133e_4713fd_45b0e2_45db7f_459218 (24 3501.72 14 2145.00 0 5624.00){0.00 2145.00 2145.00 2145.00 2249.60 1}{2249.60 2359.00 3044.00 3787.00 4499.20 18}{4499.20 4659.00 4996.40 5624.00 6748.80 5}{6748.80 0.00 0.00 0.00 8998.40 0}{8998.40 0.00 0.00 0.00 11248.00 0}
49 0 
52 235185 

RANKS: 1 -1 0 24 1
EVENT5: 1011 471052_47133e_4713fd_45b7a0_45dba2_459218
COMP 51-0: 4a4646_4a4872_4a48cc_468bac_468df4_45db91_459218 (24 15.36 13 12.00 4 28.00){0.00 0.00 0.00 0.00 8.00 0}{8.00 12.00 14.36 16.00 16.00 22}{16.00 20.00 20.00 20.00 24.00 1}{24.00 28.00 28.00 28.00 32.00 1}{32.00 0.00 0.00 0.00 40.00 0}
10 2 
12 4 
14 12 
19 0 

RANKS: 1 -1 0 24 1
EVENT6: 1010 470bed_470de3_470e43_462b44_45dbc8_459218
COMP 51-0: 471052_47133e_4713fd_45b7a0_45dba2_459218 (24 36.40 16 23.00 21 89.00){0.00 0.00 0.00 0.00 20.00 0}{20.00 23.00 27.10 29.00 30.00 10}{30.00 34.00 35.00 36.00 40.00 2}{40.00 40.00 41.36 45.00 50.00 11}{50.00 89.00 89.00 89.00 128.00 1}
10 2 

RANKS: 1 -1 0 24 1
EVENT7: 1104 48214b_4824b0_4825ae_462c42_45dbc8_459218
COMP 51-0: 470bed_470de3_470e43_462b44_45dbc8_459218 (24 21.04 23 18.00 23 24.00){0.00 0.00 0.00 0.00 7.60 0}{7.60 0.00 0.00 0.00 15.20 0}{15.20 18.00 20.86 21.50 22.80 22}{22.80 24.00 24.00 24.00 30.40 2}{30.40 0.00 0.00 0.00 38.00 0}
10 2 
12 1 
14 10 
18 2 
19 0 

RANKS: 1 -1 0 24 1
EVENT8: 1104 48214b_4824b0_4825ae_462d4c_45dbc8_459218
COMP 51-0: 48214b_4824b0_4825ae_462c42_45dbc8_459218 (24 9.96 1 9.00 0 14.00){0.00 0.00 0.00 0.00 5.60 0}{5.60 9.00 9.33 10.00 11.20 21}{11.20 12.00 13.00 14.00 16.80 3}{16.80 0.00 0.00 0.00 22.40 0}{22.40 0.00 0.00 0.00 28.00 0}
10 2 
12 1 
14 10 
18 1 
19 0 

RANKS: 1 -1 0 24 1
EVENT9: 1011 471052_47133e_4713fd_462e50_45dbc8_459218
COMP 51-0: 48214b_4824b0_4825ae_462d4c_45dbc8_459218 (24 10.28 0 9.00 3 12.00){0.00 0.00 0.00 0.00 3.60 0}{3.60 0.00 0.00 0.00 7.20 0}{7.20 9.00 9.08 10.00 10.80 13}{10.80 11.00 11.82 12.00 14.40 11}{14.40 0.00 0.00 0.00 18.00 0}
10 2 
12 1 
14 10 
19 0 

RANKS: 1 -1 0 24 1
EVENT10: 1011 471052_47133e_4713fd_4675bc_45dbe2_459218
COMP 51-0: 471052_47133e_4713fd_462e50_45dbc8_459218 (24 11.44 19 9.00 3 14.00){0.00 0.00 0.00 0.00 4.00 0}{4.00 0.00 0.00 0.00 8.00 0}{8.00 9.00 9.90 12.00 12.00 10}{12.00 12.25 12.64 14.00 16.00 14}{16.00 0.00 0.00 0.00 20.00 0}
10 2 
12 1 
14 3 
19 0 

RANKS: 1 -1 0 1 0
EVENT11: 1169 4a4ea5_4a5137_4a51d4_45dd54_4592a1
COMP 51-0: 471052_47133e_4713fd_4675bc_45dbe2_459218 (1 111.00 0 111.00 0 111.00){0.00 0.00 0.00 0.00 44.40 0}{44.40 0.00 0.00 0.00 88.80 0}{88.80 111.00 111.00 111.00 133.20 1}{133.20 0.00 0.00 0.00 177.60 0}{177.60 0.00 0.00 0.00 222.00 0}
11 1 
12 18 
49 0 

RANKS: 1 -1 0 24 1
EVENT12: 1030 474d46_474f75_474fe5_45fced_4592c8
COMP 51-0: 471052_47133e_4713fd_4675bc_45dbe2_459218 (23 20.00 23 17.00 13 26.00){0.00 0.00 0.00 0.00 7.20 0}{7.20 0.00 0.00 0.00 14.40 0}{14.40 17.00 18.65 20.00 21.60 17}{21.60 22.00 24.17 26.00 28.80 6}{28.80 0.00 0.00 0.00 36.00 0}
COMP 51-1: 4a4ea5_4a5137_4a51d4_45dd54_4592a1 (1 6951.00 0 6951.00 0 6951.00){0.00 0.00 0.00 0.00 2780.40 0}{2780.40 0.00 0.00 0.00 5560.80 0}{5560.80 6951.00 6951.00 6951.00 8341.20 1}{8341.20 0.00 0.00 0.00 11121.60 0}{11121.60 0.00 0.00 0.00 13902.00 0}
10 2 

RANKS: 1 -1 0 24 1
EVENT13: 1066 47b541_47b880_47b91f_45fdf8_4592c8
COMP 51-0: 474d46_474f75_474fe5_45fced_4592c8 (24 16.64 23 11.00 7 33.00){0.00 0.00 0.00 0.00 5.20 0}{5.20 0.00 0.00 0.00 10.40 0}{10.40 11.00 13.30 15.50 15.60 10}{15.60 16.00 18.23 26.00 26.00 13}{26.00 33.00 33.00 33.00 40.00 1}
b 0 23 1 
12 1 
21 1000 

RANKS: 1 -1 0 24 1
EVENT14: 1026 473ecc_47414c_4741cf_45fede_4592c8
COMP 51-0: 47b541_47b880_47b91f_45fdf8_4592c8 (24 11.64 13 10.00 4 14.00){0.00 0.00 0.00 0.00 4.40 0}{4.40 0.00 0.00 0.00 8.80 0}{8.80 10.00 11.57 13.00 13.20 23}{13.20 14.00 14.00 14.00 17.60 1}{17.60 0.00 0.00 0.00 22.00 0}
10 2 
21 1001 

RANKS: 1 -1 0 1 0
EVENT15: 1102 4810ba_481457_481550_45ae8b_460142_4592c8
COMP 51-0: 473ecc_47414c_4741cf_45fede_4592c8 (1 23.00 0 23.00 0 23.00){0.00 0.00 0.00 0.00 9.20 0}{9.20 0.00 0.00 0.00 18.40 0}{18.40 23.00 23.00 23.00 27.60 1}{27.60 0.00 0.00 0.00 36.80 0}{36.80 0.00 0.00 0.00 46.00 0}
COMP 51-1: 4810ba_481457_481550_45ae8b_460142_4592c8 (22 10.00 0 9.00 0 11.00){0.00 0.00 0.00 0.00 4.00 0}{4.00 0.00 0.00 0.00 8.00 0}{8.00 9.00 10.00 11.00 12.00 22}{12.00 0.00 0.00 0.00 16.00 0}{16.00 0.00 0.00 0.00 20.00 0}
LOOP0: iter: ( 23 )[ 1 -1 0 1 0 ] mem: ( 1 )[ 1 -1 0 1 0 ]
10 1000 
12 1024 
14 1 
1b 0 
2b 2147483647 

RANKS: 1 -1 1 23 1
EVENT16: 1113 485d8d_4860ce_4861a5_45afe1_460142_4592c8
COMP 51-0: 473ecc_47414c_4741cf_45fede_4592c8 (23 19.92 2 14.00 7 29.00){0.00 0.00 0.00 0.00 6.00 0}{6.00 0.00 0.00 0.00 12.00 0}{12.00 14.00 15.56 17.00 18.00 9}{18.00 19.00 21.22 23.00 24.00 9}{24.00 25.00 26.40 29.00 30.00 5}
10 1000 
12 1024 
14 1 
1a ( 23 )[ 1 -1 1 1 0 ]
1a ( 21 )[ 1 -1 3 1 0 ]
1a ( 17 )[ 1 -1 7 1 0 ]
1a ( 9 )[ 1 -1 15 1 0 ]
1a ( 1 )[ 1 -1 23 1 0 ]
1a ( 13 )[ 1 -1 11 1 0 ]
1a ( 5 )[ 1 -1 19 1 0 ]
1a ( 19 )[ 1 -1 5 1 0 ]
1a ( 15 )[ 1 -1 9 1 0 ]
1a ( 7 )[ 1 -1 17 1 0 ]
1a ( 11 )[ 1 -1 13 1 0 ]
1a ( 3 )[ 1 -1 21 1 0 ]
1a ( 22 )[ 1 -1 2 1 0 ]
1a ( 20 )[ 1 -1 4 1 0 ]
1a ( 16 )[ 1 -1 8 1 0 ]
1a ( 8 )[ 1 -1 16 1 0 ]
1a ( 12 )[ 1 -1 12 1 0 ]
1a ( 4 )[ 1 -1 20 1 0 ]
1a ( 18 )[ 1 -1 6 1 0 ]
1a ( 14 )[ 1 -1 10 1 0 ]
1a ( 6 )[ 1 -1 18 1 0 ]
1a ( 10 )[ 1 -1 14 1 0 ]
1a ( 2 )[ 1 -1 22 1 0 ]
1b 0 

RANKS: 1 -1 0 24 1
EVENT17: 1011 471052_47133e_4713fd_45b0e2_460142_4592c8
COMP 51-0: 4810ba_481457_481550_45ae8b_460142_4592c8 (1 10.00 0 10.00 0 10.00){0.00 0.00 0.00 0.00 4.00 0}{4.00 0.00 0.00 0.00 8.00 0}{8.00 10.00 10.00 10.00 12.00 1}{12.00 0.00 0.00 0.00 16.00 0}{16.00 0.00 0.00 0.00 20.00 0}
COMP 51-1: 485d8d_4860ce_4861a5_45afe1_460142_4592c8 (23 11.17 5 9.00 3 13.00){0.00 0.00 0.00 0.00 4.80 0}{4.80 9.00 9.00 9.00 9.60 4}{9.60 10.00 11.58 13.00 14.40 19}{14.40 0.00 0.00 0.00 19.20 0}{19.20 0.00 0.00 0.00 24.00 0}
10 1000 
12 1 
14 3 
19 0 

RANKS: 1 -1 0 1 0
EVENT18: 1169 4a4ea5_4a5137_4a51d4_45e063_4608cf_4592c8
COMP 51-0: 471052_47133e_4713fd_45b0e2_460142_4592c8 (1 17.00 0 17.00 0 17.00){0.00 0.00 0.00 0.00 6.80 0}{6.80 0.00 0.00 0.00 13.60 0}{13.60 17.00 17.00 17.00 20.40 1}{20.40 0.00 0.00 0.00 27.20 0}{27.20 0.00 0.00 0.00 34.00 0}
11 1 
12 10 
49 0 

RANKS: 1 -1 0 1 0
EVENT19: 1169 4a4ea5_4a5137_4a51d4_45e0c0_4608cf_4592c8
COMP 51-0: 4a4ea5_4a5137_4a51d4_45e063_4608cf_4592c8 (1 17.00 0 17.00 0 17.00){0.00 0.00 0.00 0.00 6.80 0}{6.80 0.00 0.00 0.00 13.60 0}{13.60 17.00 17.00 17.00 20.40 1}{20.40 0.00 0.00 0.00 27.20 0}{27.20 0.00 0.00 0.00 34.00 0}
11 1 
12 22 
49 0 

RANKS: 1 -1 0 1 0
EVENT20: 1169 4a4ea5_4a5137_4a51d4_45e106_4608cf_4592c8
COMP 51-0: 4a4ea5_4a5137_4a51d4_45e0c0_4608cf_4592c8 (1 11.00 0 11.00 0 11.00){0.00 0.00 0.00 0.00 4.40 0}{4.40 0.00 0.00 0.00 8.80 0}{8.80 11.00 11.00 11.00 13.20 1}{13.20 0.00 0.00 0.00 17.60 0}{17.60 0.00 0.00 0.00 22.00 0}
11 1 
12 18 
49 0 

RANKS: 1 -1 0 1 0
EVENT21: 1169 4a4ea5_4a5137_4a51d4_45e16f_4608cf_4592c8
COMP 51-0: 4a4ea5_4a5137_4a51d4_45e106_4608cf_4592c8 (1 9.00 0 9.00 0 9.00){0.00 0.00 0.00 0.00 3.60 0}{3.60 0.00 0.00 0.00 7.20 0}{7.20 9.00 9.00 9.00 10.80 1}{10.80 0.00 0.00 0.00 14.40 0}{14.40 0.00 0.00 0.00 18.00 0}
11 1 
12 12 
49 0 

RANKS: 1 -1 0 1 0
EVENT22: 1169 4a4ea5_4a5137_4a51d4_45e1db_4608cf_4592c8
COMP 51-0: 4a4ea5_4a5137_4a51d4_45e16f_4608cf_4592c8 (1 12.00 0 12.00 0 12.00){0.00 0.00 0.00 0.00 4.80 0}{4.80 0.00 0.00 0.00 9.60 0}{9.60 12.00 12.00 12.00 14.40 1}{14.40 0.00 0.00 0.00 19.20 0}{19.20 0.00 0.00 0.00 24.00 0}
11 1 
12 44 
49 0 

RANKS: 1 -1 0 1 0
EVENT23: 1169 4a4ea5_4a5137_4a51d4_45e1f6_4608cf_4592c8
COMP 51-0: 4a4ea5_4a5137_4a51d4_45e1db_4608cf_4592c8 (1 9.00 0 9.00 0 9.00){0.00 0.00 0.00 0.00 3.60 0}{3.60 0.00 0.00 0.00 7.20 0}{7.20 9.00 9.00 9.00 10.80 1}{10.80 0.00 0.00 0.00 14.40 0}{14.40 0.00 0.00 0.00 18.00 0}
11 1 
12 21 
49 0 

RANKS: 1 -1 0 1 0
EVENT24: 1169 4a4ea5_4a5137_4a51d4_45e21f_4608cf_4592c8
COMP 51-0: 4a4ea5_4a5137_4a51d4_45e1f6_4608cf_4592c8 (1 9.00 0 9.00 0 9.00){0.00 0.00 0.00 0.00 3.60 0}{3.60 0.00 0.00 0.00 7.20 0}{7.20 9.00 9.00 9.00 10.80 1}{10.80 0.00 0.00 0.00 14.40 0}{14.40 0.00 0.00 0.00 18.00 0}
11 1 
12 20 
49 0 

RANKS: 1 -1 0 1 0
EVENT25: 1169 4a4ea5_4a5137_4a51d4_45e257_4608cf_4592c8
COMP 51-0: 4a4ea5_4a5137_4a51d4_45e21f_4608cf_4592c8 (1 11.00 0 11.00 0 11.00){0.00 0.00 0.00 0.00 4.40 0}{4.40 0.00 0.00 0.00 8.80 0}{8.80 11.00 11.00 11.00 13.20 1}{13.20 0.00 0.00 0.00 17.60 0}{17.60 0.00 0.00 0.00 22.00 0}
11 1 
12 21 
49 0 

RANKS: 1 -1 0 1 0
EVENT26: 1169 4a4ea5_4a5137_4a51d4_45e28e_4608cf_4592c8
COMP 51-0: 4a4ea5_4a5137_4a51d4_45e257_4608cf_4592c8 (1 9.00 0 9.00 0 9.00){0.00 0.00 0.00 0.00 3.60 0}{3.60 0.00 0.00 0.00 7.20 0}{7.20 9.00 9.00 9.00 10.80 1}{10.80 0.00 0.00 0.00 14.40 0}{14.40 0.00 0.00 0.00 18.00 0}
11 1 
12 18 
49 0 

RANKS: 1 -1 0 24 1
EVENT27: 1011 471052_47133e_4713fd_460ac3_4592c8
COMP 51-0: 471052_47133e_4713fd_45b0e2_460142_4592c8 (23 15.92 5 12.00 18 19.00){0.00 0.00 0.00 0.00 7.20 0}{7.20 12.00 13.00 13.33 14.40 5}{14.40 15.00 16.61 19.00 21.60 18}{21.60 0.00 0.00 0.00 28.80 0}{28.80 0.00 0.00 0.00 36.00 0}
COMP 51-1: 4a4ea5_4a5137_4a51d4_45e28e_4608cf_4592c8 (1 32.00 0 32.00 0 32.00){0.00 0.00 0.00 0.00 12.80 0}{12.80 0.00 0.00 0.00 25.60 0}{25.60 32.00 32.00 32.00 38.40 1}{38.40 0.00 0.00 0.00 51.20 0}{51.20 0.00 0.00 0.00 64.00 0}
10 1000 
12 1 
14 7 
19 0 

RANKS: 1 -1 0 24 1
EVENT28: 1010 470bed_470de3_470e43_460d4a_4592c8
COMP 51-0: 471052_47133e_4713fd_460ac3_4592c8 (24 114.20 19 15.00 0 1203.00){0.00 15.00 19.52 26.00 481.20 23}{481.20 0.00 0.00 0.00 962.40 0}{962.40 1203.00 1203.00 1203.00 1443.60 1}{1443.60 0.00 0.00 0.00 1924.80 0}{1924.80 0.00 0.00 0.00 2406.00 0}
10 1000 

RANKS: 1 -1 0 24 1
EVENT29: 1171 491686_491ab6_491b7b_46a744_46a481_460e5a_4592c8
COMP 51-0: 470bed_470de3_470e43_460d4a_4592c8 (24 31.76 2 24.00 15 47.00){0.00 0.00 0.00 0.00 12.40 0}{12.40 24.00 24.00 24.00 24.80 1}{24.80 26.00 31.00 35.00 37.20 21}{37.20 41.00 44.00 47.00 49.60 2}{49.60 0.00 0.00 0.00 62.00 0}
COMM 51-0: 470bed_470de3_470e43_460d4a_4592c8 (24 51570.88 3 49957.00 18 52753.00){0.00 0.00 0.00 0.00 20313.20 0}{20313.20 0.00 0.00 0.00 40626.40 0}{40626.40 49957.00 51603.71 52753.00 60939.60 24}{60939.60 0.00 0.00 0.00 81252.80 0}{81252.80 0.00 0.00 0.00 101566.00 0}
10 1000 
3a :chunk.dat  
3b 41 
3c 1000 
52 78235 

RANKS: 1 -1 0 1 0
EVENT30: 1169 4a4ea5_4a5137_4a51d4_460f96_4592c8
COMP 51-0: 491686_491ab6_491b7b_46a744_46a481_460e5a_4592c8 (1 22.00 0 22.00 0 22.00){0.00 0.00 0.00 0.00 8.80 0}{8.80 0.00 0.00 0.00 17.60 0}{17.60 22.00 22.00 22.00 26.40 1}{26.40 0.00 0.00 0.00 35.20 0}{35.20 0.00 0.00 0.00 44.00 0}
11 1 
12 35 
49 0 

RANKS: 1 -1 0 24 1
EVENT31: 1176 493ca4_493fc8_4940a9_46b48b_465436_460ff4_4592c8
COMP 51-0: 491686_491ab6_491b7b_46a744_46a481_460e5a_4592c8 (23 328.67 22 214.00 23 535.00){0.00 0.00 0.00 0.00 100.40 0}{100.40 0.00 0.00 0.00 200.80 0}{200.80 214.00 259.80 291.14 401.60 15}{401.60 425.00 445.33 460.00 502.00 6}{502.00 533.00 534.00 535.00 568.00 2}
COMP 51-1: 493ca4_493fc8_4940a9_46b48b_465436_460ff4_4592c8 (360 37.55 11 12.00 20 495.00){0.00 12.00 19.80 23.87 24.00 123}{24.00 26.00 41.39 58.00 60.00 215}{60.00 62.33 68.00 80.00 100.00 18}{100.00 146.00 157.00 167.00 234.00 3}{234.00 495.00 495.00 495.00 756.00 1}
COMP 51-2: 4a4ea5_4a5137_4a51d4_460f96_4592c8 (1 247.00 0 247.00 0 247.00){0.00 0.00 0.00 0.00 98.80 0}{98.80 0.00 0.00 0.00 197.60 0}{197.60 247.00 247.00 247.00 296.40 1}{296.40 0.00 0.00 0.00 395.20 0}{395.20 0.00 0.00 0.00 494.00 0}
LOOP0: iter: ( 16 )[ 1 -1 0 24 1 ] mem: ( 1 )[ 1 -1 0 24 1 ]
12 131072 
14 12 
3c 1000 
3d ( 0 131072 262144 393216 524288 655360 786432 917504 1048576 1179648 1310720 1441792 1572864 1703936 1835008 1966080 )[ 1 -1 0 1 0 ]
3d ( 2097152 2228224 2359296 2490368 2621440 2752512 2883584 3014656 3145728 3276800 3407872 3538944 3670016 3801088 3932160 4063232 )[ 1 -1 1 1 0 ]
3d ( 6291456 6422528 6553600 6684672 6815744 6946816 7077888 7208960 7340032 7471104 7602176 7733248 7864320 7995392 8126464 8257536 )[ 1 -1 3 1 0 ]
3d ( 14680064 14811136 14942208 15073280 15204352 15335424 15466496 15597568 15728640 15859712 15990784 16121856 16252928 16384000 16515072 16646144 )[ 1 -1 7 1 0 ]
3d ( 31457280 31588352 31719424 31850496 31981568 32112640 32243712 32374784 32505856 32636928 32768000 32899072 33030144 33161216 33292288 33423360 )[ 1 -1 15 1 0 ]
3d ( 48234496 48365568 48496640 48627712 48758784 48889856 49020928 49152000 49283072 49414144 49545216 49676288 49807360 49938432 50069504 50200576 )[ 1 -1 23 1 0 ]
3d ( 23068672 23199744 23330816 23461888 23592960 23724032 23855104 23986176 24117248 24248320 24379392 24510464 24641536 24772608 24903680 25034752 )[ 1 -1 11 1 0 ]
3d ( 39845888 39976960 40108032 40239104 40370176 40501248 40632320 40763392 40894464 41025536 41156608 41287680 41418752 41549824 41680896 41811968 )[ 1 -1 19 1 0 ]
3d ( 10485760 10616832 10747904 10878976 11010048 11141120 11272192 11403264 11534336 11665408 11796480 11927552 12058624 12189696 12320768 12451840 )[ 1 -1 5 1 0 ]
3d ( 18874368 19005440 19136512 19267584 19398656 19529728 19660800 19791872 19922944 20054016 20185088 20316160 20447232 20578304 20709376 20840448 )[ 1 -1 9 1 0 ]
3d ( 35651584 35782656 35913728 36044800 36175872 36306944 36438016 36569088 36700160 36831232 36962304 37093376 37224448 37355520 37486592 37617664 )[ 1 -1 17 1 0 ]
3d ( 27262976 27394048 27525120 27656192 27787264 27918336 28049408 28180480 28311552 28442624 28573696 28704768 28835840 28966912 29097984 29229056 )[ 1 -1 13 1 0 ]
3d ( 44040192 44171264 44302336 44433408 44564480 44695552 44826624 44957696 45088768 45219840 45350912 45481984 45613056 45744128 45875200 46006272 )[ 1 -1 21 1 0 ]
3d ( 4194304 4325376 4456448 4587520 4718592 4849664 4980736 5111808 5242880 5373952 5505024 5636096 5767168 5898240 6029312 6160384 )[ 1 -1 2 1 0 ]
3d ( 8388608 8519680 8650752 8781824 8912896 9043968 9175040 9306112 9437184 9568256 9699328 9830400 9961472 10092544 10223616 10354688 )[ 1 -1 4 1 0 ]
3d ( 16777216 16908288 17039360 17170432 17301504 17432576 17563648 17694720 17825792 17956864 18087936 18219008 18350080 18481152 18612224 18743296 )[ 1 -1 8 1 0 ]
3d ( 33554432 33685504 33816576 33947648 34078720 34209792 34340864 34471936 34603008 34734080 34865152 34996224 35127296 35258368 35389440 35520512 )[ 1 -1 16 1 0 ]
3d ( 25165824 25296896 25427968 25559040 25690112 25821184 25952256 26083328 26214400 26345472 26476544 26607616 26738688 26869760 27000832 27131904 )[ 1 -1 12 1 0 ]
3d ( 41943040 42074112 42205184 42336256 42467328 42598400 42729472 42860544 42991616 43122688 43253760 43384832 43515904 43646976 43778048 43909120 )[ 1 -1 20 1 0 ]
3d ( 12582912 12713984 12845056 12976128 13107200 13238272 13369344 13500416 13631488 13762560 13893632 14024704 14155776 14286848 14417920 14548992 )[ 1 -1 6 1 0 ]
3d ( 20971520 21102592 21233664 21364736 21495808 21626880 21757952 21889024 22020096 22151168 22282240 22413312 22544384 22675456 22806528 22937600 )[ 1 -1 10 1 0 ]
3d ( 37748736 37879808 38010880 38141952 38273024 38404096 38535168 38666240 38797312 38928384 39059456 39190528 39321600 39452672 39583744 39714816 )[ 1 -1 18 1 0 ]
3d ( 29360128 29491200 29622272 29753344 29884416 30015488 30146560 30277632 30408704 30539776 30670848 30801920 30932992 31064064 31195136 31326208 )[ 1 -1 14 1 0 ]
3d ( 46137344 46268416 46399488 46530560 46661632 46792704 46923776 47054848 47185920 47316992 47448064 47579136 47710208 47841280 47972352 48103424 )[ 1 -1 22 1 0 ]

RANKS: 1 -1 0 24 1
EVENT32: 1183 496b2e_496d6d_496dcd_46b6dc_461140_4592c8
COMP 51-0: 493ca4_493fc8_4940a9_46b48b_465436_460ff4_4592c8 (24 130.00 1 58.00 23 270.00){0.00 0.00 0.00 0.00 50.00 0}{50.00 58.00 62.00 66.00 100.00 2}{100.00 101.00 125.47 144.00 150.00 19}{150.00 160.00 173.50 187.00 250.00 2}{250.00 270.00 270.00 270.00 290.00 1}
3c 1000 
52 2736330 

RANKS: 1 -1 0 24 1
EVENT33: 1010 470bed_470de3_470e43_4612a4_4592c8
COMP 51-0: 496b2e_496d6d_496dcd_46b6dc_461140_4592c8 (24 23.56 3 12.00 21 43.00){0.00 0.00 0.00 0.00 11.20 0}{11.20 12.00 13.22 17.00 22.40 9}{22.40 27.00 28.50 31.00 33.60 14}{33.60 43.00 43.00 43.00 44.80 1}{44.80 0.00 0.00 0.00 56.00 0}
10 1000 

RANKS: 1 -1 0 24 1
EVENT34: 1171 491686_491ab6_491b7b_46be3a_461465_4592c8
COMP 51-0: 470bed_470de3_470e43_4612a4_4592c8 (24 22.84 16 11.00 0 31.00){0.00 11.00 12.00 12.25 12.40 7}{12.40 13.00 13.00 13.00 24.80 2}{24.80 26.00 28.67 31.00 37.20 15}{37.20 0.00 0.00 0.00 49.60 0}{49.60 0.00 0.00 0.00 62.00 0}
COMM 51-0: 470bed_470de3_470e43_4612a4_4592c8 (24 52068.96 9 51265.00 8 52804.00){0.00 0.00 0.00 0.00 20692.40 0}{20692.40 0.00 0.00 0.00 41384.80 0}{41384.80 51265.00 52083.04 52804.00 62077.20 24}{62077.20 0.00 0.00 0.00 82769.60 0}{82769.60 0.00 0.00 0.00 103462.00 0}
10 1000 
3a :chunk.dat  
3b 2 
3c 1001 
52 56709 

RANKS: 1 -1 0 24 1
EVENT35: 1183 496b2e_496d6d_496dcd_46bfdd_461465_4592c8
COMP 51-0: 491686_491ab6_491b7b_46be3a_461465_4592c8 (24 2203.72 7 1231.00 19 3202.00){0.00 0.00 0.00 0.00 992.40 0}{992.40 1231.00 1547.00 1863.00 1984.80 2}{1984.80 2000.00 2205.52 2533.00 2977.20 21}{2977.20 3202.00 3202.00 3202.00 3969.60 1}{3969.60 0.00 0.00 0.00 4962.00 0}
3c 1001 
52 3014 

RANKS: 1 -1 0 24 1
EVENT36: 1004 46e310_46e630_46e710_46c1e0_461465_4592c8
COMP 51-0: 496b2e_496d6d_496dcd_46bfdd_461465_4592c8 (24 19.16 21 14.00 20 38.00){0.00 0.00 0.00 0.00 6.00 0}{6.00 0.00 0.00 0.00 12.00 0}{12.00 14.00 16.32 18.00 18.00 19}{18.00 19.00 21.50 24.00 30.00 2}{30.00 36.00 37.00 38.00 42.00 3}
10 1000 
12 1 
14 38 
18 2 

RANKS: 1 -1 0 24 1
EVENT37: 1004 46e310_46e630_46e710_46c2e0_461465_4592c8
COMP 51-0: 46e310_46e630_46e710_46c1e0_461465_4592c8 (24 12.40 3 9.00 7 25.00){0.00 0.00 0.00 0.00 4.40 0}{4.40 0.00 0.00 0.00 8.80 0}{8.80 9.00 10.50 11.00 13.20 20}{13.20 16.00 16.00 16.00 22.00 1}{22.00 24.00 24.33 25.00 28.00 3}
10 1000 
12 1 
14 38 
18 1 

RANKS: 1 -1 0 24 1
EVENT38: 1004 46e310_46e630_46e710_459de7_46147b_4592c8
COMP 51-0: 46e310_46e630_46e710_46c2e0_461465_4592c8 (24 12.32 0 10.00 7 24.00){0.00 0.00 0.00 0.00 4.00 0}{4.00 0.00 0.00 0.00 8.00 0}{8.00 10.00 10.45 11.00 16.00 20}{16.00 17.00 17.00 17.00 20.00 1}{20.00 24.00 24.00 24.00 28.00 3}
10 1000 
12 1 
14 38 
18 3 

RANKS: 1 -1 0 24 1
EVENT39: 1104 48214b_4824b0_4825ae_45d3dc_4614bc_4592c8
COMP 51-0: 46e310_46e630_46e710_459de7_46147b_4592c8 (24 24.84 0 12.00 2 70.00){0.00 0.00 0.00 0.00 9.60 0}{9.60 12.00 19.18 24.00 24.00 17}{24.00 25.00 28.00 31.00 32.00 3}{32.00 43.00 43.00 43.00 54.00 3}{54.00 70.00 70.00 70.00 86.00 1}
COMP 51-1: 48214b_4824b0_4825ae_45d3dc_4614bc_4592c8 (264 13.19 3 9.00 7 39.00){0.00 0.00 0.00 0.00 8.00 0}{8.00 9.00 10.41 16.00 16.00 212}{16.00 17.00 18.00 18.09 20.00 12}{20.00 24.00 25.70 27.00 28.00 37}{28.00 36.00 37.33 39.00 50.00 3}
LOOP0: iter: ( 12 )[ 1 -1 0 24 1 ] mem: ( 1 )[ 1 -1 0 24 1 ]
10 1000 
12 1 
14 10 
18 2 1 
19 0 

RANKS: 1 -1 0 24 1
EVENT40: 1010 470bed_470de3_470e43_461d7f_4592c8
COMP 51-0: 48214b_4824b0_4825ae_45d3dc_4614bc_4592c8 (24 16.88 0 12.00 13 35.00){0.00 0.00 0.00 0.00 9.60 0}{9.60 12.00 13.06 13.67 14.40 16}{14.40 15.00 15.00 15.00 19.20 2}{19.20 21.00 21.50 22.00 24.00 2}{24.00 30.00 32.00 35.00 46.00 4}
10 1000 

RANKS: 1 -1 0 24 1
EVENT41: 1171 491686_491ab6_491b7b_46a744_461e8f_4592c8
COMP 51-0: 470bed_470de3_470e43_461d7f_4592c8 (24 22.92 9 16.00 7 48.00){0.00 0.00 0.00 0.00 13.60 0}{13.60 16.00 18.68 23.00 27.20 19}{27.20 33.00 33.00 33.00 34.00 1}{34.00 39.00 40.00 41.00 44.00 3}{44.00 48.00 48.00 48.00 52.00 1}
COMM 51-0: 470bed_470de3_470e43_461d7f_4592c8 (24 64067.68 11 63671.00 11 64961.00){0.00 0.00 0.00 0.00 25576.80 0}{25576.80 0.00 0.00 0.00 51153.60 0}{51153.60 63671.00 64072.92 64961.00 76730.40 24}{76730.40 0.00 0.00 0.00 102307.20 0}{102307.20 0.00 0.00 0.00 127884.00 0}
10 1000 
3a :chunk.dat  
3b 41 
3c 1002 
52 66793 

RANKS: 1 -1 0 1 0
EVENT42: 1169 4a4ea5_4a5137_4a51d4_462003_4592c8
COMP 51-0: 491686_491ab6_491b7b_46a744_461e8f_4592c8 (1 17.00 0 17.00 0 17.00){0.00 0.00 0.00 0.00 6.80 0}{6.80 0.00 0.00 0.00 13.60 0}{13.60 17.00 17.00 17.00 20.40 1}{20.40 0.00 0.00 0.00 27.20 0}{27.20 0.00 0.00 0.00 34.00 0}
11 1 
12 34 
49 0 

RANKS: 1 -1 0 24 1
EVENT43: 1180 495934_495c58_495d39_46b48b_46551c_462061_4592c8
COMP 51-0: 491686_491ab6_491b7b_46a744_461e8f_4592c8 (23 278.00 15 204.00 20 556.00){0.00 0.00 0.00 0.00 128.80 0}{128.80 204.00 226.00 252.00 257.60 14}{257.60 276.00 317.86 355.00 386.40 7}{386.40 405.00 405.00 405.00 515.20 1}{515.20 556.00 556.00 556.00 644.00 1}
COMP 51-1: 495934_495c58_495d39_46b48b_46551c_462061_4592c8 (360 35.88 4 13.00 5 391.00){0.00 0.00 0.00 0.00 7.60 0}{7.60 13.00 18.32 29.75 30.40 136}{30.40 32.00 42.44 85.75 93.20 216}{93.20 104.65 126.32 181.00 268.80 7}{268.80 391.00 391.00 391.00 513.20 1}
COMP 51-2: 4a4ea5_4a5137_4a51d4_462003_4592c8 (1 989.00 0 989.00 0 989.00){0.00 0.00 0.00 0.00 395.60 0}{395.60 0.00 0.00 0.00 791.20 0}{791.20 989.00 989.00 989.00 1186.80 1}{1186.80 0.00 0.00 0.00 1582.40 0}{1582.40 0.00 0.00 0.00 1978.00 0}
LOOP0: iter: ( 16 )[ 1 -1 0 24 1 ] mem: ( 1 )[ 1 -1 0 24 1 ]
12 131072 
14 12 
3c 1002 
3d ( 0 131072 262144 393216 524288 655360 786432 917504 1048576 1179648 1310720 1441792 1572864 1703936 1835008 1966080 )[ 1 -1 0 1 0 ]
3d ( 2097152 2228224 2359296 2490368 2621440 2752512 2883584 3014656 3145728 3276800 3407872 3538944 3670016 3801088 3932160 4063232 )[ 1 -1 1 1 0 ]
3d ( 6291456 6422528 6553600 6684672 6815744 6946816 7077888 7208960 7340032 7471104 7602176 7733248 7864320 7995392 8126464 8257536 )[ 1 -1 3 1 0 ]
3d ( 14680064 14811136 14942208 15073280 15204352 15335424 15466496 15597568 15728640 15859712 15990784 16121856 16252928 16384000 16515072 16646144 )[ 1 -1 7 1 0 ]
3d ( 31457280 31588352 31719424 31850496 31981568 32112640 32243712 32374784 32505856 32636928 32768000 32899072 33030144 33161216 33292288 33423360 )[ 1 -1 15 1 0 ]
3d ( 48234496 48365568 48496640 48627712 48758784 48889856 49020928 49152000 49283072 49414144 49545216 49676288 49807360 49938432 50069504 50200576 )[ 1 -1 23 1 0 ]
3d ( 23068672 23199744 23330816 23461888 23592960 23724032 23855104 23986176 24117248 24248320 24379392 24510464 24641536 24772608 24903680 25034752 )[ 1 -1 11 1 0 ]
3d ( 39845888 39976960 40108032 40239104 40370176 40501248 40632320 40763392 40894464 41025536 41156608 41287680 41418752 41549824 41680896 41811968 )[ 1 -1 19 1 0 ]
3d ( 10485760 10616832 10747904 10878976 11010048 11141120 11272192 11403264 11534336 11665408 11796480 11927552 12058624 12189696 12320768 12451840 )[ 1 -1 5 1 0 ]
3d ( 18874368 19005440 19136512 19267584 19398656 19529728 19660800 19791872 19922944 20054016 20185088 20316160 20447232 20578304 20709376 20840448 )[ 1 -1 9 1 0 ]
3d ( 35651584 35782656 35913728 36044800 36175872 36306944 36438016 36569088 36700160 36831232 36962304 37093376 37224448 37355520 37486592 37617664 )[ 1 -1 17 1 0 ]
3d ( 27262976 27394048 27525120 27656192 27787264 27918336 28049408 28180480 28311552 28442624 28573696 28704768 28835840 28966912 29097984 29229056 )[ 1 -1 13 1 0 ]
3d ( 44040192 44171264 44302336 44433408 44564480 44695552 44826624 44957696 45088768 45219840 45350912 45481984 45613056 45744128 45875200 46006272 )[ 1 -1 21 1 0 ]
3d ( 4194304 4325376 4456448 4587520 4718592 4849664 4980736 5111808 5242880 5373952 5505024 5636096 5767168 5898240 6029312 6160384 )[ 1 -1 2 1 0 ]
3d ( 8388608 8519680 8650752 8781824 8912896 9043968 9175040 9306112 9437184 9568256 9699328 9830400 9961472 10092544 10223616 10354688 )[ 1 -1 4 1 0 ]
3d ( 16777216 16908288 17039360 17170432 17301504 17432576 17563648 17694720 17825792 17956864 18087936 18219008 18350080 18481152 18612224 18743296 )[ 1 -1 8 1 0 ]
3d ( 33554432 33685504 33816576 33947648 34078720 34209792 34340864 34471936 34603008 34734080 34865152 34996224 35127296 35258368 35389440 35520512 )[ 1 -1 16 1 0 ]
3d ( 25165824 25296896 25427968 25559040 25690112 25821184 25952256 26083328 26214400 26345472 26476544 26607616 26738688 26869760 27000832 27131904 )[ 1 -1 12 1 0 ]
3d ( 41943040 42074112 42205184 42336256 42467328 42598400 42729472 42860544 42991616 43122688 43253760 43384832 43515904 43646976 43778048 43909120 )[ 1 -1 20 1 0 ]
3d ( 12582912 12713984 12845056 12976128 13107200 13238272 13369344 13500416 13631488 13762560 13893632 14024704 14155776 14286848 14417920 14548992 )[ 1 -1 6 1 0 ]
3d ( 20971520 21102592 21233664 21364736 21495808 21626880 21757952 21889024 22020096 22151168 22282240 22413312 22544384 22675456 22806528 22937600 )[ 1 -1 10 1 0 ]
3d ( 37748736 37879808 38010880 38141952 38273024 38404096 38535168 38666240 38797312 38928384 39059456 39190528 39321600 39452672 39583744 39714816 )[ 1 -1 18 1 0 ]
3d ( 29360128 29491200 29622272 29753344 29884416 30015488 30146560 30277632 30408704 30539776 30670848 30801920 30932992 31064064 31195136 31326208 )[ 1 -1 14 1 0 ]
3d ( 46137344 46268416 46399488 46530560 46661632 46792704 46923776 47054848 47185920 47316992 47448064 47579136 47710208 47841280 47972352 48103424 )[ 1 -1 22 1 0 ]

RANKS: 1 -1 0 24 1
EVENT44: 1183 496b2e_496d6d_496dcd_46b6dc_4621ad_4592c8
COMP 51-0: 495934_495c58_495d39_46b48b_46551c_462061_4592c8 (24 125.16 2 51.00 11 401.00){0.00 0.00 0.00 0.00 50.40 0}{50.40 51.00 63.44 92.00 100.80 9}{100.80 125.00 140.00 176.00 201.60 13}{201.60 211.00 211.00 211.00 252.00 1}{252.00 401.00 401.00 401.00 550.00 1}
3c 1002 
52 2568752 

RANKS: 1 -1 0 24 1
EVENT45: 1171 491686_491ab6_491b7b_46be3a_462211_4592c8
COMP 51-0: 496b2e_496d6d_496dcd_46b6dc_4621ad_4592c8 (24 15.48 15 12.00 11 32.00){0.00 0.00 0.00 0.00 6.00 0}{6.00 12.00 12.00 12.00 12.00 2}{12.00 13.00 14.25 19.00 24.00 20}{24.00 0.00 0.00 0.00 30.00 0}{30.00 31.00 31.50 32.00 34.00 2}
COMM 51-0: 496b2e_496d6d_496dcd_46b6dc_4621ad_4592c8 (24 43376.00 11 40252.00 6 44221.00){0.00 0.00 0.00 0.00 17359.60 0}{17359.60 0.00 0.00 0.00 34719.20 0}{34719.20 40252.00 43375.04 44221.00 52078.80 24}{52078.80 0.00 0.00 0.00 69438.40 0}{69438.40 0.00 0.00 0.00 86798.00 0}
10 1000 
3a :chunk.dat  
3b 2 
3c 1003 
52 41671 

RANKS: 1 -1 0 24 1
EVENT46: 1183 496b2e_496d6d_496dcd_46bfdd_462211_4592c8
COMP 51-0: 491686_491ab6_491b7b_46be3a_462211_4592c8 (24 2735.12 21 1503.00 14 3583.00){0.00 0.00 0.00 0.00 1268.00 0}{1268.00 1503.00 1906.80 2476.00 2536.00 5}{2536.00 2718.00 2930.21 3583.00 3804.00 19}{3804.00 0.00 0.00 0.00 5072.00 0}{5072.00 0.00 0.00 0.00 6340.00 0}
3c 1003 
52 4126 

RANKS: 1 -1 0 24 1
EVENT47: 1004 46e310_46e630_46e710_46c1e0_462211_4592c8
COMP 51-0: 496b2e_496d6d_496dcd_46bfdd_462211_4592c8 (24 22.80 23 11.00 15 29.00){0.00 11.00 11.00 11.00 11.20 2}{11.20 11.50 13.83 22.00 22.40 6}{22.40 23.00 27.31 29.00 33.60 16}{33.60 0.00 0.00 0.00 44.80 0}{44.80 0.00 0.00 0.00 56.00 0}
10 1000 
12 1 
14 38 
18 2 

RANKS: 1 -1 0 24 1
EVENT48: 1004 46e310_46e630_46e710_46c2e0_462211_4592c8
COMP 51-0: 46e310_46e630_46e710_46c1e0_462211_4592c8 (24 21.00 8 9.00 7 27.00){0.00 9.00 9.80 10.00 10.40 5}{10.40 11.00 15.00 19.00 20.80 4}{20.80 24.00 26.00 27.00 31.20 15}{31.20 0.00 0.00 0.00 41.60 0}{41.60 0.00 0.00 0.00 52.00 0}
10 1000 
12 1 
14 38 
18 1 

RANKS: 1 -1 0 24 1
EVENT49: 1004 46e310_46e630_46e710_459de7_462227_4592c8
COMP 51-0: 46e310_46e630_46e710_46c2e0_462211_4592c8 (24 20.80 8 9.00 3 27.00){0.00 9.00 9.50 10.00 10.40 2}{10.40 10.50 13.57 20.00 20.80 7}{20.80 24.00 25.33 27.00 31.20 15}{31.20 0.00 0.00 0.00 41.60 0}{41.60 0.00 0.00 0.00 52.00 0}
10 1000 
12 1 
14 38 
18 3 

RANKS: 1 -1 0 24 1
EVENT50: 1104 48214b_4824b0_4825ae_45d3dc_462268_4592c8
COMP 51-0: 46e310_46e630_46e710_459de7_462227_4592c8 (24 22.56 23 11.00 3 30.00){0.00 11.00 11.25 11.50 11.60 4}{11.60 12.00 15.80 22.00 23.20 5}{23.20 26.00 27.40 30.00 34.80 15}{34.80 0.00 0.00 0.00 46.40 0}{46.40 0.00 0.00 0.00 58.00 0}
COMP 51-1: 48214b_4824b0_4825ae_45d3dc_462268_4592c8 (264 20.91 1 9.00 13 66.00){0.00 9.00 9.00 9.00 10.00 3}{10.00 10.23 10.64 18.00 20.00 76}{20.00 22.00 24.84 30.00 30.00 180}{30.00 35.00 35.75 37.00 50.00 4}{50.00 66.00 66.00 66.00 82.00 1}
LOOP0: iter: ( 12 )[ 1 -1 0 24 1 ] mem: ( 1 )[ 1 -1 0 24 1 ]
10 1000 
12 1 
14 10 
18 2 1 
19 0 

RANKS: 1 -1 0 24 1
EVENT51: 1010 470bed_470de3_470e43_462676_4592c8
COMP 51-0: 48214b_4824b0_4825ae_45d3dc_462268_4592c8 (24 20.84 23 10.00 0 26.00){0.00 10.00 10.00 10.00 10.40 3}{10.40 10.50 13.00 20.00 20.80 5}{20.80 21.00 25.00 26.00 31.20 16}{31.20 0.00 0.00 0.00 41.60 0}{41.60 0.00 0.00 0.00 52.00 0}
10 1000 

RANKS: 1 -1 0 1 0
EVENT52: 1184 497051_4972e3_497353_46b9a3_45db5e_462786_4592c8
COMP 51-0: 470bed_470de3_470e43_462676_4592c8 (1 642.00 0 642.00 0 642.00){0.00 0.00 0.00 0.00 256.80 0}{256.80 0.00 0.00 0.00 513.60 0}{513.60 642.00 642.00 642.00 770.40 1}{770.40 0.00 0.00 0.00 1027.20 0}{1027.20 0.00 0.00 0.00 1284.00 0}
3a :chunk.dat  

RANKS: 1 -1 0 24 1
EVENT53: 1010 470bed_470de3_470e43_4627a3_4592c8
COMP 51-0: 470bed_470de3_470e43_462676_4592c8 (23 34.75 1 9.00 12 258.00){0.00 0.00 0.00 0.00 7.20 0}{7.20 9.00 9.92 10.40 10.80 13}{10.80 11.00 11.00 11.00 14.40 2}{14.40 18.00 18.00 18.00 18.00 1}{18.00 20.00 93.71 258.00 408.00 7}
COMP 51-1: 497051_4972e3_497353_46b9a3_45db5e_462786_4592c8 (1 15.00 0 15.00 0 15.00){0.00 0.00 0.00 0.00 6.00 0}{6.00 0.00 0.00 0.00 12.00 0}{12.00 15.00 15.00 15.00 18.00 1}{18.00 0.00 0.00 0.00 24.00 0}{24.00 0.00 0.00 0.00 30.00 0}
10 1000 

RANKS: 1 -1 0 1 0
EVENT54: 1169 4a4ea5_4a5137_4a51d4_45f333_4628d3_4592c8
COMP 51-0: 470bed_470de3_470e43_4627a3_4592c8 (1 32.00 0 32.00 0 32.00){0.00 0.00 0.00 0.00 12.80 0}{12.80 0.00 0.00 0.00 25.60 0}{25.60 32.00 32.00 32.00 38.40 1}{38.40 0.00 0.00 0.00 51.20 0}{51.20 0.00 0.00 0.00 64.00 0}
11 1 
12 109 
49 0 

RANKS: 1 -1 0 1 0
EVENT55: 1169 4a4ea5_4a5137_4a51d4_45f358_4628d3_4592c8
COMP 51-0: 4a4ea5_4a5137_4a51d4_45f333_4628d3_4592c8 (1 9.00 0 9.00 0 9.00){0.00 0.00 0.00 0.00 3.60 0}{3.60 0.00 0.00 0.00 7.20 0}{7.20 9.00 9.00 9.00 10.80 1}{10.80 0.00 0.00 0.00 14.40 0}{14.40 0.00 0.00 0.00 18.00 0}
11 1 
12 87 
49 0 

RANKS: 1 -1 0 1 0
EVENT56: 1169 4a4ea5_4a5137_4a51d4_45f384_4628d3_4592c8
COMP 51-0: 4a4ea5_4a5137_4a51d4_45f358_4628d3_4592c8 (1 12.00 0 12.00 0 12.00){0.00 0.00 0.00 0.00 4.80 0}{4.80 0.00 0.00 0.00 9.60 0}{9.60 12.00 12.00 12.00 14.40 1}{14.40 0.00 0.00 0.00 19.20 0}{19.20 0.00 0.00 0.00 24.00 0}
11 1 
12 108 
49 0 

RANKS: 1 -1 0 1 0
EVENT57: 1169 4a4ea5_4a5137_4a51d4_45f764_4628d3_4592c8
COMP 51-0: 4a4ea5_4a5137_4a51d4_45f384_4628d3_4592c8 (1 38.00 0 38.00 0 38.00){0.00 0.00 0.00 0.00 15.20 0}{15.20 0.00 0.00 0.00 30.40 0}{30.40 38.00 38.00 38.00 45.60 1}{45.60 0.00 0.00 0.00 60.80 0}{60.80 0.00 0.00 0.00 76.00 0}
11 1 
12 6 
49 0 

RANKS: 1 -1 0 1 0
EVENT58: 1169 4a4ea5_4a5137_4a51d4_45fb4a_4628d3_4592c8
COMP 51-0: 4a4ea5_4a5137_4a51d4_45f764_4628d3_4592c8 (1 22.00 0 22.00 0 22.00){0.00 0.00 0.00 0.00 8.80 0}{8.80 0.00 0.00 0.00 17.60 0}{17.60 22.00 22.00 22.00 26.40 1}{26.40 0.00 0.00 0.00 35.20 0}{35.20 0.00 0.00 0.00 44.00 0}
11 1 
12 6 
49 0 

RANKS: 1 -1 0 24 1
EVENT59: 1028 474931_474af2_474b52_4628dd_4592c8
COMP 51-0: 470bed_470de3_470e43_4627a3_4592c8 (23 104.62 2 35.00 11 440.00){0.00 35.00 35.00 35.00 36.80 1}{36.80 39.00 47.00 57.00 92.00 11}{92.00 103.00 122.00 144.00 152.00 8}{152.00 246.00 248.50 251.00 340.00 2}{340.00 440.00 440.00 440.00 540.00 1}
COMP 51-1: 4a4ea5_4a5137_4a51d4_45fb4a_4628d3_4592c8 (1 29.00 0 29.00 0 29.00){0.00 0.00 0.00 0.00 11.60 0}{11.60 0.00 0.00 0.00 23.20 0}{23.20 29.00 29.00 29.00 34.80 1}{34.80 0.00 0.00 0.00 46.40 0}{46.40 0.00 0.00 0.00 58.00 0}
10 1000 

RANKS: 1 -1 0 24 1
EVENT60: 1010 470bed_470de3_470e43_462a58_4592c8
COMP 51-0: 474931_474af2_474b52_4628dd_4592c8 (24 11.56 3 10.00 20 18.00){0.00 0.00 0.00 0.00 4.80 0}{4.80 0.00 0.00 0.00 9.60 0}{9.60 10.00 10.95 12.00 14.40 22}{14.40 18.00 18.00 18.00 19.20 2}{19.20 0.00 0.00 0.00 24.00 0}
10 2 

RANKS: 1 -1 0 24 1
EVENT61: 1045 476acc_476b3d_476b81_459315
COMP 51-0: 470bed_470de3_470e43_462a58_4592c8 (24 495.68 18 157.00 11 1269.00){0.00 0.00 0.00 0.00 99.60 0}{99.60 157.00 157.50 158.00 199.20 2}{199.20 202.00 243.90 274.00 298.80 10}{298.80 334.00 340.67 348.00 498.00 6}{498.00 1154.00 1224.17 1269.00 2040.00 6}
52 66381 

