RANKS: 1 -1 0 32 1
EVENT0: 1084 47cb68_47cc13_47cc5f_458fad
33 2 
34 0 

RANKS: 1 -1 0 1 0
EVENT1: 1102 4810ba_481457_481550_45ae8b_45db7f_459218
COMP 51-0: 47cb68_47cc13_47cc5f_458fad (1 51.00 0 51.00 0 51.00){0.00 0.00 0.00 0.00 20.40 0}{20.40 0.00 0.00 0.00 40.80 0}{40.80 51.00 51.00 51.00 61.20 1}{61.20 0.00 0.00 0.00 81.60 0}{81.60 0.00 0.00 0.00 102.00 0}
COMP 51-1: 4810ba_481457_481550_45ae8b_45db7f_459218 (30 10.55 0 10.00 0 14.00){0.00 0.00 0.00 0.00 5.60 0}{5.60 10.00 10.25 11.00 11.20 28}{11.20 12.00 13.00 14.00 16.80 2}{16.80 0.00 0.00 0.00 22.40 0}{22.40 0.00 0.00 0.00 28.00 0}
LOOP0: iter: ( 31 )[ 1 -1 0 1 0 ] mem: ( 1 )[ 1 -1 0 1 0 ]
10 2 
12 1024 
14 1 
1b 0 
2b 2147483647 

RANKS: 1 -1 1 31 1
EVENT2: 1113 485d8d_4860ce_4861a5_45afe1_45db7f_459218
COMP 51-0: 47cb68_47cc13_47cc5f_458fad (31 57.66 26 34.00 31 193.00){0.00 0.00 0.00 0.00 19.60 0}{19.60 34.00 36.00 38.00 39.20 2}{39.20 40.00 46.05 56.00 58.80 21}{58.80 63.00 71.17 75.00 98.00 6}{98.00 137.00 165.00 193.00 288.00 2}
10 2 
12 1024 
14 1 
1a ( 31 )[ 1 -1 1 1 0 ]
1a ( 29 )[ 1 -1 3 1 0 ]
1a ( 25 )[ 1 -1 7 1 0 ]
1a ( 17 )[ 1 -1 15 1 0 ]
1a ( 1 )[ 1 -1 31 1 0 ]
1a ( 9 )[ 1 -1 23 1 0 ]
1a ( 21 )[ 1 -1 11 1 0 ]
1a ( 13 )[ 1 -1 19 1 0 ]
1a ( 5 )[ 1 -1 27 1 0 ]
1a ( 27 )[ 1 -1 5 1 0 ]
1a ( 23 )[ 1 -1 9 1 0 ]
1a ( 15 )[ 1 -1 17 1 0 ]
1a ( 7 )[ 1 -1 25 1 0 ]
1a ( 19 )[ 1 -1 13 1 0 ]
1a ( 11 )[ 1 -1 21 1 0 ]
1a ( 3 )[ 1 -1 29 1 0 ]
1a ( 30 )[ 1 -1 2 1 0 ]
1a ( 28 )[ 1 -1 4 1 0 ]
1a ( 24 )[ 1 -1 8 1 0 ]
1a ( 16 )[ 1 -1 16 1 0 ]
1a ( 8 )[ 1 -1 24 1 0 ]
1a ( 20 )[ 1 -1 12 1 0 ]
1a ( 12 )[ 1 -1 20 1 0 ]
1a ( 4 )[ 1 -1 28 1 0 ]
1a ( 26 )[ 1 -1 6 1 0 ]
1a ( 22 )[ 1 -1 10 1 0 ]
1a ( 14 )[ 1 -1 18 1 0 ]
1a ( 6 )[ 1 -1 26 1 0 ]
1a ( 18 )[ 1 -1 14 1 0 ]
1a ( 10 )[ 1 -1 22 1 0 ]
1a ( 2 )[ 1 -1 30 1 0 ]
1b 0 

RANKS: 1 -1 0 32 1
EVENT3: 1011 471052_47133e_4713fd_45b0e2_45db7f_459218
COMP 51-0: 4810ba_481457_481550_45ae8b_45db7f_459218 (1 15.00 0 15.00 0 15.00){0.00 0.00 0.00 0.00 6.00 0}{6.00 0.00 0.00 0.00 12.00 0}{12.00 15.00 15.00 15.00 18.00 1}{18.00 0.00 0.00 0.00 24.00 0}{24.00 0.00 0.00 0.00 30.00 0}
COMP 51-1: 485d8d_4860ce_4861a5_45afe1_45db7f_459218 (31 21.38 4 15.00 13 38.00){0.00 0.00 0.00 0.00 12.80 0}{12.80 15.00 17.20 19.00 19.20 10}{19.20 20.00 22.12 25.00 25.60 17}{25.60 26.00 27.33 29.00 32.00 3}{32.00 38.00 38.00 38.00 44.00 1}
10 2 
12 1 
14 3 
19 0 

RANKS: 1 -1 0 32 1
EVENT4: 1167 4a4646_4a4872_4a48cc_468bac_468df4_45db91_459218
COMP 51-0: 471052_47133e_4713fd_45b0e2_45db7f_459218 (32 6654.36 31 4857.00 11 14681.00){0.00 0.00 0.00 0.00 2964.80 0}{2964.80 4857.00 5502.23 5829.00 5929.60 22}{5929.60 7122.00 7545.33 8120.00 8894.40 6}{8894.40 10203.00 10393.33 10493.00 11859.20 3}{11859.20 14681.00 14681.00 14681.00 14824.00 1}
49 0 
52 253087 

RANKS: 1 -1 0 32 1
EVENT5: 1011 471052_47133e_4713fd_45b7a0_45dba2_459218
COMP 51-0: 4a4646_4a4872_4a48cc_468bac_468df4_45db91_459218 (32 15.06 26 11.00 5 27.00){0.00 0.00 0.00 0.00 7.20 0}{7.20 11.00 12.20 13.00 14.40 5}{14.40 14.45 15.04 18.00 21.60 26}{21.60 27.00 27.00 27.00 28.80 1}{28.80 0.00 0.00 0.00 36.00 0}
10 2 
12 4 
14 12 
19 0 

RANKS: 1 -1 0 32 1
EVENT6: 1010 470bed_470de3_470e43_462b44_45dbc8_459218
COMP 51-0: 471052_47133e_4713fd_45b7a0_45dba2_459218 (32 34.27 19 23.00 4 84.00){0.00 0.00 0.00 0.00 21.20 0}{21.20 23.00 31.37 42.00 42.40 30}{42.40 53.00 53.00 53.00 63.60 1}{63.60 84.00 84.00 84.00 84.80 1}{84.80 0.00 0.00 0.00 106.00 0}
10 2 

RANKS: 1 -1 0 32 1
EVENT7: 1104 48214b_4824b0_4825ae_462c42_45dbc8_459218
COMP 51-0: 470bed_470de3_470e43_462b44_45dbc8_459218 (32 21.24 1 19.00 4 27.00){0.00 0.00 0.00 0.00 9.20 0}{9.20 0.00 0.00 0.00 18.40 0}{18.40 19.00 21.19 27.00 27.60 32}{27.60 0.00 0.00 0.00 36.80 0}{36.80 0.00 0.00 0.00 46.00 0}
10 2 
12 1 
14 10 
18 2 
19 0 

RANKS: 1 -1 0 32 1
EVENT8: 1104 48214b_4824b0_4825ae_462d4c_45dbc8_459218
COMP 51-0: 48214b_4824b0_4825ae_462c42_45dbc8_459218 (32 10.58 1 9.00 5 19.00){0.00 0.00 0.00 0.00 4.80 0}{4.80 9.00 9.00 9.00 9.60 2}{9.60 9.65 10.18 13.00 14.40 28}{14.40 15.00 17.00 19.00 19.20 2}{19.20 0.00 0.00 0.00 24.00 0}
10 2 
12 1 
14 10 
18 1 
19 0 

RANKS: 1 -1 0 32 1
EVENT9: 1011 471052_47133e_4713fd_462e50_45dbc8_459218
COMP 51-0: 48214b_4824b0_4825ae_462d4c_45dbc8_459218 (32 12.52 5 9.00 24 16.00){0.00 0.00 0.00 0.00 4.00 0}{4.00 0.00 0.00 0.00 8.00 0}{8.00 9.00 10.20 12.00 12.00 10}{12.00 13.25 13.68 16.00 16.00 22}{16.00 0.00 0.00 0.00 20.00 0}
10 2 
12 1 
14 10 
19 0 

RANKS: 1 -1 0 32 1
EVENT10: 1011 471052_47133e_4713fd_4675bc_45dbe2_459218
COMP 51-0: 471052_47133e_4713fd_462e50_45dbc8_459218 (32 10.61 31 8.00 12 17.00){0.00 0.00 0.00 0.00 3.60 0}{3.60 0.00 0.00 0.00 7.20 0}{7.20 8.00 9.80 10.08 10.80 20}{10.80 11.00 11.30 13.00 14.40 10}{14.40 15.00 16.00 17.00 18.00 2}
10 2 
12 1 
14 3 
19 0 

RANKS: 1 -1 0 1 0
EVENT11: 1169 4a4ea5_4a5137_4a51d4_45dd54_4592a1
COMP 51-0: 471052_47133e_4713fd_4675bc_45dbe2_459218 (1 134.00 0 134.00 0 134.00){0.00 0.00 0.00 0.00 53.60 0}{53.60 0.00 0.00 0.00 107.20 0}{107.20 134.00 134.00 134.00 160.80 1}{160.80 0.00 0.00 0.00 214.40 0}{214.40 0.00 0.00 0.00 268.00 0}
11 1 
12 18 
49 0 

RANKS: 1 -1 0 32 1
EVENT12: 1030 474d46_474f75_474fe5_45fced_4592c8
COMP 51-0: 471052_47133e_4713fd_4675bc_45dbe2_459218 (31 20.25 29 17.00 5 27.00){0.00 0.00 0.00 0.00 8.00 0}{8.00 0.00 0.00 0.00 16.00 0}{16.00 17.00 18.88 24.00 24.00 25}{24.00 25.00 26.00 27.00 32.00 6}{32.00 0.00 0.00 0.00 40.00 0}
COMP 51-1: 4a4ea5_4a5137_4a51d4_45dd54_4592a1 (1 7003.00 0 7003.00 0 7003.00){0.00 0.00 0.00 0.00 2801.20 0}{2801.20 0.00 0.00 0.00 5602.40 0}{5602.40 7003.00 7003.00 7003.00 8403.60 1}{8403.60 0.00 0.00 0.00 11204.80 0}{11204.80 0.00 0.00 0.00 14006.00 0}
10 2 

RANKS: 1 -1 0 32 1
EVENT13: 1066 47b541_47b880_47b91f_45fdf8_4592c8
COMP 51-0: 474d46_474f75_474fe5_45fced_4592c8 (32 14.45 15 11.00 10 24.00){0.00 0.00 0.00 0.00 7.20 0}{7.20 11.00 12.87 14.00 14.40 23}{14.40 15.00 16.71 18.00 21.60 7}{21.60 22.00 23.00 24.00 28.80 2}{28.80 0.00 0.00 0.00 36.00 0}
b 0 31 1 
12 1 
21 1000 

RANKS: 1 -1 0 32 1
EVENT14: 1026 473ecc_47414c_4741cf_45fede_4592c8
COMP 51-0: 47b541_47b880_47b91f_45fdf8_4592c8 (32 11.48 19 9.00 17 17.00){0.00 0.00 0.00 0.00 5.60 0}{5.60 9.00 10.46 10.77 11.20 24}{11.20 12.00 13.86 16.00 16.80 7}{16.80 17.00 17.00 17.00 22.40 1}{22.40 0.00 0.00 0.00 28.00 0}
10 2 
21 1001 

RANKS: 1 -1 0 1 0
EVENT15: 1102 4810ba_481457_481550_45ae8b_460142_4592c8
COMP 51-0: 473ecc_47414c_4741cf_45fede_4592c8 (1 29.00 0 29.00 0 29.00){0.00 0.00 0.00 0.00 11.60 0}{11.60 0.00 0.00 0.00 23.20 0}{23.20 29.00 29.00 29.00 34.80 1}{34.80 0.00 0.00 0.00 46.40 0}{46.40 0.00 0.00 0.00 58.00 0}
COMP 51-1: 4810ba_481457_481550_45ae8b_460142_4592c8 (30 12.90 0 12.00 0 15.00){0.00 0.00 0.00 0.00 5.20 0}{5.20 0.00 0.00 0.00 10.40 0}{10.40 12.00 12.90 15.00 15.60 30}{15.60 0.00 0.00 0.00 20.80 0}{20.80 0.00 0.00 0.00 26.00 0}
LOOP0: iter: ( 31 )[ 1 -1 0 1 0 ] mem: ( 1 )[ 1 -1 0 1 0 ]
10 1000 
12 1024 
14 1 
1b 0 
2b 2147483647 

RANKS: 1 -1 1 31 1
EVENT16: 1113 485d8d_4860ce_4861a5_45afe1_460142_4592c8
COMP 51-0: 473ecc_47414c_4741cf_45fede_4592c8 (31 15.41 19 13.00 2 19.00){0.00 0.00 0.00 0.00 7.20 0}{7.20 13.00 13.83 14.17 14.40 12}{14.40 14.63 16.26 19.00 21.60 19}{21.60 0.00 0.00 0.00 28.80 0}{28.80 0.00 0.00 0.00 36.00 0}
10 1000 
12 1024 
14 1 
1a ( 31 )[ 1 -1 1 1 0 ]
1a ( 29 )[ 1 -1 3 1 0 ]
1a ( 25 )[ 1 -1 7 1 0 ]
1a ( 17 )[ 1 -1 15 1 0 ]
1a ( 1 )[ 1 -1 31 1 0 ]
1a ( 9 )[ 1 -1 23 1 0 ]
1a ( 21 )[ 1 -1 11 1 0 ]
1a ( 13 )[ 1 -1 19 1 0 ]
1a ( 5 )[ 1 -1 27 1 0 ]
1a ( 27 )[ 1 -1 5 1 0 ]
1a ( 23 )[ 1 -1 9 1 0 ]
1a ( 15 )[ 1 -1 17 1 0 ]
1a ( 7 )[ 1 -1 25 1 0 ]
1a ( 19 )[ 1 -1 13 1 0 ]
1a ( 11 )[ 1 -1 21 1 0 ]
1a ( 3 )[ 1 -1 29 1 0 ]
1a ( 30 )[ 1 -1 2 1 0 ]
1a ( 28 )[ 1 -1 4 1 0 ]
1a ( 24 )[ 1 -1 8 1 0 ]
1a ( 16 )[ 1 -1 16 1 0 ]
1a ( 8 )[ 1 -1 24 1 0 ]
1a ( 20 )[ 1 -1 12 1 0 ]
1a ( 12 )[ 1 -1 20 1 0 ]
1a ( 4 )[ 1 -1 28 1 0 ]
1a ( 26 )[ 1 -1 6 1 0 ]
1a ( 22 )[ 1 -1 10 1 0 ]
1a ( 14 )[ 1 -1 18 1 0 ]
1a ( 6 )[ 1 -1 26 1 0 ]
1a ( 18 )[ 1 -1 14 1 0 ]
1a ( 10 )[ 1 -1 22 1 0 ]
1a ( 2 )[ 1 -1 30 1 0 ]
1b 0 

RANKS: 1 -1 0 32 1
EVENT17: 1011 471052_47133e_4713fd_45b0e2_460142_4592c8
COMP 51-0: 4810ba_481457_481550_45ae8b_460142_4592c8 (1 13.00 0 13.00 0 13.00){0.00 0.00 0.00 0.00 5.20 0}{5.20 0.00 0.00 0.00 10.40 0}{10.40 13.00 13.00 13.00 15.60 1}{15.60 0.00 0.00 0.00 20.80 0}{20.80 0.00 0.00 0.00 26.00 0}
COMP 51-1: 485d8d_4860ce_4861a5_45afe1_460142_4592c8 (31 9.44 1 9.00 5 13.00){0.00 0.00 0.00 0.00 3.60 0}{3.60 0.00 0.00 0.00 7.20 0}{7.20 9.00 9.33 10.00 10.80 30}{10.80 13.00 13.00 13.00 14.40 1}{14.40 0.00 0.00 0.00 18.00 0}
10 1000 
12 1 
14 3 
19 0 

RANKS: 1 -1 0 1 0
EVENT18: 1169 4a4ea5_4a5137_4a51d4_45e063_4608cf_4592c8
COMP 51-0: 471052_47133e_4713fd_45b0e2_460142_4592c8 (1 21.00 0 21.00 0 21.00){0.00 0.00 0.00 0.00 8.40 0}{8.40 0.00 0.00 0.00 16.80 0}{16.80 21.00 21.00 21.00 25.20 1}{25.20 0.00 0.00 0.00 33.60 0}{33.60 0.00 0.00 0.00 42.00 0}
11 1 
12 10 
49 0 

RANKS: 1 -1 0 1 0
EVENT19: 1169 4a4ea5_4a5137_4a51d4_45e0c0_4608cf_4592c8
COMP 51-0: 4a4ea5_4a5137_4a51d4_45e063_4608cf_4592c8 (1 26.00 0 26.00 0 26.00){0.00 0.00 0.00 0.00 10.40 0}{10.40 0.00 0.00 0.00 20.80 0}{20.80 26.00 26.00 26.00 31.20 1}{31.20 0.00 0.00 0.00 41.60 0}{41.60 0.00 0.00 0.00 52.00 0}
11 1 
12 22 
49 0 

RANKS: 1 -1 0 1 0
EVENT20: 1169 4a4ea5_4a5137_4a51d4_45e106_4608cf_4592c8
COMP 51-0: 4a4ea5_4a5137_4a51d4_45e0c0_4608cf_4592c8 (1 12.00 0 12.00 0 12.00){0.00 0.00 0.00 0.00 4.80 0}{4.80 0.00 0.00 0.00 9.60 0}{9.60 12.00 12.00 12.00 14.40 1}{14.40 0.00 0.00 0.00 19.20 0}{19.20 0.00 0.00 0.00 24.00 0}
11 1 
12 18 
49 0 

RANKS: 1 -1 0 1 0
EVENT21: 1169 4a4ea5_4a5137_4a51d4_45e16f_4608cf_4592c8
COMP 51-0: 4a4ea5_4a5137_4a51d4_45e106_4608cf_4592c8 (1 12.00 0 12.00 0 12.00){0.00 0.00 0.00 0.00 4.80 0}{4.80 0.00 0.00 0.00 9.60 0}{9.60 12.00 12.00 12.00 14.40 1}{14.40 0.00 0.00 0.00 19.20 0}{19.20 0.00 0.00 0.00 24.00 0}
11 1 
12 12 
49 0 

RANKS: 1 -1 0 1 0
EVENT22: 1169 4a4ea5_4a5137_4a51d4_45e1db_4608cf_4592c8
COMP 51-0: 4a4ea5_4a5137_4a51d4_45e16f_4608cf_4592c8 (1 19.00 0 19.00 0 19.00){0.00 0.00 0.00 0.00 7.60 0}{7.60 0.00 0.00 0.00 15.20 0}{15.20 19.00 19.00 19.00 22.80 1}{22.80 0.00 0.00 0.00 30.40 0}{30.40 0.00 0.00 0.00 38.00 0}
11 1 
12 44 
49 0 

RANKS: 1 -1 0 1 0
EVENT23: 1169 4a4ea5_4a5137_4a51d4_45e1f6_4608cf_4592c8
COMP 51-0: 4a4ea5_4a5137_4a51d4_45e1db_4608cf_4592c8 (1 12.00 0 12.00 0 12.00){0.00 0.00 0.00 0.00 4.80 0}{4.80 0.00 0.00 0.00 9.60 0}{9.60 12.00 12.00 12.00 14.40 1}{14.40 0.00 0.00 0.00 19.20 0}{19.20 0.00 0.00 0.00 24.00 0}
11 1 
12 21 
49 0 

RANKS: 1 -1 0 1 0
EVENT24: 1169 4a4ea5_4a5137_4a51d4_45e21f_4608cf_4592c8
COMP 51-0: 4a4ea5_4a5137_4a51d4_45e1f6_4608cf_4592c8 (1 15.00 0 15.00 0 15.00){0.00 0.00 0.00 0.00 6.00 0}{6.00 0.00 0.00 0.00 12.00 0}{12.00 15.00 15.00 15.00 18.00 1}{18.00 0.00 0.00 0.00 24.00 0}{24.00 0.00 0.00 0.00 30.00 0}
11 1 
12 20 
49 0 

RANKS: 1 -1 0 1 0
EVENT25: 1169 4a4ea5_4a5137_4a51d4_45e257_4608cf_4592c8
COMP 51-0: 4a4ea5_4a5137_4a51d4_45e21f_4608cf_4592c8 (1 12.00 0 12.00 0 12.00){0.00 0.00 0.00 0.00 4.80 0}{4.80 0.00 0.00 0.00 9.60 0}{9.60 12.00 12.00 12.00 14.40 1}{14.40 0.00 0.00 0.00 19.20 0}{19.20 0.00 0.00 0.00 24.00 0}
11 1 
12 21 
49 0 

RANKS: 1 -1 0 1 0
EVENT26: 1169 4a4ea5_4a5137_4a51d4_45e28e_4608cf_4592c8
COMP 51-0: 4a4ea5_4a5137_4a51d4_45e257_4608cf_4592c8 (1 12.00 0 12.00 0 12.00){0.00 0.00 0.00 0.00 4.80 0}{4.80 0.00 0.00 0.00 9.60 0}{9.60 12.00 12.00 12.00 14.40 1}{14.40 0.00 0.00 0.00 19.20 0}{19.20 0.00 0.00 0.00 24.00 0}
11 1 
12 18 
49 0 

RANKS: 1 -1 0 32 1
EVENT27: 1011 471052_47133e_4713fd_460ac3_4592c8
COMP 51-0: 471052_47133e_4713fd_45b0e2_460142_4592c8 (31 15.13 4 12.00 7 20.00){0.00 0.00 0.00 0.00 7.20 0}{7.20 12.00 14.00 14.17 14.40 15}{14.40 14.60 16.00 20.00 21.60 16}{21.60 0.00 0.00 0.00 28.80 0}{28.80 0.00 0.00 0.00 36.00 0}
COMP 51-1: 4a4ea5_4a5137_4a51d4_45e28e_4608cf_4592c8 (1 49.00 0 49.00 0 49.00){0.00 0.00 0.00 0.00 19.60 0}{19.60 0.00 0.00 0.00 39.20 0}{39.20 49.00 49.00 49.00 58.80 1}{58.80 0.00 0.00 0.00 78.40 0}{78.40 0.00 0.00 0.00 98.00 0}
10 1000 
12 1 
14 7 
19 0 

RANKS: 1 -1 0 32 1
EVENT28: 1010 470bed_470de3_470e43_460d4a_4592c8
COMP 51-0: 471052_47133e_4713fd_460ac3_4592c8 (32 42.09 4 14.00 0 313.00){0.00 14.00 21.03 28.00 125.20 30}{125.20 132.00 132.00 132.00 250.40 1}{250.40 313.00 313.00 313.00 375.60 1}{375.60 0.00 0.00 0.00 500.80 0}{500.80 0.00 0.00 0.00 626.00 0}
10 1000 

RANKS: 1 -1 0 32 1
EVENT29: 1171 491686_491ab6_491b7b_46a744_46a481_460e5a_4592c8
COMP 51-0: 470bed_470de3_470e43_460d4a_4592c8 (32 74.70 18 22.00 1 1138.00){0.00 0.00 0.00 0.00 14.40 0}{14.40 22.00 24.40 28.00 28.80 5}{28.80 31.60 37.38 70.00 72.00 21}{72.00 75.00 76.80 82.00 92.00 5}{92.00 1138.00 1138.00 1138.00 2184.00 1}
COMM 51-0: 470bed_470de3_470e43_460d4a_4592c8 (32 74224.30 5 72942.00 12 75566.00){0.00 0.00 0.00 0.00 29879.20 0}{29879.20 0.00 0.00 0.00 59758.40 0}{59758.40 72942.00 74209.50 75566.00 89637.60 32}{89637.60 0.00 0.00 0.00 119516.80 0}{119516.80 0.00 0.00 0.00 149396.00 0}
10 1000 
3a :chunk.dat  
3b 41 
3c 1000 
52 96947 

RANKS: 1 -1 0 1 0
EVENT30: 1169 4a4ea5_4a5137_4a51d4_460f96_4592c8
COMP 51-0: 491686_491ab6_491b7b_46a744_46a481_460e5a_4592c8 (1 19.00 0 19.00 0 19.00){0.00 0.00 0.00 0.00 7.60 0}{7.60 0.00 0.00 0.00 15.20 0}{15.20 19.00 19.00 19.00 22.80 1}{22.80 0.00 0.00 0.00 30.40 0}{30.40 0.00 0.00 0.00 38.00 0}
11 1 
12 35 
49 0 

RANKS: 1 -1 0 32 1
EVENT31: 1176 493ca4_493fc8_4940a9_46b48b_465436_460ff4_4592c8
COMP 51-0: 491686_491ab6_491b7b_46a744_46a481_460e5a_4592c8 (31 251.03 13 211.00 31 699.00){0.00 0.00 0.00 0.00 93.20 0}{93.20 0.00 0.00 0.00 186.40 0}{186.40 211.00 230.69 247.00 372.80 29}{372.80 411.00 411.00 411.00 466.00 1}{466.00 699.00 699.00 699.00 932.00 1}
COMP 51-1: 493ca4_493fc8_4940a9_46b48b_465436_460ff4_4592c8 (480 33.34 11 12.00 0 164.00){0.00 12.00 13.33 15.00 16.00 6}{16.00 17.46 21.12 31.00 32.00 179}{32.00 34.00 39.19 58.00 64.00 280}{64.00 64.67 67.18 75.00 80.00 11}{80.00 85.00 106.25 164.00 248.00 4}
COMP 51-2: 4a4ea5_4a5137_4a51d4_460f96_4592c8 (1 250.00 0 250.00 0 250.00){0.00 0.00 0.00 0.00 100.00 0}{100.00 0.00 0.00 0.00 200.00 0}{200.00 250.00 250.00 250.00 300.00 1}{300.00 0.00 0.00 0.00 400.00 0}{400.00 0.00 0.00 0.00 500.00 0}
LOOP0: iter: ( 16 )[ 1 -1 0 32 1 ] mem: ( 1 )[ 1 -1 0 32 1 ]
12 131072 
14 12 
3c 1000 
3d ( 0 131072 262144 393216 524288 655360 786432 917504 1048576 1179648 1310720 1441792 1572864 1703936 1835008 1966080 )[ 1 -1 0 1 0 ]
3d ( 2097152 2228224 2359296 2490368 2621440 2752512 2883584 3014656 3145728 3276800 3407872 3538944 3670016 3801088 3932160 4063232 )[ 1 -1 1 1 0 ]
3d ( 6291456 6422528 6553600 6684672 6815744 6946816 7077888 7208960 7340032 7471104 7602176 7733248 7864320 7995392 8126464 8257536 )[ 1 -1 3 1 0 ]
3d ( 14680064 14811136 14942208 15073280 15204352 15335424 15466496 15597568 15728640 15859712 15990784 16121856 16252928 16384000 16515072 16646144 )[ 1 -1 7 1 0 ]
3d ( 31457280 31588352 31719424 31850496 31981568 32112640 32243712 32374784 32505856 32636928 32768000 32899072 33030144 33161216 33292288 33423360 )[ 1 -1 15 1 0 ]
3d ( 65011712 65142784 65273856 65404928 65536000 65667072 65798144 65929216 66060288 66191360 66322432 66453504 66584576 66715648 66846720 66977792 )[ 1 -1 31 1 0 ]
3d ( 48234496 48365568 48496640 48627712 48758784 48889856 49020928 49152000 49283072 49414144 49545216 49676288 49807360 49938432 50069504 50200576 )[ 1 -1 23 1 0 ]
3d ( 23068672 23199744 23330816 23461888 23592960 23724032 23855104 23986176 24117248 24248320 24379392 24510464 24641536 24772608 24903680 25034752 )[ 1 -1 11 1 0 ]
3d ( 39845888 39976960 40108032 40239104 40370176 40501248 40632320 40763392 40894464 41025536 41156608 41287680 41418752 41549824 41680896 41811968 )[ 1 -1 19 1 0 ]
3d ( 56623104 56754176 56885248 57016320 57147392 57278464 57409536 57540608 57671680 57802752 57933824 58064896 58195968 58327040 58458112 58589184 )[ 1 -1 27 1 0 ]
3d ( 10485760 10616832 10747904 10878976 11010048 11141120 11272192 11403264 11534336 11665408 11796480 11927552 12058624 12189696 12320768 12451840 )[ 1 -1 5 1 0 ]
3d ( 18874368 19005440 19136512 19267584 19398656 19529728 19660800 19791872 19922944 20054016 20185088 20316160 20447232 20578304 20709376 20840448 )[ 1 -1 9 1 0 ]
3d ( 35651584 35782656 35913728 36044800 36175872 36306944 36438016 36569088 36700160 36831232 36962304 37093376 37224448 37355520 37486592 37617664 )[ 1 -1 17 1 0 ]
3d ( 52428800 52559872 52690944 52822016 52953088 53084160 53215232 53346304 53477376 53608448 53739520 53870592 54001664 54132736 54263808 54394880 )[ 1 -1 25 1 0 ]
3d ( 27262976 27394048 27525120 27656192 27787264 27918336 28049408 28180480 28311552 28442624 28573696 28704768 28835840 28966912 29097984 29229056 )[ 1 -1 13 1 0 ]
3d ( 44040192 44171264 44302336 44433408 44564480 44695552 44826624 44957696 45088768 45219840 45350912 45481984 45613056 45744128 45875200 46006272 )[ 1 -1 21 1 0 ]
3d ( 60817408 60948480 61079552 61210624 61341696 61472768 61603840 61734912 61865984 61997056 62128128 62259200 62390272 62521344 62652416 62783488 )[ 1 -1 29 1 0 ]
3d ( 4194304 4325376 4456448 4587520 4718592 4849664 4980736 5111808 5242880 5373952 5505024 5636096 5767168 5898240 6029312 6160384 )[ 1 -1 2 1 0 ]
3d ( 8388608 8519680 8650752 8781824 8912896 9043968 9175040 9306112 9437184 9568256 9699328 9830400 9961472 10092544 10223616 10354688 )[ 1 -1 4 1 0 ]
3d ( 16777216 16908288 17039360 17170432 17301504 17432576 17563648 17694720 17825792 17956864 18087936 18219008 18350080 18481152 18612224 18743296 )[ 1 -1 8 1 0 ]
3d ( 33554432 33685504 33816576 33947648 34078720 34209792 34340864 34471936 34603008 34734080 34865152 34996224 35127296 35258368 35389440 35520512 )[ 1 -1 16 1 0 ]
3d ( 50331648 50462720 50593792 50724864 50855936 50987008 51118080 51249152 51380224 51511296 51642368 51773440 51904512 52035584 52166656 52297728 )[ 1 -1 24 1 0 ]
3d ( 25165824 25296896 25427968 25559040 25690112 25821184 25952256 26083328 26214400 26345472 26476544 26607616 26738688 26869760 27000832 27131904 )[ 1 -1 12 1 0 ]
3d ( 41943040 42074112 42205184 42336256 42467328 42598400 42729472 42860544 42991616 43122688 43253760 43384832 43515904 43646976 43778048 43909120 )[ 1 -1 20 1 0 ]
3d ( 58720256 58851328 58982400 59113472 59244544 59375616 59506688 59637760 59768832 59899904 60030976 60162048 60293120 60424192 60555264 60686336 )[ 1 -1 28 1 0 ]
3d ( 12582912 12713984 12845056 12976128 13107200 13238272 13369344 13500416 13631488 13762560 13893632 14024704 14155776 14286848 14417920 14548992 )[ 1 -1 6 1 0 ]
3d ( 20971520 21102592 21233664 21364736 21495808 21626880 21757952 21889024 22020096 22151168 22282240 22413312 22544384 22675456 22806528 22937600 )[ 1 -1 10 1 0 ]
3d ( 37748736 37879808 38010880 38141952 38273024 38404096 38535168 38666240 38797312 38928384 39059456 39190528 39321600 39452672 39583744 39714816 )[ 1 -1 18 1 0 ]
3d ( 54525952 54657024 54788096 54919168 55050240 55181312 55312384 55443456 55574528 55705600 55836672 55967744 56098816 56229888 56360960 56492032 )[ 1 -1 26 1 0 ]
3d ( 29360128 29491200 29622272 29753344 29884416 30015488 30146560 30277632 30408704 30539776 30670848 30801920 30932992 31064064 31195136 31326208 )[ 1 -1 14 1 0 ]
3d ( 46137344 46268416 46399488 46530560 46661632 46792704 46923776 47054848 47185920 47316992 47448064 47579136 47710208 47841280 47972352 48103424 )[ 1 -1 22 1 0 ]
3d ( 62914560 63045632 63176704 63307776 63438848 63569920 63700992 63832064 63963136 64094208 64225280 64356352 64487424 64618496 64749568 64880640 )[ 1 -1 30 1 0 ]

RANKS: 1 -1 0 32 1
EVENT32: 1183 496b2e_496d6d_496dcd_46b6dc_461140_4592c8
COMP 51-0: 493ca4_493fc8_4940a9_46b48b_465436_460ff4_4592c8 (32 126.36 5 45.00 20 777.00){0.00 0.00 0.00 0.00 42.00 0}{42.00 45.00 58.33 71.00 84.00 9}{84.00 94.00 111.75 119.71 126.00 12}{126.00 129.00 142.20 163.00 210.00 10}{210.00 777.00 777.00 777.00 1344.00 1}
3c 1000 
52 2425296 

RANKS: 1 -1 0 32 1
EVENT33: 1010 470bed_470de3_470e43_4612a4_4592c8
COMP 51-0: 496b2e_496d6d_496dcd_46b6dc_461140_4592c8 (32 12.42 1 11.00 20 16.00){0.00 0.00 0.00 0.00 4.80 0}{4.80 0.00 0.00 0.00 9.60 0}{9.60 11.00 12.32 14.00 14.40 31}{14.40 16.00 16.00 16.00 19.20 1}{19.20 0.00 0.00 0.00 24.00 0}
10 1000 

RANKS: 1 -1 0 32 1
EVENT34: 1171 491686_491ab6_491b7b_46be3a_461465_4592c8
COMP 51-0: 470bed_470de3_470e43_4612a4_4592c8 (32 12.06 9 11.00 1 14.00){0.00 0.00 0.00 0.00 4.80 0}{4.80 0.00 0.00 0.00 9.60 0}{9.60 11.00 12.06 14.00 14.40 32}{14.40 0.00 0.00 0.00 19.20 0}{19.20 0.00 0.00 0.00 24.00 0}
COMM 51-0: 470bed_470de3_470e43_4612a4_4592c8 (32 66689.82 16 65090.00 25 67791.00){0.00 0.00 0.00 0.00 26060.40 0}{26060.40 0.00 0.00 0.00 52120.80 0}{52120.80 65090.00 66737.91 67791.00 78181.20 32}{78181.20 0.00 0.00 0.00 104241.60 0}{104241.60 0.00 0.00 0.00 130302.00 0}
10 1000 
3a :chunk.dat  
3b 2 
3c 1001 
52 72622 

RANKS: 1 -1 0 32 1
EVENT35: 1183 496b2e_496d6d_496dcd_46bfdd_461465_4592c8
COMP 51-0: 491686_491ab6_491b7b_46be3a_461465_4592c8 (32 2370.73 17 978.00 7 11221.00){0.00 0.00 0.00 0.00 821.60 0}{821.60 978.00 1111.20 1395.00 1643.20 5}{1643.20 1718.30 1928.09 2485.00 2494.50 23}{2494.50 3172.00 5361.33 6476.00 10457.50 3}{10457.50 11221.00 11221.00 11221.00 11984.50 1}
3c 1001 
52 11735 

RANKS: 1 -1 0 32 1
EVENT36: 1004 46e310_46e630_46e710_46c1e0_461465_4592c8
COMP 51-0: 496b2e_496d6d_496dcd_46bfdd_461465_4592c8 (32 16.52 26 13.00 1 33.00){0.00 0.00 0.00 0.00 6.40 0}{6.40 0.00 0.00 0.00 12.80 0}{12.80 13.00 16.00 24.00 25.60 31}{25.60 0.00 0.00 0.00 32.00 0}{32.00 33.00 33.00 33.00 34.00 1}
10 1000 
12 1 
14 38 
18 2 

RANKS: 1 -1 0 32 1
EVENT37: 1004 46e310_46e630_46e710_46c2e0_461465_4592c8
COMP 51-0: 46e310_46e630_46e710_46c1e0_461465_4592c8 (32 10.61 1 9.00 31 12.00){0.00 0.00 0.00 0.00 4.00 0}{4.00 0.00 0.00 0.00 8.00 0}{8.00 9.00 10.62 12.00 12.00 32}{12.00 0.00 0.00 0.00 16.00 0}{16.00 0.00 0.00 0.00 20.00 0}
10 1000 
12 1 
14 38 
18 1 

RANKS: 1 -1 0 32 1
EVENT38: 1004 46e310_46e630_46e710_459de7_46147b_4592c8
COMP 51-0: 46e310_46e630_46e710_46c2e0_461465_4592c8 (32 10.64 0 9.00 1 12.00){0.00 0.00 0.00 0.00 3.60 0}{3.60 0.00 0.00 0.00 7.20 0}{7.20 9.00 10.37 10.62 10.80 16}{10.80 10.86 11.00 12.00 14.40 16}{14.40 0.00 0.00 0.00 18.00 0}
10 1000 
12 1 
14 38 
18 3 

RANKS: 1 -1 0 32 1
EVENT39: 1104 48214b_4824b0_4825ae_45d3dc_4614bc_4592c8
COMP 51-0: 46e310_46e630_46e710_459de7_46147b_4592c8 (32 17.67 0 11.00 7 28.00){0.00 0.00 0.00 0.00 8.80 0}{8.80 11.00 11.00 11.00 13.20 1}{13.20 15.00 16.04 17.00 17.60 18}{17.60 18.33 19.94 22.00 22.00 11}{22.00 25.00 26.50 28.00 34.00 2}
COMP 51-1: 48214b_4824b0_4825ae_45d3dc_4614bc_4592c8 (352 10.27 21 8.00 23 18.00){0.00 0.00 0.00 0.00 3.60 0}{3.60 0.00 0.00 0.00 7.20 0}{7.20 8.00 10.02 10.44 10.80 290}{10.80 11.00 11.10 13.00 14.40 59}{14.40 17.00 17.67 18.00 18.00 3}
LOOP0: iter: ( 12 )[ 1 -1 0 32 1 ] mem: ( 1 )[ 1 -1 0 32 1 ]
10 1000 
12 1 
14 10 
18 2 1 
19 0 

RANKS: 1 -1 0 32 1
EVENT40: 1010 470bed_470de3_470e43_461d7f_4592c8
COMP 51-0: 48214b_4824b0_4825ae_45d3dc_4614bc_4592c8 (32 12.85 21 11.00 15 15.00){0.00 0.00 0.00 0.00 5.20 0}{5.20 0.00 0.00 0.00 10.40 0}{10.40 11.00 12.84 15.00 15.60 32}{15.60 0.00 0.00 0.00 20.80 0}{20.80 0.00 0.00 0.00 26.00 0}
10 1000 

RANKS: 1 -1 0 32 1
EVENT41: 1171 491686_491ab6_491b7b_46a744_461e8f_4592c8
COMP 51-0: 470bed_470de3_470e43_461d7f_4592c8 (32 20.79 16 14.00 2 118.00){0.00 0.00 0.00 0.00 8.00 0}{8.00 14.00 14.50 15.00 16.00 2}{16.00 17.00 17.90 24.00 32.00 29}{32.00 0.00 0.00 0.00 40.00 0}{40.00 118.00 118.00 118.00 196.00 1}
COMM 51-0: 470bed_470de3_470e43_461d7f_4592c8 (32 55096.52 2 54333.00 2 57099.00){0.00 0.00 0.00 0.00 21866.40 0}{21866.40 0.00 0.00 0.00 43732.80 0}{43732.80 54333.00 55109.97 57099.00 65599.20 32}{65599.20 0.00 0.00 0.00 87465.60 0}{87465.60 0.00 0.00 0.00 109332.00 0}
10 1000 
3a :chunk.dat  
3b 41 
3c 1002 
52 62319 

RANKS: 1 -1 0 1 0
EVENT42: 1169 4a4ea5_4a5137_4a51d4_462003_4592c8
COMP 51-0: 491686_491ab6_491b7b_46a744_461e8f_4592c8 (1 15.00 0 15.00 0 15.00){0.00 0.00 0.00 0.00 6.00 0}{6.00 0.00 0.00 0.00 12.00 0}{12.00 15.00 15.00 15.00 18.00 1}{18.00 0.00 0.00 0.00 24.00 0}{24.00 0.00 0.00 0.00 30.00 0}
11 1 
12 34 
49 0 

RANKS: 1 -1 0 32 1
EVENT43: 1180 495934_495c58_495d39_46b48b_46551c_462061_4592c8
COMP 51-0: 491686_491ab6_491b7b_46a744_461e8f_4592c8 (31 364.38 12 212.00 15 1341.00){0.00 0.00 0.00 0.00 185.60 0}{185.60 212.00 231.82 238.00 278.40 17}{278.40 284.00 297.00 311.00 464.00 3}{464.00 492.00 525.50 554.00 588.00 10}{588.00 1341.00 1341.00 1341.00 2094.00 1}
COMP 51-1: 495934_495c58_495d39_46b48b_46551c_462061_4592c8 (480 37.99 3 13.00 28 3032.00){0.00 13.00 28.67 91.33 92.00 472}{92.00 96.00 96.00 96.00 100.00 1}{100.00 126.00 127.50 129.00 152.00 2}{152.00 223.00 328.00 387.00 622.00 4}{622.00 3032.00 3032.00 3032.00 5442.00 1}
COMP 51-2: 4a4ea5_4a5137_4a51d4_462003_4592c8 (1 238.00 0 238.00 0 238.00){0.00 0.00 0.00 0.00 95.20 0}{95.20 0.00 0.00 0.00 190.40 0}{190.40 238.00 238.00 238.00 285.60 1}{285.60 0.00 0.00 0.00 380.80 0}{380.80 0.00 0.00 0.00 476.00 0}
LOOP0: iter: ( 16 )[ 1 -1 0 32 1 ] mem: ( 1 )[ 1 -1 0 32 1 ]
12 131072 
14 12 
3c 1002 
3d ( 0 131072 262144 393216 524288 655360 786432 917504 1048576 1179648 1310720 1441792 1572864 1703936 1835008 1966080 )[ 1 -1 0 1 0 ]
3d ( 2097152 2228224 2359296 2490368 2621440 2752512 2883584 3014656 3145728 3276800 3407872 3538944 3670016 3801088 3932160 4063232 )[ 1 -1 1 1 0 ]
3d ( 6291456 6422528 6553600 6684672 6815744 6946816 7077888 7208960 7340032 7471104 7602176 7733248 7864320 7995392 8126464 8257536 )[ 1 -1 3 1 0 ]
3d ( 14680064 14811136 14942208 15073280 15204352 15335424 15466496 15597568 15728640 15859712 15990784 16121856 16252928 16384000 16515072 16646144 )[ 1 -1 7 1 0 ]
3d ( 31457280 31588352 31719424 31850496 31981568 32112640 32243712 32374784 32505856 32636928 32768000 32899072 33030144 33161216 33292288 33423360 )[ 1 -1 15 1 0 ]
3d ( 65011712 65142784 65273856 65404928 65536000 65667072 65798144 65929216 66060288 66191360 66322432 66453504 66584576 66715648 66846720 66977792 )[ 1 -1 31 1 0 ]
3d ( 48234496 48365568 48496640 48627712 48758784 48889856 49020928 49152000 49283072 49414144 49545216 49676288 49807360 49938432 50069504 50200576 )[ 1 -1 23 1 0 ]
3d ( 23068672 23199744 23330816 23461888 23592960 23724032 23855104 23986176 24117248 24248320 24379392 24510464 24641536 24772608 24903680 25034752 )[ 1 -1 11 1 0 ]
3d ( 39845888 39976960 40108032 40239104 40370176 40501248 40632320 40763392 40894464 41025536 41156608 41287680 41418752 41549824 41680896 41811968 )[ 1 -1 19 1 0 ]
3d ( 56623104 56754176 56885248 57016320 57147392 57278464 57409536 57540608 57671680 57802752 57933824 58064896 58195968 58327040 58458112 58589184 )[ 1 -1 27 1 0 ]
3d ( 10485760 10616832 10747904 10878976 11010048 11141120 11272192 11403264 11534336 11665408 11796480 11927552 12058624 12189696 12320768 12451840 )[ 1 -1 5 1 0 ]
3d ( 18874368 19005440 19136512 19267584 19398656 19529728 19660800 19791872 19922944 20054016 20185088 20316160 20447232 20578304 20709376 20840448 )[ 1 -1 9 1 0 ]
3d ( 35651584 35782656 35913728 36044800 36175872 36306944 36438016 36569088 36700160 36831232 36962304 37093376 37224448 37355520 37486592 37617664 )[ 1 -1 17 1 0 ]
3d ( 52428800 52559872 52690944 52822016 52953088 53084160 53215232 53346304 53477376 53608448 53739520 53870592 54001664 54132736 54263808 54394880 )[ 1 -1 25 1 0 ]
3d ( 27262976 27394048 27525120 27656192 27787264 27918336 28049408 28180480 28311552 28442624 28573696 28704768 28835840 28966912 29097984 29229056 )[ 1 -1 13 1 0 ]
3d ( 44040192 44171264 44302336 44433408 44564480 44695552 44826624 44957696 45088768 45219840 45350912 45481984 45613056 45744128 45875200 46006272 )[ 1 -1 21 1 0 ]
3d ( 60817408 60948480 61079552 61210624 61341696 61472768 61603840 61734912 61865984 61997056 62128128 62259200 62390272 62521344 62652416 62783488 )[ 1 -1 29 1 0 ]
3d ( 4194304 4325376 4456448 4587520 4718592 4849664 4980736 5111808 5242880 5373952 5505024 5636096 5767168 5898240 6029312 6160384 )[ 1 -1 2 1 0 ]
3d ( 8388608 8519680 8650752 8781824 8912896 9043968 9175040 9306112 9437184 9568256 9699328 9830400 9961472 10092544 10223616 10354688 )[ 1 -1 4 1 0 ]
3d ( 16777216 16908288 17039360 17170432 17301504 17432576 17563648 17694720 17825792 17956864 18087936 18219008 18350080 18481152 18612224 18743296 )[ 1 -1 8 1 0 ]
3d ( 33554432 33685504 33816576 33947648 34078720 34209792 34340864 34471936 34603008 34734080 34865152 34996224 35127296 35258368 35389440 35520512 )[ 1 -1 16 1 0 ]
3d ( 50331648 50462720 50593792 50724864 50855936 50987008 51118080 51249152 51380224 51511296 51642368 51773440 51904512 52035584 52166656 52297728 )[ 1 -1 24 1 0 ]
3d ( 25165824 25296896 25427968 25559040 25690112 25821184 25952256 26083328 26214400 26345472 26476544 26607616 26738688 26869760 27000832 27131904 )[ 1 -1 12 1 0 ]
3d ( 41943040 42074112 42205184 42336256 42467328 42598400 42729472 42860544 42991616 43122688 43253760 43384832 43515904 43646976 43778048 43909120 )[ 1 -1 20 1 0 ]
3d ( 58720256 58851328 58982400 59113472 59244544 59375616 59506688 59637760 59768832 59899904 60030976 60162048 60293120 60424192 60555264 60686336 )[ 1 -1 28 1 0 ]
3d ( 12582912 12713984 12845056 12976128 13107200 13238272 13369344 13500416 13631488 13762560 13893632 14024704 14155776 14286848 14417920 14548992 )[ 1 -1 6 1 0 ]
3d ( 20971520 21102592 21233664 21364736 21495808 21626880 21757952 21889024 22020096 22151168 22282240 22413312 22544384 22675456 22806528 22937600 )[ 1 -1 10 1 0 ]
3d ( 37748736 37879808 38010880 38141952 38273024 38404096 38535168 38666240 38797312 38928384 39059456 39190528 39321600 39452672 39583744 39714816 )[ 1 -1 18 1 0 ]
3d ( 54525952 54657024 54788096 54919168 55050240 55181312 55312384 55443456 55574528 55705600 55836672 55967744 56098816 56229888 56360960 56492032 )[ 1 -1 26 1 0 ]
3d ( 29360128 29491200 29622272 29753344 29884416 30015488 30146560 30277632 30408704 30539776 30670848 30801920 30932992 31064064 31195136 31326208 )[ 1 -1 14 1 0 ]
3d ( 46137344 46268416 46399488 46530560 46661632 46792704 46923776 47054848 47185920 47316992 47448064 47579136 47710208 47841280 47972352 48103424 )[ 1 -1 22 1 0 ]
3d ( 62914560 63045632 63176704 63307776 63438848 63569920 63700992 63832064 63963136 64094208 64225280 64356352 64487424 64618496 64749568 64880640 )[ 1 -1 30 1 0 ]

RANKS: 1 -1 0 32 1
EVENT44: 1183 496b2e_496d6d_496dcd_46b6dc_4621ad_4592c8
COMP 51-0: 495934_495c58_495d39_46b48b_46551c_462061_4592c8 (32 89.58 19 50.00 16 176.00){0.00 0.00 0.00 0.00 43.20 0}{43.20 50.00 58.57 61.00 64.80 14}{64.80 65.33 72.00 107.00 108.00 7}{108.00 119.00 122.00 125.00 130.00 2}{130.00 132.00 148.22 176.00 184.00 9}
3c 1002 
52 3907275 

RANKS: 1 -1 0 32 1
EVENT45: 1171 491686_491ab6_491b7b_46be3a_462211_4592c8
COMP 51-0: 496b2e_496d6d_496dcd_46b6dc_4621ad_4592c8 (32 13.67 7 12.00 11 18.00){0.00 0.00 0.00 0.00 5.60 0}{5.60 0.00 0.00 0.00 11.20 0}{11.20 12.00 13.40 15.50 16.80 30}{16.80 17.00 17.50 18.00 22.40 2}{22.40 0.00 0.00 0.00 28.00 0}
COMM 51-0: 496b2e_496d6d_496dcd_46b6dc_4621ad_4592c8 (32 63263.00 1 59977.00 1 68298.00){0.00 0.00 0.00 0.00 24316.40 0}{24316.40 0.00 0.00 0.00 48632.80 0}{48632.80 59977.00 63340.25 68298.00 72949.20 32}{72949.20 0.00 0.00 0.00 97265.60 0}{97265.60 0.00 0.00 0.00 121582.00 0}
10 1000 
3a :chunk.dat  
3b 2 
3c 1003 
52 61296 

RANKS: 1 -1 0 32 1
EVENT46: 1183 496b2e_496d6d_496dcd_46bfdd_462211_4592c8
COMP 51-0: 491686_491ab6_491b7b_46be3a_462211_4592c8 (32 2654.94 0 1366.00 10 6862.00){0.00 0.00 0.00 0.00 1092.80 0}{1092.80 1366.00 1468.20 1598.50 1639.20 5}{1639.20 1770.20 1967.56 2441.00 2732.00 9}{2732.00 2920.00 3049.94 3849.00 4004.00 16}{4004.00 5537.00 6199.50 6862.00 9720.00 2}
3c 1003 
52 6416 

RANKS: 1 -1 0 32 1
EVENT47: 1004 46e310_46e630_46e710_46c1e0_462211_4592c8
COMP 51-0: 496b2e_496d6d_496dcd_46bfdd_462211_4592c8 (32 11.76 7 11.00 7 13.00){0.00 0.00 0.00 0.00 4.80 0}{4.80 0.00 0.00 0.00 9.60 0}{9.60 11.00 11.75 13.00 14.40 32}{14.40 0.00 0.00 0.00 19.20 0}{19.20 0.00 0.00 0.00 24.00 0}
10 1000 
12 1 
14 38 
18 2 

RANKS: 1 -1 0 32 1
EVENT48: 1004 46e310_46e630_46e710_46c2e0_462211_4592c8
COMP 51-0: 46e310_46e630_46e710_46c1e0_462211_4592c8 (32 12.21 4 9.00 1 34.00){0.00 0.00 0.00 0.00 4.40 0}{4.40 0.00 0.00 0.00 8.80 0}{8.80 9.00 10.45 12.00 22.00 29}{22.00 26.00 27.50 29.00 30.00 2}{30.00 34.00 34.00 34.00 38.00 1}
10 1000 
12 1 
14 38 
18 1 

RANKS: 1 -1 0 32 1
EVENT49: 1004 46e310_46e630_46e710_459de7_462227_4592c8
COMP 51-0: 46e310_46e630_46e710_46c2e0_462211_4592c8 (32 10.73 2 9.00 0 12.00){0.00 0.00 0.00 0.00 4.80 0}{4.80 9.00 9.00 9.00 9.60 1}{9.60 10.00 10.74 12.00 14.40 31}{14.40 0.00 0.00 0.00 19.20 0}{19.20 0.00 0.00 0.00 24.00 0}
10 1000 
12 1 
14 38 
18 3 

RANKS: 1 -1 0 32 1
EVENT50: 1104 48214b_4824b0_4825ae_45d3dc_462268_4592c8
COMP 51-0: 46e310_46e630_46e710_459de7_462227_4592c8 (32 11.70 31 10.00 0 13.00){0.00 0.00 0.00 0.00 5.20 0}{5.20 10.00 10.00 10.00 10.40 1}{10.40 11.00 11.71 13.00 15.60 31}{15.60 0.00 0.00 0.00 20.80 0}{20.80 0.00 0.00 0.00 26.00 0}
COMP 51-1: 48214b_4824b0_4825ae_45d3dc_462268_4592c8 (352 12.63 11 8.00 31 850.00){0.00 0.00 0.00 0.00 4.00 0}{4.00 8.00 8.00 8.00 8.00 1}{8.00 9.00 10.17 11.28 12.00 345}{12.00 13.00 16.20 19.00 20.00 5}{20.00 850.00 850.00 850.00 1680.00 1}
LOOP0: iter: ( 12 )[ 1 -1 0 32 1 ] mem: ( 1 )[ 1 -1 0 32 1 ]
10 1000 
12 1 
14 10 
18 2 1 
19 0 

RANKS: 1 -1 0 32 1
EVENT51: 1010 470bed_470de3_470e43_462676_4592c8
COMP 51-0: 48214b_4824b0_4825ae_45d3dc_462268_4592c8 (32 11.06 10 9.00 14 18.00){0.00 0.00 0.00 0.00 4.40 0}{4.40 0.00 0.00 0.00 8.80 0}{8.80 9.00 10.63 12.00 13.20 30}{13.20 17.00 17.00 17.00 17.60 1}{17.60 18.00 18.00 18.00 22.00 1}
10 1000 

RANKS: 1 -1 0 1 0
EVENT52: 1184 497051_4972e3_497353_46b9a3_45db5e_462786_4592c8
COMP 51-0: 470bed_470de3_470e43_462676_4592c8 (1 26.00 0 26.00 0 26.00){0.00 0.00 0.00 0.00 10.40 0}{10.40 0.00 0.00 0.00 20.80 0}{20.80 26.00 26.00 26.00 31.20 1}{31.20 0.00 0.00 0.00 41.60 0}{41.60 0.00 0.00 0.00 52.00 0}
3a :chunk.dat  

RANKS: 1 -1 0 32 1
EVENT53: 1010 470bed_470de3_470e43_4627a3_4592c8
COMP 51-0: 470bed_470de3_470e43_462676_4592c8 (31 9.72 16 8.00 18 12.00){0.00 0.00 0.00 0.00 4.00 0}{4.00 8.00 8.00 8.00 8.00 1}{8.00 9.00 9.77 12.00 12.00 30}{12.00 0.00 0.00 0.00 16.00 0}{16.00 0.00 0.00 0.00 20.00 0}
COMP 51-1: 497051_4972e3_497353_46b9a3_45db5e_462786_4592c8 (1 15.00 0 15.00 0 15.00){0.00 0.00 0.00 0.00 6.00 0}{6.00 0.00 0.00 0.00 12.00 0}{12.00 15.00 15.00 15.00 18.00 1}{18.00 0.00 0.00 0.00 24.00 0}{24.00 0.00 0.00 0.00 30.00 0}
10 1000 

RANKS: 1 -1 0 1 0
EVENT54: 1169 4a4ea5_4a5137_4a51d4_45f333_4628d3_4592c8
COMP 51-0: 470bed_470de3_470e43_4627a3_4592c8 (1 35.00 0 35.00 0 35.00){0.00 0.00 0.00 0.00 14.00 0}{14.00 0.00 0.00 0.00 28.00 0}{28.00 35.00 35.00 35.00 42.00 1}{42.00 0.00 0.00 0.00 56.00 0}{56.00 0.00 0.00 0.00 70.00 0}
11 1 
12 109 
49 0 

RANKS: 1 -1 0 1 0
EVENT55: 1169 4a4ea5_4a5137_4a51d4_45f358_4628d3_4592c8
COMP 51-0: 4a4ea5_4a5137_4a51d4_45f333_4628d3_4592c8 (1 14.00 0 14.00 0 14.00){0.00 0.00 0.00 0.00 5.60 0}{5.60 0.00 0.00 0.00 11.20 0}{11.20 14.00 14.00 14.00 16.80 1}{16.80 0.00 0.00 0.00 22.40 0}{22.40 0.00 0.00 0.00 28.00 0}
11 1 
12 87 
49 0 

RANKS: 1 -1 0 1 0
EVENT56: 1169 4a4ea5_4a5137_4a51d4_45f384_4628d3_4592c8
COMP 51-0: 4a4ea5_4a5137_4a51d4_45f358_4628d3_4592c8 (1 15.00 0 15.00 0 15.00){0.00 0.00 0.00 0.00 6.00 0}{6.00 0.00 0.00 0.00 12.00 0}{12.00 15.00 15.00 15.00 18.00 1}{18.00 0.00 0.00 0.00 24.00 0}{24.00 0.00 0.00 0.00 30.00 0}
11 1 
12 108 
49 0 

RANKS: 1 -1 0 1 0
EVENT57: 1169 4a4ea5_4a5137_4a51d4_45f764_4628d3_4592c8
COMP 51-0: 4a4ea5_4a5137_4a51d4_45f384_4628d3_4592c8 (1 40.00 0 40.00 0 40.00){0.00 0.00 0.00 0.00 16.00 0}{16.00 0.00 0.00 0.00 32.00 0}{32.00 40.00 40.00 40.00 48.00 1}{48.00 0.00 0.00 0.00 64.00 0}{64.00 0.00 0.00 0.00 80.00 0}
11 1 
12 6 
49 0 

RANKS: 1 -1 0 1 0
EVENT58: 1169 4a4ea5_4a5137_4a51d4_45fb4a_4628d3_4592c8
COMP 51-0: 4a4ea5_4a5137_4a51d4_45f764_4628d3_4592c8 (1 22.00 0 22.00 0 22.00){0.00 0.00 0.00 0.00 8.80 0}{8.80 0.00 0.00 0.00 17.60 0}{17.60 22.00 22.00 22.00 26.40 1}{26.40 0.00 0.00 0.00 35.20 0}{35.20 0.00 0.00 0.00 44.00 0}
11 1 
12 6 
49 0 

RANKS: 1 -1 0 32 1
EVENT59: 1028 474931_474af2_474b52_4628dd_4592c8
COMP 51-0: 470bed_470de3_470e43_4627a3_4592c8 (31 89.03 15 31.00 10 280.00){0.00 31.00 36.46 41.50 43.20 13}{43.20 46.00 62.50 80.00 86.40 4}{86.40 97.00 113.00 142.00 216.00 11}{216.00 217.00 217.00 217.00 218.00 1}{218.00 277.00 278.50 280.00 342.00 2}
COMP 51-1: 4a4ea5_4a5137_4a51d4_45fb4a_4628d3_4592c8 (1 29.00 0 29.00 0 29.00){0.00 0.00 0.00 0.00 11.60 0}{11.60 0.00 0.00 0.00 23.20 0}{23.20 29.00 29.00 29.00 34.80 1}{34.80 0.00 0.00 0.00 46.40 0}{46.40 0.00 0.00 0.00 58.00 0}
10 1000 

RANKS: 1 -1 0 32 1
EVENT60: 1010 470bed_470de3_470e43_462a58_4592c8
COMP 51-0: 474931_474af2_474b52_4628dd_4592c8 (32 11.12 3 10.00 2 14.00){0.00 0.00 0.00 0.00 4.80 0}{4.80 0.00 0.00 0.00 9.60 0}{9.60 10.00 11.09 14.00 14.40 32}{14.40 0.00 0.00 0.00 19.20 0}{19.20 0.00 0.00 0.00 24.00 0}
10 2 

RANKS: 1 -1 0 32 1
EVENT61: 1045 476acc_476b3d_476b81_459315
COMP 51-0: 470bed_470de3_470e43_462a58_4592c8 (32 3230.85 21 29.00 31 4977.00){0.00 29.00 100.33 142.00 1424.40 6}{1424.40 0.00 0.00 0.00 2848.80 0}{2848.80 3469.00 3861.33 4228.45 4273.20 24}{4273.20 4806.00 4891.50 4977.00 5697.60 2}{5697.60 0.00 0.00 0.00 7122.00 0}
52 72267 

