RANKS: 1 -1 0 32 1
EVENT0: 1084 47cb68_47cc13_47cc5f_458f9f
33 2 
34 0 

RANKS: 1 -1 0 1 0
EVENT1: 1102 4810ba_481457_481550_45ae8b_45db7f_459218
COMP 51-0: 47cb68_47cc13_47cc5f_458f9f (1 50.00 0 50.00 0 50.00){0.00 0.00 0.00 0.00 20.00 0}{20.00 0.00 0.00 0.00 40.00 0}{40.00 50.00 50.00 50.00 60.00 1}{60.00 0.00 0.00 0.00 80.00 0}{80.00 0.00 0.00 0.00 100.00 0}
COMP 51-1: 4810ba_481457_481550_45ae8b_45db7f_459218 (30 10.10 0 9.00 0 14.00){0.00 0.00 0.00 0.00 5.60 0}{5.60 9.00 9.83 11.00 11.20 29}{11.20 14.00 14.00 14.00 16.80 1}{16.80 0.00 0.00 0.00 22.40 0}{22.40 0.00 0.00 0.00 28.00 0}
LOOP0: iter: ( 31 )[ 1 -1 0 1 0 ] mem: ( 1 )[ 1 -1 0 1 0 ]
10 2 
12 1024 
14 1 
1b 0 
2b 2147483647 

RANKS: 1 -1 1 31 1
EVENT2: 1113 485d8d_4860ce_4861a5_45afe1_45db7f_459218
COMP 51-0: 47cb68_47cc13_47cc5f_458f9f (31 53.56 20 38.00 30 103.00){0.00 0.00 0.00 0.00 18.80 0}{18.80 0.00 0.00 0.00 37.60 0}{37.60 38.00 45.76 54.00 56.40 21}{56.40 62.00 67.00 73.00 94.00 9}{94.00 103.00 103.00 103.00 112.00 1}
10 2 
12 1024 
14 1 
1a ( 31 )[ 1 -1 1 1 0 ]
1a ( 29 )[ 1 -1 3 1 0 ]
1a ( 25 )[ 1 -1 7 1 0 ]
1a ( 17 )[ 1 -1 15 1 0 ]
1a ( 1 )[ 1 -1 31 1 0 ]
1a ( 9 )[ 1 -1 23 1 0 ]
1a ( 21 )[ 1 -1 11 1 0 ]
1a ( 13 )[ 1 -1 19 1 0 ]
1a ( 5 )[ 1 -1 27 1 0 ]
1a ( 27 )[ 1 -1 5 1 0 ]
1a ( 23 )[ 1 -1 9 1 0 ]
1a ( 15 )[ 1 -1 17 1 0 ]
1a ( 7 )[ 1 -1 25 1 0 ]
1a ( 19 )[ 1 -1 13 1 0 ]
1a ( 11 )[ 1 -1 21 1 0 ]
1a ( 3 )[ 1 -1 29 1 0 ]
1a ( 30 )[ 1 -1 2 1 0 ]
1a ( 28 )[ 1 -1 4 1 0 ]
1a ( 24 )[ 1 -1 8 1 0 ]
1a ( 16 )[ 1 -1 16 1 0 ]
1a ( 8 )[ 1 -1 24 1 0 ]
1a ( 20 )[ 1 -1 12 1 0 ]
1a ( 12 )[ 1 -1 20 1 0 ]
1a ( 4 )[ 1 -1 28 1 0 ]
1a ( 26 )[ 1 -1 6 1 0 ]
1a ( 22 )[ 1 -1 10 1 0 ]
1a ( 14 )[ 1 -1 18 1 0 ]
1a ( 6 )[ 1 -1 26 1 0 ]
1a ( 18 )[ 1 -1 14 1 0 ]
1a ( 10 )[ 1 -1 22 1 0 ]
1a ( 2 )[ 1 -1 30 1 0 ]
1b 0 

RANKS: 1 -1 0 32 1
EVENT3: 1011 471052_47133e_4713fd_45b0e2_45db7f_459218
COMP 51-0: 4810ba_481457_481550_45ae8b_45db7f_459218 (1 14.00 0 14.00 0 14.00){0.00 0.00 0.00 0.00 5.60 0}{5.60 0.00 0.00 0.00 11.20 0}{11.20 14.00 14.00 14.00 16.80 1}{16.80 0.00 0.00 0.00 22.40 0}{22.40 0.00 0.00 0.00 28.00 0}
COMP 51-1: 485d8d_4860ce_4861a5_45afe1_45db7f_459218 (31 21.34 8 15.00 13 32.00){0.00 0.00 0.00 0.00 6.40 0}{6.40 0.00 0.00 0.00 12.80 0}{12.80 15.00 17.10 19.00 19.20 10}{19.20 19.33 21.56 25.00 25.60 16}{25.60 28.50 30.20 32.00 32.00 5}
10 2 
12 1 
14 3 
19 0 

RANKS: 1 -1 0 32 1
EVENT4: 1167 4a4646_4a4872_4a48cc_468bac_468df4_45db91_459218
COMP 51-0: 471052_47133e_4713fd_45b0e2_45db7f_459218 (32 3071.73 13 1449.00 11 6024.00){0.00 0.00 0.00 0.00 1298.40 0}{1298.40 1449.00 2090.31 2417.00 2596.80 13}{2596.80 2737.00 3221.92 3819.00 3895.20 13}{3895.20 4085.00 4326.25 4711.00 5193.60 4}{5193.60 5733.00 5878.50 6024.00 6492.00 2}
49 0 
52 289820 

RANKS: 1 -1 0 32 1
EVENT5: 1011 471052_47133e_4713fd_45b7a0_45dba2_459218
COMP 51-0: 4a4646_4a4872_4a48cc_468bac_468df4_45db91_459218 (32 16.45 9 11.00 29 41.00){0.00 11.00 12.00 13.00 13.60 4}{13.60 13.67 14.85 16.00 27.20 26}{27.20 34.00 34.00 34.00 40.80 1}{40.80 41.00 41.00 41.00 54.40 1}{54.40 0.00 0.00 0.00 68.00 0}
10 2 
12 4 
14 12 
19 0 

RANKS: 1 -1 0 32 1
EVENT6: 1010 470bed_470de3_470e43_462b44_45dbc8_459218
COMP 51-0: 471052_47133e_4713fd_45b7a0_45dba2_459218 (32 36.55 25 23.00 5 182.00){0.00 0.00 0.00 0.00 15.20 0}{15.20 23.00 25.69 28.00 30.40 13}{30.40 32.00 35.24 39.00 45.60 17}{45.60 53.00 53.00 53.00 76.00 1}{76.00 182.00 182.00 182.00 288.00 1}
10 2 

RANKS: 1 -1 0 32 1
EVENT7: 1104 48214b_4824b0_4825ae_462c42_45dbc8_459218
COMP 51-0: 470bed_470de3_470e43_462b44_45dbc8_459218 (32 23.42 17 18.00 25 83.00){0.00 0.00 0.00 0.00 8.40 0}{8.40 0.00 0.00 0.00 16.80 0}{16.80 18.00 21.00 25.00 25.20 29}{25.20 27.00 30.00 33.00 42.00 2}{42.00 83.00 83.00 83.00 124.00 1}
10 2 
12 1 
14 10 
18 2 
19 0 

RANKS: 1 -1 0 32 1
EVENT8: 1104 48214b_4824b0_4825ae_462d4c_45dbc8_459218
COMP 51-0: 48214b_4824b0_4825ae_462c42_45dbc8_459218 (32 9.70 1 9.00 29 13.00){0.00 0.00 0.00 0.00 4.40 0}{4.40 0.00 0.00 0.00 8.80 0}{8.80 9.00 9.66 13.00 13.20 32}{13.20 0.00 0.00 0.00 17.60 0}{17.60 0.00 0.00 0.00 22.00 0}
10 2 
12 1 
14 10 
18 1 
19 0 

RANKS: 1 -1 0 32 1
EVENT9: 1011 471052_47133e_4713fd_462e50_45dbc8_459218
COMP 51-0: 48214b_4824b0_4825ae_462d4c_45dbc8_459218 (32 12.21 1 9.00 27 17.00){0.00 0.00 0.00 0.00 5.20 0}{5.20 9.00 9.27 10.00 10.40 11}{10.40 13.00 13.37 14.00 15.60 19}{15.60 17.00 17.00 17.00 20.80 2}{20.80 0.00 0.00 0.00 26.00 0}
10 2 
12 1 
14 10 
19 0 

RANKS: 1 -1 0 32 1
EVENT10: 1011 471052_47133e_4713fd_4675bc_45dbe2_459218
COMP 51-0: 471052_47133e_4713fd_462e50_45dbc8_459218 (32 11.85 0 9.00 22 21.00){0.00 0.00 0.00 0.00 7.20 0}{7.20 9.00 9.60 10.00 10.80 5}{10.80 11.00 11.57 13.00 14.40 23}{14.40 15.00 15.67 17.00 18.00 3}{18.00 21.00 21.00 21.00 24.00 1}
10 2 
12 1 
14 3 
19 0 

RANKS: 1 -1 0 1 0
EVENT11: 1169 4a4ea5_4a5137_4a51d4_45dd54_4592a1
COMP 51-0: 471052_47133e_4713fd_4675bc_45dbe2_459218 (1 117.00 0 117.00 0 117.00){0.00 0.00 0.00 0.00 46.80 0}{46.80 0.00 0.00 0.00 93.60 0}{93.60 117.00 117.00 117.00 140.40 1}{140.40 0.00 0.00 0.00 187.20 0}{187.20 0.00 0.00 0.00 234.00 0}
11 1 
12 18 
49 0 

RANKS: 1 -1 0 32 1
EVENT12: 1030 474d46_474f75_474fe5_45fced_4592c8
COMP 51-0: 471052_47133e_4713fd_4675bc_45dbe2_459218 (31 40.75 22 17.00 10 414.00){0.00 0.00 0.00 0.00 16.00 0}{16.00 17.00 19.21 23.00 40.00 24}{40.00 43.00 61.40 74.00 80.00 5}{80.00 102.00 102.00 102.00 124.00 1}{124.00 414.00 414.00 414.00 704.00 1}
COMP 51-1: 4a4ea5_4a5137_4a51d4_45dd54_4592a1 (1 1992.00 0 1992.00 0 1992.00){0.00 0.00 0.00 0.00 796.80 0}{796.80 0.00 0.00 0.00 1593.60 0}{1593.60 1992.00 1992.00 1992.00 2390.40 1}{2390.40 0.00 0.00 0.00 3187.20 0}{3187.20 0.00 0.00 0.00 3984.00 0}
10 2 

RANKS: 1 -1 0 32 1
EVENT13: 1066 47b541_47b880_47b91f_45fdf8_4592c8
COMP 51-0: 474d46_474f75_474fe5_45fced_4592c8 (32 14.97 7 11.00 10 21.00){0.00 0.00 0.00 0.00 5.60 0}{5.60 11.00 11.00 11.00 11.20 1}{11.20 12.00 14.75 16.44 16.80 28}{16.80 17.00 18.67 21.00 22.40 3}{22.40 0.00 0.00 0.00 28.00 0}
b 0 31 1 
12 1 
21 1000 

RANKS: 1 -1 0 32 1
EVENT14: 1026 473ecc_47414c_4741cf_45fede_4592c8
COMP 51-0: 47b541_47b880_47b91f_45fdf8_4592c8 (32 10.91 17 9.00 24 14.00){0.00 0.00 0.00 0.00 4.00 0}{4.00 0.00 0.00 0.00 8.00 0}{8.00 9.00 10.84 12.00 12.00 31}{12.00 14.00 14.00 14.00 16.00 1}{16.00 0.00 0.00 0.00 20.00 0}
10 2 
21 1001 

RANKS: 1 -1 0 1 0
EVENT15: 1102 4810ba_481457_481550_45ae8b_460142_4592c8
COMP 51-0: 473ecc_47414c_4741cf_45fede_4592c8 (1 23.00 0 23.00 0 23.00){0.00 0.00 0.00 0.00 9.20 0}{9.20 0.00 0.00 0.00 18.40 0}{18.40 23.00 23.00 23.00 27.60 1}{27.60 0.00 0.00 0.00 36.80 0}{36.80 0.00 0.00 0.00 46.00 0}
COMP 51-1: 4810ba_481457_481550_45ae8b_460142_4592c8 (30 9.55 0 9.00 0 11.00){0.00 0.00 0.00 0.00 4.00 0}{4.00 0.00 0.00 0.00 8.00 0}{8.00 9.00 9.53 11.00 12.00 30}{12.00 0.00 0.00 0.00 16.00 0}{16.00 0.00 0.00 0.00 20.00 0}
LOOP0: iter: ( 31 )[ 1 -1 0 1 0 ] mem: ( 1 )[ 1 -1 0 1 0 ]
10 1000 
12 1024 
14 1 
1b 0 
2b 2147483647 

RANKS: 1 -1 1 31 1
EVENT16: 1113 485d8d_4860ce_4861a5_45afe1_460142_4592c8
COMP 51-0: 473ecc_47414c_4741cf_45fede_4592c8 (31 15.56 25 13.00 14 20.00){0.00 0.00 0.00 0.00 6.40 0}{6.40 0.00 0.00 0.00 12.80 0}{12.80 13.00 15.40 18.00 19.20 30}{19.20 20.00 20.00 20.00 25.60 1}{25.60 0.00 0.00 0.00 32.00 0}
10 1000 
12 1024 
14 1 
1a ( 31 )[ 1 -1 1 1 0 ]
1a ( 29 )[ 1 -1 3 1 0 ]
1a ( 25 )[ 1 -1 7 1 0 ]
1a ( 17 )[ 1 -1 15 1 0 ]
1a ( 1 )[ 1 -1 31 1 0 ]
1a ( 9 )[ 1 -1 23 1 0 ]
1a ( 21 )[ 1 -1 11 1 0 ]
1a ( 13 )[ 1 -1 19 1 0 ]
1a ( 5 )[ 1 -1 27 1 0 ]
1a ( 27 )[ 1 -1 5 1 0 ]
1a ( 23 )[ 1 -1 9 1 0 ]
1a ( 15 )[ 1 -1 17 1 0 ]
1a ( 7 )[ 1 -1 25 1 0 ]
1a ( 19 )[ 1 -1 13 1 0 ]
1a ( 11 )[ 1 -1 21 1 0 ]
1a ( 3 )[ 1 -1 29 1 0 ]
1a ( 30 )[ 1 -1 2 1 0 ]
1a ( 28 )[ 1 -1 4 1 0 ]
1a ( 24 )[ 1 -1 8 1 0 ]
1a ( 16 )[ 1 -1 16 1 0 ]
1a ( 8 )[ 1 -1 24 1 0 ]
1a ( 20 )[ 1 -1 12 1 0 ]
1a ( 12 )[ 1 -1 20 1 0 ]
1a ( 4 )[ 1 -1 28 1 0 ]
1a ( 26 )[ 1 -1 6 1 0 ]
1a ( 22 )[ 1 -1 10 1 0 ]
1a ( 14 )[ 1 -1 18 1 0 ]
1a ( 6 )[ 1 -1 26 1 0 ]
1a ( 18 )[ 1 -1 14 1 0 ]
1a ( 10 )[ 1 -1 22 1 0 ]
1a ( 2 )[ 1 -1 30 1 0 ]
1b 0 

RANKS: 1 -1 0 32 1
EVENT17: 1011 471052_47133e_4713fd_45b0e2_460142_4592c8
COMP 51-0: 4810ba_481457_481550_45ae8b_460142_4592c8 (1 10.00 0 10.00 0 10.00){0.00 0.00 0.00 0.00 4.00 0}{4.00 0.00 0.00 0.00 8.00 0}{8.00 10.00 10.00 10.00 12.00 1}{12.00 0.00 0.00 0.00 16.00 0}{16.00 0.00 0.00 0.00 20.00 0}
COMP 51-1: 485d8d_4860ce_4861a5_45afe1_460142_4592c8 (31 9.66 1 9.00 2 12.00){0.00 0.00 0.00 0.00 3.60 0}{3.60 0.00 0.00 0.00 7.20 0}{7.20 9.00 9.38 10.00 10.80 26}{10.80 11.00 11.20 12.00 14.40 5}{14.40 0.00 0.00 0.00 18.00 0}
10 1000 
12 1 
14 3 
19 0 

RANKS: 1 -1 0 1 0
EVENT18: 1169 4a4ea5_4a5137_4a51d4_45e063_4608cf_4592c8
COMP 51-0: 471052_47133e_4713fd_45b0e2_460142_4592c8 (1 16.00 0 16.00 0 16.00){0.00 0.00 0.00 0.00 6.40 0}{6.40 0.00 0.00 0.00 12.80 0}{12.80 16.00 16.00 16.00 19.20 1}{19.20 0.00 0.00 0.00 25.60 0}{25.60 0.00 0.00 0.00 32.00 0}
11 1 
12 10 
49 0 

RANKS: 1 -1 0 1 0
EVENT19: 1169 4a4ea5_4a5137_4a51d4_45e0c0_4608cf_4592c8
COMP 51-0: 4a4ea5_4a5137_4a51d4_45e063_4608cf_4592c8 (1 17.00 0 17.00 0 17.00){0.00 0.00 0.00 0.00 6.80 0}{6.80 0.00 0.00 0.00 13.60 0}{13.60 17.00 17.00 17.00 20.40 1}{20.40 0.00 0.00 0.00 27.20 0}{27.20 0.00 0.00 0.00 34.00 0}
11 1 
12 22 
49 0 

RANKS: 1 -1 0 1 0
EVENT20: 1169 4a4ea5_4a5137_4a51d4_45e106_4608cf_4592c8
COMP 51-0: 4a4ea5_4a5137_4a51d4_45e0c0_4608cf_4592c8 (1 9.00 0 9.00 0 9.00){0.00 0.00 0.00 0.00 3.60 0}{3.60 0.00 0.00 0.00 7.20 0}{7.20 9.00 9.00 9.00 10.80 1}{10.80 0.00 0.00 0.00 14.40 0}{14.40 0.00 0.00 0.00 18.00 0}
11 1 
12 18 
49 0 

RANKS: 1 -1 0 1 0
EVENT21: 1169 4a4ea5_4a5137_4a51d4_45e16f_4608cf_4592c8
COMP 51-0: 4a4ea5_4a5137_4a51d4_45e106_4608cf_4592c8 (1 9.00 0 9.00 0 9.00){0.00 0.00 0.00 0.00 3.60 0}{3.60 0.00 0.00 0.00 7.20 0}{7.20 9.00 9.00 9.00 10.80 1}{10.80 0.00 0.00 0.00 14.40 0}{14.40 0.00 0.00 0.00 18.00 0}
11 1 
12 12 
49 0 

RANKS: 1 -1 0 1 0
EVENT22: 1169 4a4ea5_4a5137_4a51d4_45e1f6_4608cf_4592c8
COMP 51-0: 4a4ea5_4a5137_4a51d4_45e16f_4608cf_4592c8 (1 18.00 0 18.00 0 18.00){0.00 0.00 0.00 0.00 7.20 0}{7.20 0.00 0.00 0.00 14.40 0}{14.40 18.00 18.00 18.00 21.60 1}{21.60 0.00 0.00 0.00 28.80 0}{28.80 0.00 0.00 0.00 36.00 0}
11 1 
12 21 
49 0 

RANKS: 1 -1 0 1 0
EVENT23: 1169 4a4ea5_4a5137_4a51d4_45e21f_4608cf_4592c8
COMP 51-0: 4a4ea5_4a5137_4a51d4_45e1f6_4608cf_4592c8 (1 9.00 0 9.00 0 9.00){0.00 0.00 0.00 0.00 3.60 0}{3.60 0.00 0.00 0.00 7.20 0}{7.20 9.00 9.00 9.00 10.80 1}{10.80 0.00 0.00 0.00 14.40 0}{14.40 0.00 0.00 0.00 18.00 0}
11 1 
12 20 
49 0 

RANKS: 1 -1 0 1 0
EVENT24: 1169 4a4ea5_4a5137_4a51d4_45e257_4608cf_4592c8
COMP 51-0: 4a4ea5_4a5137_4a51d4_45e21f_4608cf_4592c8 (1 9.00 0 9.00 0 9.00){0.00 0.00 0.00 0.00 3.60 0}{3.60 0.00 0.00 0.00 7.20 0}{7.20 9.00 9.00 9.00 10.80 1}{10.80 0.00 0.00 0.00 14.40 0}{14.40 0.00 0.00 0.00 18.00 0}
11 1 
12 21 
49 0 

RANKS: 1 -1 0 1 0
EVENT25: 1169 4a4ea5_4a5137_4a51d4_45e28e_4608cf_4592c8
COMP 51-0: 4a4ea5_4a5137_4a51d4_45e257_4608cf_4592c8 (1 8.00 0 8.00 0 8.00){0.00 0.00 0.00 0.00 3.20 0}{3.20 0.00 0.00 0.00 6.40 0}{6.40 8.00 8.00 8.00 9.60 1}{9.60 0.00 0.00 0.00 12.80 0}{12.80 0.00 0.00 0.00 16.00 0}
11 1 
12 18 
49 0 

RANKS: 1 -1 0 32 1
EVENT26: 1011 471052_47133e_4713fd_460ac3_4592c8
COMP 51-0: 471052_47133e_4713fd_45b0e2_460142_4592c8 (31 13.69 25 11.00 7 20.00){0.00 0.00 0.00 0.00 6.00 0}{6.00 11.00 11.89 12.00 12.00 9}{12.00 12.60 14.10 17.00 18.00 21}{18.00 20.00 20.00 20.00 24.00 1}{24.00 0.00 0.00 0.00 30.00 0}
COMP 51-1: 4a4ea5_4a5137_4a51d4_45e28e_4608cf_4592c8 (1 32.00 0 32.00 0 32.00){0.00 0.00 0.00 0.00 12.80 0}{12.80 0.00 0.00 0.00 25.60 0}{25.60 32.00 32.00 32.00 38.40 1}{38.40 0.00 0.00 0.00 51.20 0}{51.20 0.00 0.00 0.00 64.00 0}
10 1000 
12 1 
14 7 
19 0 

RANKS: 1 -1 0 32 1
EVENT27: 1010 470bed_470de3_470e43_460d4a_4592c8
COMP 51-0: 471052_47133e_4713fd_460ac3_4592c8 (32 357.85 24 14.00 0 5597.00){0.00 14.00 19.84 28.00 2238.80 31}{2238.80 0.00 0.00 0.00 4477.60 0}{4477.60 5597.00 5597.00 5597.00 6716.40 1}{6716.40 0.00 0.00 0.00 8955.20 0}{8955.20 0.00 0.00 0.00 11194.00 0}
10 1000 

RANKS: 1 -1 0 32 1
EVENT28: 1171 491686_491ab6_491b7b_46a744_46a481_460e5a_4592c8
COMP 51-0: 470bed_470de3_470e43_460d4a_4592c8 (32 29.58 31 25.00 30 39.00){0.00 0.00 0.00 0.00 10.80 0}{10.80 0.00 0.00 0.00 21.60 0}{21.60 25.00 28.71 31.00 32.40 28}{32.40 33.00 36.25 39.00 43.20 4}{43.20 0.00 0.00 0.00 54.00 0}
COMM 51-0: 470bed_470de3_470e43_460d4a_4592c8 (32 141094.52 24 139499.00 24 142755.00){0.00 0.00 0.00 0.00 56737.20 0}{56737.20 0.00 0.00 0.00 113474.40 0}{113474.40 139499.00 141071.12 142755.00 170211.60 32}{170211.60 0.00 0.00 0.00 226948.80 0}{226948.80 0.00 0.00 0.00 283686.00 0}
10 1000 
3a :/pvfs2/interleave.dat  
3b 41 
3c 1000 
52 160216 

RANKS: 1 -1 0 1 0
EVENT29: 1169 4a4ea5_4a5137_4a51d4_460f96_4592c8
COMP 51-0: 491686_491ab6_491b7b_46a744_46a481_460e5a_4592c8 (1 13.00 0 13.00 0 13.00){0.00 0.00 0.00 0.00 5.20 0}{5.20 0.00 0.00 0.00 10.40 0}{10.40 13.00 13.00 13.00 15.60 1}{15.60 0.00 0.00 0.00 20.80 0}{20.80 0.00 0.00 0.00 26.00 0}
11 1 
12 35 
49 0 

RANKS: 1 -1 0 32 1
EVENT30: 1176 493ca4_493fc8_4940a9_46b48b_465436_460ff4_4592c8
COMP 51-0: 491686_491ab6_491b7b_46a744_46a481_460e5a_4592c8 (31 228.91 8 203.00 8 248.00){0.00 0.00 0.00 0.00 98.80 0}{98.80 0.00 0.00 0.00 197.60 0}{197.60 203.00 228.32 248.00 296.40 31}{296.40 0.00 0.00 0.00 395.20 0}{395.20 0.00 0.00 0.00 494.00 0}
COMP 51-1: 493ca4_493fc8_4940a9_46b48b_465436_460ff4_4592c8 (480 39.62 0 13.00 20 460.00){0.00 0.00 0.00 0.00 10.40 0}{10.40 13.00 17.46 19.11 20.80 13}{20.80 22.67 22.75 26.00 26.00 51}{26.00 28.00 39.11 79.00 106.00 410}{106.00 149.00 270.00 460.00 784.00 6}
COMP 51-2: 4a4ea5_4a5137_4a51d4_460f96_4592c8 (1 233.00 0 233.00 0 233.00){0.00 0.00 0.00 0.00 93.20 0}{93.20 0.00 0.00 0.00 186.40 0}{186.40 233.00 233.00 233.00 279.60 1}{279.60 0.00 0.00 0.00 372.80 0}{372.80 0.00 0.00 0.00 466.00 0}
LOOP0: iter: ( 16 )[ 1 -1 0 32 1 ] mem: ( 1 )[ 1 -1 0 32 1 ]
12 131072 
14 12 
3c 1000 
3d ( 0 4194304 8388608 12582912 16777216 20971520 25165824 29360128 33554432 37748736 41943040 46137344 50331648 54525952 58720256 62914560 )[ 1 -1 0 1 0 ]
3d ( 131072 4325376 8519680 12713984 16908288 21102592 25296896 29491200 33685504 37879808 42074112 46268416 50462720 54657024 58851328 63045632 )[ 1 -1 1 1 0 ]
3d ( 393216 4587520 8781824 12976128 17170432 21364736 25559040 29753344 33947648 38141952 42336256 46530560 50724864 54919168 59113472 63307776 )[ 1 -1 3 1 0 ]
3d ( 917504 5111808 9306112 13500416 17694720 21889024 26083328 30277632 34471936 38666240 42860544 47054848 51249152 55443456 59637760 63832064 )[ 1 -1 7 1 0 ]
3d ( 1966080 6160384 10354688 14548992 18743296 22937600 27131904 31326208 35520512 39714816 43909120 48103424 52297728 56492032 60686336 64880640 )[ 1 -1 15 1 0 ]
3d ( 4063232 8257536 12451840 16646144 20840448 25034752 29229056 33423360 37617664 41811968 46006272 50200576 54394880 58589184 62783488 66977792 )[ 1 -1 31 1 0 ]
3d ( 3014656 7208960 11403264 15597568 19791872 23986176 28180480 32374784 36569088 40763392 44957696 49152000 53346304 57540608 61734912 65929216 )[ 1 -1 23 1 0 ]
3d ( 1441792 5636096 9830400 14024704 18219008 22413312 26607616 30801920 34996224 39190528 43384832 47579136 51773440 55967744 60162048 64356352 )[ 1 -1 11 1 0 ]
3d ( 2490368 6684672 10878976 15073280 19267584 23461888 27656192 31850496 36044800 40239104 44433408 48627712 52822016 57016320 61210624 65404928 )[ 1 -1 19 1 0 ]
3d ( 3538944 7733248 11927552 16121856 20316160 24510464 28704768 32899072 37093376 41287680 45481984 49676288 53870592 58064896 62259200 66453504 )[ 1 -1 27 1 0 ]
3d ( 655360 4849664 9043968 13238272 17432576 21626880 25821184 30015488 34209792 38404096 42598400 46792704 50987008 55181312 59375616 63569920 )[ 1 -1 5 1 0 ]
3d ( 1179648 5373952 9568256 13762560 17956864 22151168 26345472 30539776 34734080 38928384 43122688 47316992 51511296 55705600 59899904 64094208 )[ 1 -1 9 1 0 ]
3d ( 2228224 6422528 10616832 14811136 19005440 23199744 27394048 31588352 35782656 39976960 44171264 48365568 52559872 56754176 60948480 65142784 )[ 1 -1 17 1 0 ]
3d ( 3276800 7471104 11665408 15859712 20054016 24248320 28442624 32636928 36831232 41025536 45219840 49414144 53608448 57802752 61997056 66191360 )[ 1 -1 25 1 0 ]
3d ( 1703936 5898240 10092544 14286848 18481152 22675456 26869760 31064064 35258368 39452672 43646976 47841280 52035584 56229888 60424192 64618496 )[ 1 -1 13 1 0 ]
3d ( 2752512 6946816 11141120 15335424 19529728 23724032 27918336 32112640 36306944 40501248 44695552 48889856 53084160 57278464 61472768 65667072 )[ 1 -1 21 1 0 ]
3d ( 3801088 7995392 12189696 16384000 20578304 24772608 28966912 33161216 37355520 41549824 45744128 49938432 54132736 58327040 62521344 66715648 )[ 1 -1 29 1 0 ]
3d ( 262144 4456448 8650752 12845056 17039360 21233664 25427968 29622272 33816576 38010880 42205184 46399488 50593792 54788096 58982400 63176704 )[ 1 -1 2 1 0 ]
3d ( 524288 4718592 8912896 13107200 17301504 21495808 25690112 29884416 34078720 38273024 42467328 46661632 50855936 55050240 59244544 63438848 )[ 1 -1 4 1 0 ]
3d ( 1048576 5242880 9437184 13631488 17825792 22020096 26214400 30408704 34603008 38797312 42991616 47185920 51380224 55574528 59768832 63963136 )[ 1 -1 8 1 0 ]
3d ( 2097152 6291456 10485760 14680064 18874368 23068672 27262976 31457280 35651584 39845888 44040192 48234496 52428800 56623104 60817408 65011712 )[ 1 -1 16 1 0 ]
3d ( 3145728 7340032 11534336 15728640 19922944 24117248 28311552 32505856 36700160 40894464 45088768 49283072 53477376 57671680 61865984 66060288 )[ 1 -1 24 1 0 ]
3d ( 1572864 5767168 9961472 14155776 18350080 22544384 26738688 30932992 35127296 39321600 43515904 47710208 51904512 56098816 60293120 64487424 )[ 1 -1 12 1 0 ]
3d ( 2621440 6815744 11010048 15204352 19398656 23592960 27787264 31981568 36175872 40370176 44564480 48758784 52953088 57147392 61341696 65536000 )[ 1 -1 20 1 0 ]
3d ( 3670016 7864320 12058624 16252928 20447232 24641536 28835840 33030144 37224448 41418752 45613056 49807360 54001664 58195968 62390272 66584576 )[ 1 -1 28 1 0 ]
3d ( 786432 4980736 9175040 13369344 17563648 21757952 25952256 30146560 34340864 38535168 42729472 46923776 51118080 55312384 59506688 63700992 )[ 1 -1 6 1 0 ]
3d ( 1310720 5505024 9699328 13893632 18087936 22282240 26476544 30670848 34865152 39059456 43253760 47448064 51642368 55836672 60030976 64225280 )[ 1 -1 10 1 0 ]
3d ( 2359296 6553600 10747904 14942208 19136512 23330816 27525120 31719424 35913728 40108032 44302336 48496640 52690944 56885248 61079552 65273856 )[ 1 -1 18 1 0 ]
3d ( 3407872 7602176 11796480 15990784 20185088 24379392 28573696 32768000 36962304 41156608 45350912 49545216 53739520 57933824 62128128 66322432 )[ 1 -1 26 1 0 ]
3d ( 1835008 6029312 10223616 14417920 18612224 22806528 27000832 31195136 35389440 39583744 43778048 47972352 52166656 56360960 60555264 64749568 )[ 1 -1 14 1 0 ]
3d ( 2883584 7077888 11272192 15466496 19660800 23855104 28049408 32243712 36438016 40632320 44826624 49020928 53215232 57409536 61603840 65798144 )[ 1 -1 22 1 0 ]
3d ( 3932160 8126464 12320768 16515072 20709376 24903680 29097984 33292288 37486592 41680896 45875200 50069504 54263808 58458112 62652416 66846720 )[ 1 -1 30 1 0 ]

RANKS: 1 -1 0 32 1
EVENT31: 1183 496b2e_496d6d_496dcd_46b6dc_461140_4592c8
COMP 51-0: 493ca4_493fc8_4940a9_46b48b_465436_460ff4_4592c8 (32 132.42 26 73.00 1 182.00){0.00 0.00 0.00 0.00 50.40 0}{50.40 73.00 77.50 82.00 100.80 2}{100.80 101.00 128.88 151.00 151.20 25}{151.20 164.00 173.40 182.00 201.60 5}{201.60 0.00 0.00 0.00 252.00 0}
3c 1000 
52 809240 

RANKS: 1 -1 0 32 1
EVENT32: 1010 470bed_470de3_470e43_4612a4_4592c8
COMP 51-0: 496b2e_496d6d_496dcd_46b6dc_461140_4592c8 (32 24.55 26 14.00 14 53.00){0.00 0.00 0.00 0.00 9.60 0}{9.60 14.00 14.50 15.00 19.20 4}{19.20 23.00 25.00 28.00 38.40 27}{38.40 0.00 0.00 0.00 48.00 0}{48.00 53.00 53.00 53.00 58.00 1}
10 1000 

RANKS: 1 -1 0 32 1
EVENT33: 1171 491686_491ab6_491b7b_46be3a_461465_4592c8
COMP 51-0: 470bed_470de3_470e43_4612a4_4592c8 (32 29.94 26 16.00 20 51.00){0.00 0.00 0.00 0.00 11.20 0}{11.20 16.00 16.00 16.00 22.40 1}{22.40 27.00 29.18 32.00 33.60 28}{33.60 37.00 38.00 39.00 44.80 2}{44.80 51.00 51.00 51.00 56.00 1}
COMM 51-0: 470bed_470de3_470e43_4612a4_4592c8 (32 27489.73 16 25896.00 16 28985.00){0.00 0.00 0.00 0.00 11304.40 0}{11304.40 0.00 0.00 0.00 22608.80 0}{22608.80 25896.00 27465.62 28985.00 33913.20 32}{33913.20 0.00 0.00 0.00 45217.60 0}{45217.60 0.00 0.00 0.00 56522.00 0}
10 1000 
3a :/pvfs2/interleave.dat  
3b 2 
3c 1001 
52 41073 

RANKS: 1 -1 0 32 1
EVENT34: 1183 496b2e_496d6d_496dcd_46bfdd_461465_4592c8
COMP 51-0: 491686_491ab6_491b7b_46be3a_461465_4592c8 (32 1638.15 13 843.00 21 3230.00){0.00 843.00 843.00 843.00 886.40 1}{886.40 940.00 1506.27 1760.32 1772.80 26}{1772.80 1909.00 2151.75 2573.00 2659.20 4}{2659.20 3230.00 3230.00 3230.00 3545.60 1}{3545.60 0.00 0.00 0.00 4432.00 0}
3c 1001 
52 1628 

RANKS: 1 -1 0 32 1
EVENT35: 1004 46e310_46e630_46e710_46c1e0_461465_4592c8
COMP 51-0: 496b2e_496d6d_496dcd_46bfdd_461465_4592c8 (32 38.61 14 12.00 25 175.00){0.00 12.00 12.00 12.00 13.20 2}{13.20 14.00 14.00 14.00 26.40 2}{26.40 29.00 33.69 38.00 52.80 26}{52.80 0.00 0.00 0.00 66.00 0}{66.00 138.00 156.50 175.00 284.00 2}
10 1000 
12 1 
14 38 
18 2 

RANKS: 1 -1 0 32 1
EVENT36: 1004 46e310_46e630_46e710_46c2e0_461465_4592c8
COMP 51-0: 46e310_46e630_46e710_46c1e0_461465_4592c8 (32 15.52 7 10.00 19 27.00){0.00 10.00 10.00 10.00 10.40 3}{10.40 10.64 10.85 12.00 20.80 20}{20.80 26.00 26.56 27.00 31.20 9}{31.20 0.00 0.00 0.00 41.60 0}{41.60 0.00 0.00 0.00 52.00 0}
10 1000 
12 1 
14 38 
18 1 

RANKS: 1 -1 0 32 1
EVENT37: 1004 46e310_46e630_46e710_459de7_46147b_4592c8
COMP 51-0: 46e310_46e630_46e710_46c2e0_461465_4592c8 (32 15.91 3 10.00 19 35.00){0.00 10.00 10.00 10.00 10.40 2}{10.40 10.82 11.00 12.00 20.80 21}{20.80 25.00 26.62 28.00 31.20 8}{31.20 35.00 35.00 35.00 41.60 1}{41.60 0.00 0.00 0.00 52.00 0}
10 1000 
12 1 
14 38 
18 3 

RANKS: 1 -1 0 32 1
EVENT38: 1104 48214b_4824b0_4825ae_45d3dc_4614bc_4592c8
COMP 51-0: 46e310_46e630_46e710_459de7_46147b_4592c8 (32 22.73 15 15.00 8 46.00){0.00 0.00 0.00 0.00 11.60 0}{11.60 15.00 17.21 22.00 23.20 24}{23.20 29.00 29.00 29.00 34.80 1}{34.80 35.00 39.86 46.00 46.40 7}{46.40 0.00 0.00 0.00 58.00 0}
COMP 51-1: 48214b_4824b0_4825ae_45d3dc_4614bc_4592c8 (352 14.08 5 8.00 20 33.00){0.00 8.00 8.62 9.00 10.00 4}{10.00 10.13 10.21 18.00 20.00 260}{20.00 22.00 25.53 28.00 30.00 87}{30.00 33.00 33.00 33.00 40.00 1}{40.00 0.00 0.00 0.00 50.00 0}
LOOP0: iter: ( 12 )[ 1 -1 0 32 1 ] mem: ( 1 )[ 1 -1 0 32 1 ]
10 1000 
12 1 
14 10 
18 2 1 
19 0 

RANKS: 1 -1 0 32 1
EVENT39: 1010 470bed_470de3_470e43_461d7f_4592c8
COMP 51-0: 48214b_4824b0_4825ae_45d3dc_4614bc_4592c8 (32 17.58 11 11.00 2 33.00){0.00 11.00 11.00 11.00 11.60 2}{11.60 12.00 13.09 15.00 23.20 22}{23.20 28.00 30.12 33.00 34.80 8}{34.80 0.00 0.00 0.00 46.40 0}{46.40 0.00 0.00 0.00 58.00 0}
10 1000 

RANKS: 1 -1 0 32 1
EVENT40: 1171 491686_491ab6_491b7b_46a744_461e8f_4592c8
COMP 51-0: 470bed_470de3_470e43_461d7f_4592c8 (32 23.45 15 15.00 19 44.00){0.00 15.00 15.00 15.00 15.60 1}{15.60 16.00 17.39 20.00 31.20 23}{31.20 38.00 40.00 44.00 46.80 8}{46.80 0.00 0.00 0.00 62.40 0}{62.40 0.00 0.00 0.00 78.00 0}
COMM 51-0: 470bed_470de3_470e43_461d7f_4592c8 (32 26459.15 20 25625.00 23 27677.00){0.00 0.00 0.00 0.00 10701.60 0}{10701.60 0.00 0.00 0.00 21403.20 0}{21403.20 25625.00 26449.94 27677.00 32104.80 32}{32104.80 0.00 0.00 0.00 42806.40 0}{42806.40 0.00 0.00 0.00 53508.00 0}
10 1000 
3a :/pvfs2/interleave.dat  
3b 41 
3c 1002 
52 38399 

RANKS: 1 -1 0 1 0
EVENT41: 1169 4a4ea5_4a5137_4a51d4_462003_4592c8
COMP 51-0: 491686_491ab6_491b7b_46a744_461e8f_4592c8 (1 19.00 0 19.00 0 19.00){0.00 0.00 0.00 0.00 7.60 0}{7.60 0.00 0.00 0.00 15.20 0}{15.20 19.00 19.00 19.00 22.80 1}{22.80 0.00 0.00 0.00 30.40 0}{30.40 0.00 0.00 0.00 38.00 0}
11 1 
12 34 
49 0 

RANKS: 1 -1 0 32 1
EVENT42: 1180 495934_495c58_495d39_46b48b_46551c_462061_4592c8
COMP 51-0: 491686_491ab6_491b7b_46a744_461e8f_4592c8 (31 349.72 11 207.00 3 734.00){0.00 0.00 0.00 0.00 99.60 0}{99.60 0.00 0.00 0.00 199.20 0}{199.20 207.00 238.05 314.00 498.00 20}{498.00 499.00 523.75 538.00 538.00 8}{538.00 569.00 663.67 734.00 930.00 3}
COMP 51-1: 495934_495c58_495d39_46b48b_46551c_462061_4592c8 (480 30.11 22 12.00 12 146.00){0.00 12.00 16.56 28.00 30.00 225}{30.00 31.00 40.82 47.35 50.00 249}{50.00 69.00 76.33 83.00 88.00 3}{88.00 96.00 101.00 106.00 124.00 2}{124.00 146.00 146.00 146.00 168.00 1}
COMP 51-2: 4a4ea5_4a5137_4a51d4_462003_4592c8 (1 257.00 0 257.00 0 257.00){0.00 0.00 0.00 0.00 102.80 0}{102.80 0.00 0.00 0.00 205.60 0}{205.60 257.00 257.00 257.00 308.40 1}{308.40 0.00 0.00 0.00 411.20 0}{411.20 0.00 0.00 0.00 514.00 0}
LOOP0: iter: ( 16 )[ 1 -1 0 32 1 ] mem: ( 1 )[ 1 -1 0 32 1 ]
12 131072 
14 12 
3c 1002 
3d ( 0 4194304 8388608 12582912 16777216 20971520 25165824 29360128 33554432 37748736 41943040 46137344 50331648 54525952 58720256 62914560 )[ 1 -1 0 1 0 ]
3d ( 131072 4325376 8519680 12713984 16908288 21102592 25296896 29491200 33685504 37879808 42074112 46268416 50462720 54657024 58851328 63045632 )[ 1 -1 1 1 0 ]
3d ( 393216 4587520 8781824 12976128 17170432 21364736 25559040 29753344 33947648 38141952 42336256 46530560 50724864 54919168 59113472 63307776 )[ 1 -1 3 1 0 ]
3d ( 917504 5111808 9306112 13500416 17694720 21889024 26083328 30277632 34471936 38666240 42860544 47054848 51249152 55443456 59637760 63832064 )[ 1 -1 7 1 0 ]
3d ( 1966080 6160384 10354688 14548992 18743296 22937600 27131904 31326208 35520512 39714816 43909120 48103424 52297728 56492032 60686336 64880640 )[ 1 -1 15 1 0 ]
3d ( 4063232 8257536 12451840 16646144 20840448 25034752 29229056 33423360 37617664 41811968 46006272 50200576 54394880 58589184 62783488 66977792 )[ 1 -1 31 1 0 ]
3d ( 3014656 7208960 11403264 15597568 19791872 23986176 28180480 32374784 36569088 40763392 44957696 49152000 53346304 57540608 61734912 65929216 )[ 1 -1 23 1 0 ]
3d ( 1441792 5636096 9830400 14024704 18219008 22413312 26607616 30801920 34996224 39190528 43384832 47579136 51773440 55967744 60162048 64356352 )[ 1 -1 11 1 0 ]
3d ( 2490368 6684672 10878976 15073280 19267584 23461888 27656192 31850496 36044800 40239104 44433408 48627712 52822016 57016320 61210624 65404928 )[ 1 -1 19 1 0 ]
3d ( 3538944 7733248 11927552 16121856 20316160 24510464 28704768 32899072 37093376 41287680 45481984 49676288 53870592 58064896 62259200 66453504 )[ 1 -1 27 1 0 ]
3d ( 655360 4849664 9043968 13238272 17432576 21626880 25821184 30015488 34209792 38404096 42598400 46792704 50987008 55181312 59375616 63569920 )[ 1 -1 5 1 0 ]
3d ( 1179648 5373952 9568256 13762560 17956864 22151168 26345472 30539776 34734080 38928384 43122688 47316992 51511296 55705600 59899904 64094208 )[ 1 -1 9 1 0 ]
3d ( 2228224 6422528 10616832 14811136 19005440 23199744 27394048 31588352 35782656 39976960 44171264 48365568 52559872 56754176 60948480 65142784 )[ 1 -1 17 1 0 ]
3d ( 3276800 7471104 11665408 15859712 20054016 24248320 28442624 32636928 36831232 41025536 45219840 49414144 53608448 57802752 61997056 66191360 )[ 1 -1 25 1 0 ]
3d ( 1703936 5898240 10092544 14286848 18481152 22675456 26869760 31064064 35258368 39452672 43646976 47841280 52035584 56229888 60424192 64618496 )[ 1 -1 13 1 0 ]
3d ( 2752512 6946816 11141120 15335424 19529728 23724032 27918336 32112640 36306944 40501248 44695552 48889856 53084160 57278464 61472768 65667072 )[ 1 -1 21 1 0 ]
3d ( 3801088 7995392 12189696 16384000 20578304 24772608 28966912 33161216 37355520 41549824 45744128 49938432 54132736 58327040 62521344 66715648 )[ 1 -1 29 1 0 ]
3d ( 262144 4456448 8650752 12845056 17039360 21233664 25427968 29622272 33816576 38010880 42205184 46399488 50593792 54788096 58982400 63176704 )[ 1 -1 2 1 0 ]
3d ( 524288 4718592 8912896 13107200 17301504 21495808 25690112 29884416 34078720 38273024 42467328 46661632 50855936 55050240 59244544 63438848 )[ 1 -1 4 1 0 ]
3d ( 1048576 5242880 9437184 13631488 17825792 22020096 26214400 30408704 34603008 38797312 42991616 47185920 51380224 55574528 59768832 63963136 )[ 1 -1 8 1 0 ]
3d ( 2097152 6291456 10485760 14680064 18874368 23068672 27262976 31457280 35651584 39845888 44040192 48234496 52428800 56623104 60817408 65011712 )[ 1 -1 16 1 0 ]
3d ( 3145728 7340032 11534336 15728640 19922944 24117248 28311552 32505856 36700160 40894464 45088768 49283072 53477376 57671680 61865984 66060288 )[ 1 -1 24 1 0 ]
3d ( 1572864 5767168 9961472 14155776 18350080 22544384 26738688 30932992 35127296 39321600 43515904 47710208 51904512 56098816 60293120 64487424 )[ 1 -1 12 1 0 ]
3d ( 2621440 6815744 11010048 15204352 19398656 23592960 27787264 31981568 36175872 40370176 44564480 48758784 52953088 57147392 61341696 65536000 )[ 1 -1 20 1 0 ]
3d ( 3670016 7864320 12058624 16252928 20447232 24641536 28835840 33030144 37224448 41418752 45613056 49807360 54001664 58195968 62390272 66584576 )[ 1 -1 28 1 0 ]
3d ( 786432 4980736 9175040 13369344 17563648 21757952 25952256 30146560 34340864 38535168 42729472 46923776 51118080 55312384 59506688 63700992 )[ 1 -1 6 1 0 ]
3d ( 1310720 5505024 9699328 13893632 18087936 22282240 26476544 30670848 34865152 39059456 43253760 47448064 51642368 55836672 60030976 64225280 )[ 1 -1 10 1 0 ]
3d ( 2359296 6553600 10747904 14942208 19136512 23330816 27525120 31719424 35913728 40108032 44302336 48496640 52690944 56885248 61079552 65273856 )[ 1 -1 18 1 0 ]
3d ( 3407872 7602176 11796480 15990784 20185088 24379392 28573696 32768000 36962304 41156608 45350912 49545216 53739520 57933824 62128128 66322432 )[ 1 -1 26 1 0 ]
3d ( 1835008 6029312 10223616 14417920 18612224 22806528 27000832 31195136 35389440 39583744 43778048 47972352 52166656 56360960 60555264 64749568 )[ 1 -1 14 1 0 ]
3d ( 2883584 7077888 11272192 15466496 19660800 23855104 28049408 32243712 36438016 40632320 44826624 49020928 53215232 57409536 61603840 65798144 )[ 1 -1 22 1 0 ]
3d ( 3932160 8126464 12320768 16515072 20709376 24903680 29097984 33292288 37486592 41680896 45875200 50069504 54263808 58458112 62652416 66846720 )[ 1 -1 30 1 0 ]

RANKS: 1 -1 0 32 1
EVENT43: 1183 496b2e_496d6d_496dcd_46b6dc_4621ad_4592c8
COMP 51-0: 495934_495c58_495d39_46b48b_46551c_462061_4592c8 (32 101.21 28 50.00 13 263.00){0.00 50.00 50.00 50.00 50.80 1}{50.80 51.00 64.50 93.00 101.60 16}{101.60 110.00 120.55 129.00 152.40 11}{152.40 172.00 180.67 193.00 254.00 3}{254.00 263.00 263.00 263.00 272.00 1}
3c 1002 
52 22028829 

RANKS: 1 -1 0 32 1
EVENT44: 1171 491686_491ab6_491b7b_46be3a_462211_4592c8
COMP 51-0: 496b2e_496d6d_496dcd_46b6dc_4621ad_4592c8 (32 22.61 11 10.00 21 73.00){0.00 10.00 11.07 11.44 11.60 14}{11.60 12.00 17.50 23.00 23.20 2}{23.20 27.33 28.08 29.00 34.80 13}{34.80 43.00 44.50 46.00 58.00 2}{58.00 73.00 73.00 73.00 88.00 1}
COMM 51-0: 496b2e_496d6d_496dcd_46b6dc_4621ad_4592c8 (32 496465.55 14 30297.00 5 822997.00){0.00 30297.00 200877.91 229965.00 247698.00 11}{247698.00 430916.00 430916.00 430916.00 495396.00 1}{495396.00 587497.00 614656.12 622289.00 743094.00 16}{743094.00 821695.00 822261.75 822997.00 990792.00 4}{990792.00 0.00 0.00 0.00 1238490.00 0}
10 1000 
3a :/pvfs2/interleave.dat  
3b 2 
3c 1003 
52 492739 

RANKS: 1 -1 0 32 1
EVENT45: 1183 496b2e_496d6d_496dcd_46bfdd_462211_4592c8
COMP 51-0: 491686_491ab6_491b7b_46be3a_462211_4592c8 (32 2185.36 27 1055.00 0 3247.00){0.00 1055.00 1055.00 1055.00 1298.80 1}{1298.80 1469.80 2123.07 2460.08 2597.60 29}{2597.60 2999.00 3123.00 3247.00 3896.40 2}{3896.40 0.00 0.00 0.00 5195.20 0}{5195.20 0.00 0.00 0.00 6494.00 0}
3c 1003 
52 2229 

RANKS: 1 -1 0 32 1
EVENT46: 1004 46e310_46e630_46e710_46c1e0_462211_4592c8
COMP 51-0: 496b2e_496d6d_496dcd_46bfdd_462211_4592c8 (32 19.33 6 13.00 7 26.00){0.00 0.00 0.00 0.00 5.60 0}{5.60 0.00 0.00 0.00 11.20 0}{11.20 13.00 14.50 16.50 16.80 6}{16.80 18.00 20.44 22.00 22.40 25}{22.40 26.00 26.00 26.00 28.00 1}
10 1000 
12 1 
14 38 
18 2 

RANKS: 1 -1 0 32 1
EVENT47: 1004 46e310_46e630_46e710_46c2e0_462211_4592c8
COMP 51-0: 46e310_46e630_46e710_46c1e0_462211_4592c8 (32 19.42 27 14.00 7 24.00){0.00 0.00 0.00 0.00 6.00 0}{6.00 0.00 0.00 0.00 12.00 0}{12.00 14.00 15.14 18.00 18.00 7}{18.00 20.25 20.80 24.00 24.00 25}{24.00 0.00 0.00 0.00 30.00 0}
10 1000 
12 1 
14 38 
18 1 

RANKS: 1 -1 0 32 1
EVENT48: 1004 46e310_46e630_46e710_459de7_462227_4592c8
COMP 51-0: 46e310_46e630_46e710_46c2e0_462211_4592c8 (32 20.00 0 14.00 7 33.00){0.00 0.00 0.00 0.00 11.20 0}{11.20 14.00 14.00 14.00 16.80 4}{16.80 17.80 20.16 22.00 22.40 25}{22.40 25.00 26.50 28.00 28.00 2}{28.00 33.00 33.00 33.00 38.00 1}
10 1000 
12 1 
14 38 
18 3 

RANKS: 1 -1 0 32 1
EVENT49: 1104 48214b_4824b0_4825ae_45d3dc_462268_4592c8
COMP 51-0: 46e310_46e630_46e710_459de7_462227_4592c8 (32 20.79 6 14.00 25 26.00){0.00 0.00 0.00 0.00 6.40 0}{6.40 0.00 0.00 0.00 12.80 0}{12.80 14.00 15.40 17.00 19.20 5}{19.20 20.65 21.81 25.00 25.60 26}{25.60 26.00 26.00 26.00 32.00 1}
COMP 51-1: 48214b_4824b0_4825ae_45d3dc_462268_4592c8 (352 19.25 27 12.00 6 74.00){0.00 0.00 0.00 0.00 10.40 0}{10.40 12.00 13.10 14.00 15.60 15}{15.60 17.00 19.13 26.00 26.00 328}{26.00 27.25 29.62 36.00 46.00 8}{46.00 74.00 74.00 74.00 102.00 1}
LOOP0: iter: ( 12 )[ 1 -1 0 32 1 ] mem: ( 1 )[ 1 -1 0 32 1 ]
10 1000 
12 1 
14 10 
18 2 1 
19 0 

RANKS: 1 -1 0 32 1
EVENT50: 1010 470bed_470de3_470e43_462676_4592c8
COMP 51-0: 48214b_4824b0_4825ae_45d3dc_462268_4592c8 (32 18.85 6 13.00 7 25.00){0.00 0.00 0.00 0.00 5.60 0}{5.60 0.00 0.00 0.00 11.20 0}{11.20 13.00 14.71 16.00 16.80 7}{16.80 17.00 20.00 22.00 22.40 24}{22.40 25.00 25.00 25.00 28.00 1}
10 1000 

RANKS: 1 -1 0 1 0
EVENT51: 1184 497051_4972e3_497353_46b9a3_45db5e_462786_4592c8
COMP 51-0: 470bed_470de3_470e43_462676_4592c8 (1 2512.00 0 2512.00 0 2512.00){0.00 0.00 0.00 0.00 1004.80 0}{1004.80 0.00 0.00 0.00 2009.60 0}{2009.60 2512.00 2512.00 2512.00 3014.40 1}{3014.40 0.00 0.00 0.00 4019.20 0}{4019.20 0.00 0.00 0.00 5024.00 0}
3a :/pvfs2/interleave.dat  

RANKS: 1 -1 0 32 1
EVENT52: 1010 470bed_470de3_470e43_4627a3_4592c8
COMP 51-0: 470bed_470de3_470e43_462676_4592c8 (31 18.19 29 13.00 7 22.00){0.00 0.00 0.00 0.00 6.80 0}{6.80 13.00 13.00 13.00 13.60 2}{13.60 14.00 18.37 20.00 20.40 27}{20.40 21.00 21.50 22.00 27.20 2}{27.20 0.00 0.00 0.00 34.00 0}
COMP 51-1: 497051_4972e3_497353_46b9a3_45db5e_462786_4592c8 (1 14.00 0 14.00 0 14.00){0.00 0.00 0.00 0.00 5.60 0}{5.60 0.00 0.00 0.00 11.20 0}{11.20 14.00 14.00 14.00 16.80 1}{16.80 0.00 0.00 0.00 22.40 0}{22.40 0.00 0.00 0.00 28.00 0}
10 1000 

RANKS: 1 -1 0 1 0
EVENT53: 1169 4a4ea5_4a5137_4a51d4_45f333_4628d3_4592c8
COMP 51-0: 470bed_470de3_470e43_4627a3_4592c8 (1 30.00 0 30.00 0 30.00){0.00 0.00 0.00 0.00 12.00 0}{12.00 0.00 0.00 0.00 24.00 0}{24.00 30.00 30.00 30.00 36.00 1}{36.00 0.00 0.00 0.00 48.00 0}{48.00 0.00 0.00 0.00 60.00 0}
11 1 
12 109 
49 0 

RANKS: 1 -1 0 1 0
EVENT54: 1169 4a4ea5_4a5137_4a51d4_45f358_4628d3_4592c8
COMP 51-0: 4a4ea5_4a5137_4a51d4_45f333_4628d3_4592c8 (1 8.00 0 8.00 0 8.00){0.00 0.00 0.00 0.00 3.20 0}{3.20 0.00 0.00 0.00 6.40 0}{6.40 8.00 8.00 8.00 9.60 1}{9.60 0.00 0.00 0.00 12.80 0}{12.80 0.00 0.00 0.00 16.00 0}
11 1 
12 87 
49 0 

RANKS: 1 -1 0 1 0
EVENT55: 1169 4a4ea5_4a5137_4a51d4_45f384_4628d3_4592c8
COMP 51-0: 4a4ea5_4a5137_4a51d4_45f358_4628d3_4592c8 (1 12.00 0 12.00 0 12.00){0.00 0.00 0.00 0.00 4.80 0}{4.80 0.00 0.00 0.00 9.60 0}{9.60 12.00 12.00 12.00 14.40 1}{14.40 0.00 0.00 0.00 19.20 0}{19.20 0.00 0.00 0.00 24.00 0}
11 1 
12 108 
49 0 

RANKS: 1 -1 0 1 0
EVENT56: 1169 4a4ea5_4a5137_4a51d4_45f764_4628d3_4592c8
COMP 51-0: 4a4ea5_4a5137_4a51d4_45f384_4628d3_4592c8 (1 32.00 0 32.00 0 32.00){0.00 0.00 0.00 0.00 12.80 0}{12.80 0.00 0.00 0.00 25.60 0}{25.60 32.00 32.00 32.00 38.40 1}{38.40 0.00 0.00 0.00 51.20 0}{51.20 0.00 0.00 0.00 64.00 0}
11 1 
12 6 
49 0 

RANKS: 1 -1 0 1 0
EVENT57: 1169 4a4ea5_4a5137_4a51d4_45fb4a_4628d3_4592c8
COMP 51-0: 4a4ea5_4a5137_4a51d4_45f764_4628d3_4592c8 (1 20.00 0 20.00 0 20.00){0.00 0.00 0.00 0.00 8.00 0}{8.00 0.00 0.00 0.00 16.00 0}{16.00 20.00 20.00 20.00 24.00 1}{24.00 0.00 0.00 0.00 32.00 0}{32.00 0.00 0.00 0.00 40.00 0}
11 1 
12 6 
49 0 

RANKS: 1 -1 0 32 1
EVENT58: 1028 474931_474af2_474b52_4628dd_4592c8
COMP 51-0: 470bed_470de3_470e43_4627a3_4592c8 (31 110.41 22 32.00 8 356.00){0.00 0.00 0.00 0.00 20.40 0}{20.40 32.00 54.58 100.00 102.00 19}{102.00 107.00 120.67 133.00 164.00 6}{164.00 219.00 254.00 275.00 276.00 4}{276.00 349.00 352.50 356.00 422.00 2}
COMP 51-1: 4a4ea5_4a5137_4a51d4_45fb4a_4628d3_4592c8 (1 25.00 0 25.00 0 25.00){0.00 0.00 0.00 0.00 10.00 0}{10.00 0.00 0.00 0.00 20.00 0}{20.00 25.00 25.00 25.00 30.00 1}{30.00 0.00 0.00 0.00 40.00 0}{40.00 0.00 0.00 0.00 50.00 0}
10 1000 

RANKS: 1 -1 0 32 1
EVENT59: 1010 470bed_470de3_470e43_462a58_4592c8
COMP 51-0: 474931_474af2_474b52_4628dd_4592c8 (32 10.79 3 10.00 8 14.00){0.00 0.00 0.00 0.00 4.80 0}{4.80 0.00 0.00 0.00 9.60 0}{9.60 10.00 10.75 14.00 14.40 32}{14.40 0.00 0.00 0.00 19.20 0}{19.20 0.00 0.00 0.00 24.00 0}
10 2 

RANKS: 1 -1 0 32 1
EVENT60: 1045 476acc_476b3d_476b81_4593a5
COMP 51-0: 470bed_470de3_470e43_462a58_4592c8 (32 575.06 10 108.00 17 1533.00){0.00 108.00 205.67 220.20 259.20 12}{259.20 280.00 325.86 369.00 518.40 7}{518.40 541.00 610.25 684.00 1036.80 4}{1036.80 1142.00 1187.00 1259.00 1296.00 7}{1296.00 1297.00 1415.00 1533.00 1770.00 2}
52 100915 

