RANKS: 1 -1 0 8 1
EVENT0: 1084 47cb68_47cc13_47cc5f_458f9f
33 2 
34 0 

RANKS: 1 -1 0 1 0
EVENT1: 1102 4810ba_481457_481550_45ae8b_45db7f_459218
COMP 51-0: 47cb68_47cc13_47cc5f_458f9f (1 43.00 0 43.00 0 43.00){0.00 0.00 0.00 0.00 17.20 0}{17.20 0.00 0.00 0.00 34.40 0}{34.40 43.00 43.00 43.00 51.60 1}{51.60 0.00 0.00 0.00 68.80 0}{68.80 0.00 0.00 0.00 86.00 0}
COMP 51-1: 4810ba_481457_481550_45ae8b_45db7f_459218 (6 12.43 0 10.00 0 15.00){0.00 0.00 0.00 0.00 6.00 0}{6.00 10.00 11.00 12.00 12.00 4}{12.00 13.00 14.00 15.00 18.00 2}{18.00 0.00 0.00 0.00 24.00 0}{24.00 0.00 0.00 0.00 30.00 0}
LOOP0: iter: ( 7 )[ 1 -1 0 1 0 ] mem: ( 1 )[ 1 -1 0 1 0 ]
10 2 
12 1024 
14 1 
1b 0 
2b 2147483647 

RANKS: 1 -1 1 7 1
EVENT2: 1113 485d8d_4860ce_4861a5_45afe1_45db7f_459218
COMP 51-0: 47cb68_47cc13_47cc5f_458f9f (7 91.12 5 31.00 1 114.00){0.00 31.00 31.00 31.00 45.60 1}{45.60 71.00 76.00 81.00 91.20 2}{91.20 95.00 108.00 114.00 136.80 4}{136.80 0.00 0.00 0.00 182.40 0}{182.40 0.00 0.00 0.00 228.00 0}
10 2 
12 1024 
14 1 
1a ( 7 )[ 1 -1 1 1 0 ]
1a ( 5 )[ 1 -1 3 1 0 ]
1a ( 1 )[ 1 -1 7 1 0 ]
1a ( 3 )[ 1 -1 5 1 0 ]
1a ( 6 )[ 1 -1 2 1 0 ]
1a ( 4 )[ 1 -1 4 1 0 ]
1a ( 2 )[ 1 -1 6 1 0 ]
1b 0 

RANKS: 1 -1 0 8 1
EVENT3: 1011 471052_47133e_4713fd_45b0e2_45db7f_459218
COMP 51-0: 4810ba_481457_481550_45ae8b_45db7f_459218 (1 14.00 0 14.00 0 14.00){0.00 0.00 0.00 0.00 5.60 0}{5.60 0.00 0.00 0.00 11.20 0}{11.20 14.00 14.00 14.00 16.80 1}{16.80 0.00 0.00 0.00 22.40 0}{22.40 0.00 0.00 0.00 28.00 0}
COMP 51-1: 485d8d_4860ce_4861a5_45afe1_45db7f_459218 (7 40.75 6 16.00 4 75.00){0.00 16.00 18.00 19.00 21.60 3}{21.60 0.00 0.00 0.00 43.20 0}{43.20 44.00 47.67 54.00 64.80 3}{64.80 75.00 75.00 75.00 86.40 1}{86.40 0.00 0.00 0.00 108.00 0}
10 2 
12 1 
14 3 
19 0 

RANKS: 1 -1 0 8 1
EVENT4: 1167 4a4646_4a4872_4a48cc_468bac_468df4_45db91_459218
COMP 51-0: 471052_47133e_4713fd_45b0e2_45db7f_459218 (8 1975.67 6 1711.00 7 2166.00){0.00 0.00 0.00 0.00 786.00 0}{786.00 0.00 0.00 0.00 1572.00 0}{1572.00 1711.00 1977.00 2166.00 2358.00 8}{2358.00 0.00 0.00 0.00 3144.00 0}{3144.00 0.00 0.00 0.00 3930.00 0}
49 0 
52 48437 

RANKS: 1 -1 0 8 1
EVENT5: 1011 471052_47133e_4713fd_45b7a0_45dba2_459218
COMP 51-0: 4a4646_4a4872_4a48cc_468bac_468df4_45db91_459218 (8 40.89 2 15.00 4 137.00){0.00 15.00 15.00 15.00 16.80 1}{16.80 17.00 17.00 17.00 33.60 3}{33.60 35.00 41.00 46.00 67.20 3}{67.20 0.00 0.00 0.00 84.00 0}{84.00 137.00 137.00 137.00 190.00 1}
10 2 
12 4 
14 12 
19 0 

RANKS: 1 -1 0 8 1
EVENT6: 1010 470bed_470de3_470e43_462b44_45dbc8_459218
COMP 51-0: 471052_47133e_4713fd_45b7a0_45dba2_459218 (8 67.89 7 31.00 0 128.00){0.00 31.00 33.50 37.00 51.20 4}{51.20 67.00 73.67 78.00 102.40 3}{102.40 128.00 128.00 128.00 153.60 1}{153.60 0.00 0.00 0.00 204.80 0}{204.80 0.00 0.00 0.00 256.00 0}
10 2 

RANKS: 1 -1 0 8 1
EVENT7: 1104 48214b_4824b0_4825ae_462c42_45dbc8_459218
COMP 51-0: 470bed_470de3_470e43_462b44_45dbc8_459218 (8 36.00 2 23.00 3 51.00){0.00 0.00 0.00 0.00 17.60 0}{17.60 23.00 23.75 25.00 35.20 4}{35.20 44.00 46.25 51.00 52.80 4}{52.80 0.00 0.00 0.00 70.40 0}{70.40 0.00 0.00 0.00 88.00 0}
10 2 
12 1 
14 10 
18 2 
19 0 

RANKS: 1 -1 0 8 1
EVENT8: 1104 48214b_4824b0_4825ae_462d4c_45dbc8_459218
COMP 51-0: 48214b_4824b0_4825ae_462c42_45dbc8_459218 (8 19.33 7 12.00 1 30.00){0.00 0.00 0.00 0.00 9.20 0}{9.20 12.00 12.00 12.00 18.40 4}{18.40 22.00 22.50 23.00 27.60 2}{27.60 28.00 29.00 30.00 36.80 2}{36.80 0.00 0.00 0.00 46.00 0}
10 2 
12 1 
14 10 
18 1 
19 0 

RANKS: 1 -1 0 8 1
EVENT9: 1011 471052_47133e_4713fd_462e50_45dbc8_459218
COMP 51-0: 48214b_4824b0_4825ae_462d4c_45dbc8_459218 (8 18.22 7 9.00 1 29.00){0.00 9.00 9.00 9.00 9.20 3}{9.20 12.00 12.00 12.00 18.40 1}{18.40 22.00 22.50 23.00 27.60 2}{27.60 28.00 28.50 29.00 36.80 2}{36.80 0.00 0.00 0.00 46.00 0}
10 2 
12 1 
14 10 
19 0 

RANKS: 1 -1 0 8 1
EVENT10: 1011 471052_47133e_4713fd_4675bc_45dbe2_459218
COMP 51-0: 471052_47133e_4713fd_462e50_45dbc8_459218 (8 17.78 7 9.00 0 29.00){0.00 9.00 9.00 9.00 11.60 4}{11.60 22.00 22.00 22.00 23.20 3}{23.20 29.00 29.00 29.00 34.80 1}{34.80 0.00 0.00 0.00 46.40 0}{46.40 0.00 0.00 0.00 58.00 0}
10 2 
12 1 
14 3 
19 0 

RANKS: 1 -1 0 1 0
EVENT11: 1169 4a4ea5_4a5137_4a51d4_45dd54_4592a1
COMP 51-0: 471052_47133e_4713fd_4675bc_45dbe2_459218 (1 227.00 0 227.00 0 227.00){0.00 0.00 0.00 0.00 90.80 0}{90.80 0.00 0.00 0.00 181.60 0}{181.60 227.00 227.00 227.00 272.40 1}{272.40 0.00 0.00 0.00 363.20 0}{363.20 0.00 0.00 0.00 454.00 0}
11 1 
12 18 
49 0 

RANKS: 1 -1 0 8 1
EVENT12: 1030 474d46_474f75_474fe5_45fced_4592c8
COMP 51-0: 471052_47133e_4713fd_4675bc_45dbe2_459218 (7 43.12 7 21.00 5 51.00){0.00 0.00 0.00 0.00 17.20 0}{17.20 21.00 21.00 21.00 34.40 1}{34.40 41.00 46.83 51.00 51.60 6}{51.60 0.00 0.00 0.00 68.80 0}{68.80 0.00 0.00 0.00 86.00 0}
COMP 51-1: 4a4ea5_4a5137_4a51d4_45dd54_4592a1 (1 3008.00 0 3008.00 0 3008.00){0.00 0.00 0.00 0.00 1203.20 0}{1203.20 0.00 0.00 0.00 2406.40 0}{2406.40 3008.00 3008.00 3008.00 3609.60 1}{3609.60 0.00 0.00 0.00 4812.80 0}{4812.80 0.00 0.00 0.00 6016.00 0}
10 2 

RANKS: 1 -1 0 8 1
EVENT13: 1066 47b541_47b880_47b91f_45fdf8_4592c8
COMP 51-0: 474d46_474f75_474fe5_45fced_4592c8 (8 22.56 7 13.00 0 31.00){0.00 0.00 0.00 0.00 12.40 0}{12.40 13.00 13.00 13.00 24.80 4}{24.80 29.00 30.00 31.00 37.20 4}{37.20 0.00 0.00 0.00 49.60 0}{49.60 0.00 0.00 0.00 62.00 0}
b 0 7 1 
12 1 
21 1000 

RANKS: 1 -1 0 8 1
EVENT14: 1026 473ecc_47414c_4741cf_45fede_4592c8
COMP 51-0: 47b541_47b880_47b91f_45fdf8_4592c8 (8 23.22 5 10.00 0 38.00){0.00 10.00 11.75 13.00 15.20 4}{15.20 26.00 26.50 27.00 30.40 2}{30.40 33.00 35.50 38.00 45.60 2}{45.60 0.00 0.00 0.00 60.80 0}{60.80 0.00 0.00 0.00 76.00 0}
10 2 
21 1001 

RANKS: 1 -1 0 1 0
EVENT15: 1102 4810ba_481457_481550_45ae8b_460142_4592c8
COMP 51-0: 473ecc_47414c_4741cf_45fede_4592c8 (1 114.00 0 114.00 0 114.00){0.00 0.00 0.00 0.00 45.60 0}{45.60 0.00 0.00 0.00 91.20 0}{91.20 114.00 114.00 114.00 136.80 1}{136.80 0.00 0.00 0.00 182.40 0}{182.40 0.00 0.00 0.00 228.00 0}
COMP 51-1: 4810ba_481457_481550_45ae8b_460142_4592c8 (6 26.43 0 24.00 0 30.00){0.00 0.00 0.00 0.00 12.00 0}{12.00 24.00 24.00 24.00 24.00 1}{24.00 25.00 26.20 30.00 36.00 5}{36.00 0.00 0.00 0.00 48.00 0}{48.00 0.00 0.00 0.00 60.00 0}
LOOP0: iter: ( 7 )[ 1 -1 0 1 0 ] mem: ( 1 )[ 1 -1 0 1 0 ]
10 1000 
12 1024 
14 1 
1b 0 
2b 2147483647 

RANKS: 1 -1 1 7 1
EVENT16: 1113 485d8d_4860ce_4861a5_45afe1_460142_4592c8
COMP 51-0: 473ecc_47414c_4741cf_45fede_4592c8 (7 42.00 7 14.00 4 73.00){0.00 14.00 15.25 17.00 28.00 4}{28.00 0.00 0.00 0.00 56.00 0}{56.00 62.00 68.33 73.00 84.00 3}{84.00 0.00 0.00 0.00 112.00 0}{112.00 0.00 0.00 0.00 140.00 0}
10 1000 
12 1024 
14 1 
1a ( 7 )[ 1 -1 1 1 0 ]
1a ( 5 )[ 1 -1 3 1 0 ]
1a ( 1 )[ 1 -1 7 1 0 ]
1a ( 3 )[ 1 -1 5 1 0 ]
1a ( 6 )[ 1 -1 2 1 0 ]
1a ( 4 )[ 1 -1 4 1 0 ]
1a ( 2 )[ 1 -1 6 1 0 ]
1b 0 

RANKS: 1 -1 0 8 1
EVENT17: 1011 471052_47133e_4713fd_45b0e2_460142_4592c8
COMP 51-0: 4810ba_481457_481550_45ae8b_460142_4592c8 (1 25.00 0 25.00 0 25.00){0.00 0.00 0.00 0.00 10.00 0}{10.00 0.00 0.00 0.00 20.00 0}{20.00 25.00 25.00 25.00 30.00 1}{30.00 0.00 0.00 0.00 40.00 0}{40.00 0.00 0.00 0.00 50.00 0}
COMP 51-1: 485d8d_4860ce_4861a5_45afe1_460142_4592c8 (7 19.38 6 9.00 2 35.00){0.00 9.00 9.00 9.00 9.20 1}{9.20 10.00 10.00 10.00 18.40 2}{18.40 22.00 22.67 23.00 27.60 3}{27.60 35.00 35.00 35.00 36.80 1}{36.80 0.00 0.00 0.00 46.00 0}
10 1000 
12 1 
14 3 
19 0 

RANKS: 1 -1 0 1 0
EVENT18: 1169 4a4ea5_4a5137_4a51d4_45e063_4608cf_4592c8
COMP 51-0: 471052_47133e_4713fd_45b0e2_460142_4592c8 (1 49.00 0 49.00 0 49.00){0.00 0.00 0.00 0.00 19.60 0}{19.60 0.00 0.00 0.00 39.20 0}{39.20 49.00 49.00 49.00 58.80 1}{58.80 0.00 0.00 0.00 78.40 0}{78.40 0.00 0.00 0.00 98.00 0}
11 1 
12 10 
49 0 

RANKS: 1 -1 0 1 0
EVENT19: 1169 4a4ea5_4a5137_4a51d4_45e0c0_4608cf_4592c8
COMP 51-0: 4a4ea5_4a5137_4a51d4_45e063_4608cf_4592c8 (1 45.00 0 45.00 0 45.00){0.00 0.00 0.00 0.00 18.00 0}{18.00 0.00 0.00 0.00 36.00 0}{36.00 45.00 45.00 45.00 54.00 1}{54.00 0.00 0.00 0.00 72.00 0}{72.00 0.00 0.00 0.00 90.00 0}
11 1 
12 22 
49 0 

RANKS: 1 -1 0 1 0
EVENT20: 1169 4a4ea5_4a5137_4a51d4_45e106_4608cf_4592c8
COMP 51-0: 4a4ea5_4a5137_4a51d4_45e0c0_4608cf_4592c8 (1 22.00 0 22.00 0 22.00){0.00 0.00 0.00 0.00 8.80 0}{8.80 0.00 0.00 0.00 17.60 0}{17.60 22.00 22.00 22.00 26.40 1}{26.40 0.00 0.00 0.00 35.20 0}{35.20 0.00 0.00 0.00 44.00 0}
11 1 
12 18 
49 0 

RANKS: 1 -1 0 1 0
EVENT21: 1169 4a4ea5_4a5137_4a51d4_45e16f_4608cf_4592c8
COMP 51-0: 4a4ea5_4a5137_4a51d4_45e106_4608cf_4592c8 (1 27.00 0 27.00 0 27.00){0.00 0.00 0.00 0.00 10.80 0}{10.80 0.00 0.00 0.00 21.60 0}{21.60 27.00 27.00 27.00 32.40 1}{32.40 0.00 0.00 0.00 43.20 0}{43.20 0.00 0.00 0.00 54.00 0}
11 1 
12 12 
49 0 

RANKS: 1 -1 0 1 0
EVENT22: 1169 4a4ea5_4a5137_4a51d4_45e1f6_4608cf_4592c8
COMP 51-0: 4a4ea5_4a5137_4a51d4_45e16f_4608cf_4592c8 (1 38.00 0 38.00 0 38.00){0.00 0.00 0.00 0.00 15.20 0}{15.20 0.00 0.00 0.00 30.40 0}{30.40 38.00 38.00 38.00 45.60 1}{45.60 0.00 0.00 0.00 60.80 0}{60.80 0.00 0.00 0.00 76.00 0}
11 1 
12 21 
49 0 

RANKS: 1 -1 0 1 0
EVENT23: 1169 4a4ea5_4a5137_4a51d4_45e21f_4608cf_4592c8
COMP 51-0: 4a4ea5_4a5137_4a51d4_45e1f6_4608cf_4592c8 (1 22.00 0 22.00 0 22.00){0.00 0.00 0.00 0.00 8.80 0}{8.80 0.00 0.00 0.00 17.60 0}{17.60 22.00 22.00 22.00 26.40 1}{26.40 0.00 0.00 0.00 35.20 0}{35.20 0.00 0.00 0.00 44.00 0}
11 1 
12 20 
49 0 

RANKS: 1 -1 0 1 0
EVENT24: 1169 4a4ea5_4a5137_4a51d4_45e257_4608cf_4592c8
COMP 51-0: 4a4ea5_4a5137_4a51d4_45e21f_4608cf_4592c8 (1 32.00 0 32.00 0 32.00){0.00 0.00 0.00 0.00 12.80 0}{12.80 0.00 0.00 0.00 25.60 0}{25.60 32.00 32.00 32.00 38.40 1}{38.40 0.00 0.00 0.00 51.20 0}{51.20 0.00 0.00 0.00 64.00 0}
11 1 
12 21 
49 0 

RANKS: 1 -1 0 1 0
EVENT25: 1169 4a4ea5_4a5137_4a51d4_45e28e_4608cf_4592c8
COMP 51-0: 4a4ea5_4a5137_4a51d4_45e257_4608cf_4592c8 (1 22.00 0 22.00 0 22.00){0.00 0.00 0.00 0.00 8.80 0}{8.80 0.00 0.00 0.00 17.60 0}{17.60 22.00 22.00 22.00 26.40 1}{26.40 0.00 0.00 0.00 35.20 0}{35.20 0.00 0.00 0.00 44.00 0}
11 1 
12 18 
49 0 

RANKS: 1 -1 0 8 1
EVENT26: 1011 471052_47133e_4713fd_460ac3_4592c8
COMP 51-0: 471052_47133e_4713fd_45b0e2_460142_4592c8 (7 21.25 5 12.00 1 30.00){0.00 12.00 12.00 12.00 12.00 1}{12.00 13.00 13.00 13.00 24.00 3}{24.00 29.00 29.67 30.00 36.00 3}{36.00 0.00 0.00 0.00 48.00 0}{48.00 0.00 0.00 0.00 60.00 0}
COMP 51-1: 4a4ea5_4a5137_4a51d4_45e28e_4608cf_4592c8 (1 81.00 0 81.00 0 81.00){0.00 0.00 0.00 0.00 32.40 0}{32.40 0.00 0.00 0.00 64.80 0}{64.80 81.00 81.00 81.00 97.20 1}{97.20 0.00 0.00 0.00 129.60 0}{129.60 0.00 0.00 0.00 162.00 0}
10 1000 
12 1 
14 7 
19 0 

RANKS: 1 -1 0 8 1
EVENT27: 1010 470bed_470de3_470e43_460d4a_4592c8
COMP 51-0: 471052_47133e_4713fd_460ac3_4592c8 (8 6797.56 7 18.00 0 30498.00){0.00 18.00 26.00 38.00 12199.20 7}{12199.20 0.00 0.00 0.00 24398.40 0}{24398.40 30498.00 30498.00 30498.00 36597.60 1}{36597.60 0.00 0.00 0.00 48796.80 0}{48796.80 0.00 0.00 0.00 60996.00 0}
10 1000 

RANKS: 1 -1 0 8 1
EVENT28: 1171 491686_491ab6_491b7b_46a744_46a481_460e5a_4592c8
COMP 51-0: 470bed_470de3_470e43_460d4a_4592c8 (8 37.11 7 25.00 0 72.00){0.00 25.00 26.40 28.00 28.80 5}{28.80 29.00 29.00 29.00 57.60 2}{57.60 72.00 72.00 72.00 86.40 1}{86.40 0.00 0.00 0.00 115.20 0}{115.20 0.00 0.00 0.00 144.00 0}
COMM 51-0: 470bed_470de3_470e43_460d4a_4592c8 (8 113563.89 0 113496.00 3 113593.00){0.00 0.00 0.00 0.00 45398.40 0}{45398.40 0.00 0.00 0.00 90796.80 0}{90796.80 113496.00 113572.38 113593.00 136195.20 8}{136195.20 0.00 0.00 0.00 181593.60 0}{181593.60 0.00 0.00 0.00 226992.00 0}
10 1000 
3a :/pvfs2/interleave.dat  
3b 41 
3c 1000 
52 151836 

RANKS: 1 -1 0 1 0
EVENT29: 1169 4a4ea5_4a5137_4a51d4_460f96_4592c8
COMP 51-0: 491686_491ab6_491b7b_46a744_46a481_460e5a_4592c8 (1 39.00 0 39.00 0 39.00){0.00 0.00 0.00 0.00 15.60 0}{15.60 0.00 0.00 0.00 31.20 0}{31.20 39.00 39.00 39.00 46.80 1}{46.80 0.00 0.00 0.00 62.40 0}{62.40 0.00 0.00 0.00 78.00 0}
11 1 
12 35 
49 0 

RANKS: 1 -1 0 8 1
EVENT30: 1176 493ca4_493fc8_4940a9_46b48b_465436_460ff4_4592c8
COMP 51-0: 491686_491ab6_491b7b_46a744_46a481_460e5a_4592c8 (7 328.62 4 237.00 2 589.00){0.00 0.00 0.00 0.00 97.60 0}{97.60 0.00 0.00 0.00 195.20 0}{195.20 237.00 251.40 262.00 390.40 5}{390.40 0.00 0.00 0.00 488.00 0}{488.00 539.00 564.00 589.00 590.00 2}
COMP 51-1: 493ca4_493fc8_4940a9_46b48b_465436_460ff4_4592c8 (120 34.62 1 13.00 2 73.00){0.00 13.00 13.00 13.00 13.60 1}{13.60 14.00 16.81 26.00 27.20 26}{27.20 29.00 30.67 32.00 34.00 6}{34.00 36.00 38.73 43.00 46.00 81}{46.00 57.00 66.83 73.00 82.00 6}
COMP 51-2: 4a4ea5_4a5137_4a51d4_460f96_4592c8 (1 688.00 0 688.00 0 688.00){0.00 0.00 0.00 0.00 275.20 0}{275.20 0.00 0.00 0.00 550.40 0}{550.40 688.00 688.00 688.00 825.60 1}{825.60 0.00 0.00 0.00 1100.80 0}{1100.80 0.00 0.00 0.00 1376.00 0}
LOOP0: iter: ( 16 )[ 1 -1 0 8 1 ] mem: ( 1 )[ 1 -1 0 8 1 ]
12 131072 
14 12 
3c 1000 
3d ( 0 1048576 2097152 3145728 4194304 5242880 6291456 7340032 8388608 9437184 10485760 11534336 12582912 13631488 14680064 15728640 )[ 1 -1 0 1 0 ]
3d ( 131072 1179648 2228224 3276800 4325376 5373952 6422528 7471104 8519680 9568256 10616832 11665408 12713984 13762560 14811136 15859712 )[ 1 -1 1 1 0 ]
3d ( 393216 1441792 2490368 3538944 4587520 5636096 6684672 7733248 8781824 9830400 10878976 11927552 12976128 14024704 15073280 16121856 )[ 1 -1 3 1 0 ]
3d ( 917504 1966080 3014656 4063232 5111808 6160384 7208960 8257536 9306112 10354688 11403264 12451840 13500416 14548992 15597568 16646144 )[ 1 -1 7 1 0 ]
3d ( 655360 1703936 2752512 3801088 4849664 5898240 6946816 7995392 9043968 10092544 11141120 12189696 13238272 14286848 15335424 16384000 )[ 1 -1 5 1 0 ]
3d ( 262144 1310720 2359296 3407872 4456448 5505024 6553600 7602176 8650752 9699328 10747904 11796480 12845056 13893632 14942208 15990784 )[ 1 -1 2 1 0 ]
3d ( 524288 1572864 2621440 3670016 4718592 5767168 6815744 7864320 8912896 9961472 11010048 12058624 13107200 14155776 15204352 16252928 )[ 1 -1 4 1 0 ]
3d ( 786432 1835008 2883584 3932160 4980736 6029312 7077888 8126464 9175040 10223616 11272192 12320768 13369344 14417920 15466496 16515072 )[ 1 -1 6 1 0 ]

RANKS: 1 -1 0 8 1
EVENT31: 1183 496b2e_496d6d_496dcd_46b6dc_461140_4592c8
COMP 51-0: 493ca4_493fc8_4940a9_46b48b_465436_460ff4_4592c8 (8 144.89 5 63.00 4 186.00){0.00 63.00 63.00 63.00 66.00 1}{66.00 104.00 104.00 104.00 132.00 1}{132.00 143.00 162.00 186.00 198.00 6}{198.00 0.00 0.00 0.00 264.00 0}{264.00 0.00 0.00 0.00 330.00 0}
3c 1000 
52 192939 

RANKS: 1 -1 0 8 1
EVENT32: 1010 470bed_470de3_470e43_4612a4_4592c8
COMP 51-0: 496b2e_496d6d_496dcd_46b6dc_461140_4592c8 (8 25.78 1 11.00 3 57.00){0.00 0.00 0.00 0.00 10.00 0}{10.00 11.00 11.00 11.00 20.00 2}{20.00 25.00 25.60 26.00 40.00 5}{40.00 0.00 0.00 0.00 50.00 0}{50.00 57.00 57.00 57.00 64.00 1}
10 1000 

RANKS: 1 -1 0 8 1
EVENT33: 1171 491686_491ab6_491b7b_46be3a_461465_4592c8
COMP 51-0: 470bed_470de3_470e43_4612a4_4592c8 (8 23.56 5 11.00 2 28.00){0.00 0.00 0.00 0.00 10.80 0}{10.80 11.00 12.00 13.00 21.60 2}{21.60 26.00 26.83 28.00 32.40 6}{32.40 0.00 0.00 0.00 43.20 0}{43.20 0.00 0.00 0.00 54.00 0}
COMM 51-0: 470bed_470de3_470e43_4612a4_4592c8 (8 8357.89 5 8288.00 0 8480.00){0.00 0.00 0.00 0.00 3392.00 0}{3392.00 0.00 0.00 0.00 6784.00 0}{6784.00 8288.00 8342.62 8480.00 10176.00 8}{10176.00 0.00 0.00 0.00 13568.00 0}{13568.00 0.00 0.00 0.00 16960.00 0}
10 1000 
3a :/pvfs2/interleave.dat  
3b 2 
3c 1001 
52 10394 

RANKS: 1 -1 0 8 1
EVENT34: 1183 496b2e_496d6d_496dcd_46bfdd_461465_4592c8
COMP 51-0: 491686_491ab6_491b7b_46be3a_461465_4592c8 (8 922.56 1 572.00 7 1125.00){0.00 0.00 0.00 0.00 349.60 0}{349.60 572.00 572.00 572.00 699.20 1}{699.20 861.00 930.20 1023.00 1048.80 5}{1048.80 1081.00 1103.00 1125.00 1398.40 2}{1398.40 0.00 0.00 0.00 1748.00 0}
3c 1001 
52 1002 

RANKS: 1 -1 0 8 1
EVENT35: 1004 46e310_46e630_46e710_46c1e0_461465_4592c8
COMP 51-0: 496b2e_496d6d_496dcd_46bfdd_461465_4592c8 (8 32.78 1 15.00 3 37.00){0.00 0.00 0.00 0.00 13.60 0}{13.60 15.00 15.00 15.00 27.20 1}{27.20 33.00 35.14 37.00 40.80 7}{40.80 0.00 0.00 0.00 54.40 0}{54.40 0.00 0.00 0.00 68.00 0}
10 1000 
12 1 
14 38 
18 2 

RANKS: 1 -1 0 8 1
EVENT36: 1004 46e310_46e630_46e710_46c2e0_461465_4592c8
COMP 51-0: 46e310_46e630_46e710_46c1e0_461465_4592c8 (8 22.56 1 10.00 3 25.00){0.00 0.00 0.00 0.00 9.60 0}{9.60 10.00 10.00 10.00 19.20 1}{19.20 23.00 24.14 25.00 28.80 7}{28.80 0.00 0.00 0.00 38.40 0}{38.40 0.00 0.00 0.00 48.00 0}
10 1000 
12 1 
14 38 
18 1 

RANKS: 1 -1 0 8 1
EVENT37: 1004 46e310_46e630_46e710_459de7_46147b_4592c8
COMP 51-0: 46e310_46e630_46e710_46c2e0_461465_4592c8 (8 24.56 1 10.00 5 39.00){0.00 10.00 10.00 10.00 10.00 1}{10.00 0.00 0.00 0.00 20.00 0}{20.00 24.00 24.50 26.00 30.00 6}{30.00 39.00 39.00 39.00 40.00 1}{40.00 0.00 0.00 0.00 50.00 0}
10 1000 
12 1 
14 38 
18 3 

RANKS: 1 -1 0 8 1
EVENT38: 1104 48214b_4824b0_4825ae_45d3dc_4614bc_4592c8
COMP 51-0: 46e310_46e630_46e710_459de7_46147b_4592c8 (8 47.78 1 15.00 7 87.00){0.00 0.00 0.00 0.00 12.00 0}{12.00 15.00 15.00 15.00 24.00 1}{24.00 30.00 30.00 30.00 48.00 1}{48.00 50.00 53.60 58.00 60.00 5}{60.00 87.00 87.00 87.00 114.00 1}
COMP 51-1: 48214b_4824b0_4825ae_45d3dc_4614bc_4592c8 (88 23.51 1 9.00 0 51.00){0.00 9.00 9.00 9.00 9.20 1}{9.20 10.00 10.00 10.00 18.40 10}{18.40 22.00 25.12 34.00 36.80 76}{36.80 0.00 0.00 0.00 46.00 0}{46.00 51.00 51.00 51.00 56.00 1}
LOOP0: iter: ( 12 )[ 1 -1 0 8 1 ] mem: ( 1 )[ 1 -1 0 8 1 ]
10 1000 
12 1 
14 10 
18 2 1 
19 0 

RANKS: 1 -1 0 8 1
EVENT39: 1010 470bed_470de3_470e43_461d7f_4592c8
COMP 51-0: 48214b_4824b0_4825ae_45d3dc_4614bc_4592c8 (8 29.22 1 13.00 4 33.00){0.00 0.00 0.00 0.00 12.40 0}{12.40 13.00 13.00 13.00 24.80 1}{24.80 30.00 31.29 33.00 37.20 7}{37.20 0.00 0.00 0.00 49.60 0}{49.60 0.00 0.00 0.00 62.00 0}
10 1000 

RANKS: 1 -1 0 8 1
EVENT40: 1171 491686_491ab6_491b7b_46a744_461e8f_4592c8
COMP 51-0: 470bed_470de3_470e43_461d7f_4592c8 (8 34.44 1 16.00 3 38.00){0.00 0.00 0.00 0.00 14.40 0}{14.40 16.00 16.00 16.00 28.80 1}{28.80 36.00 36.86 38.00 43.20 7}{43.20 0.00 0.00 0.00 57.60 0}{57.60 0.00 0.00 0.00 72.00 0}
COMM 51-0: 470bed_470de3_470e43_461d7f_4592c8 (8 8532.00 6 8521.00 7 8570.00){0.00 0.00 0.00 0.00 3413.20 0}{3413.20 0.00 0.00 0.00 6826.40 0}{6826.40 8521.00 8531.88 8570.00 10239.60 8}{10239.60 0.00 0.00 0.00 13652.80 0}{13652.80 0.00 0.00 0.00 17066.00 0}
10 1000 
3a :/pvfs2/interleave.dat  
3b 41 
3c 1002 
52 12013 

RANKS: 1 -1 0 1 0
EVENT41: 1169 4a4ea5_4a5137_4a51d4_462003_4592c8
COMP 51-0: 491686_491ab6_491b7b_46a744_461e8f_4592c8 (1 34.00 0 34.00 0 34.00){0.00 0.00 0.00 0.00 13.60 0}{13.60 0.00 0.00 0.00 27.20 0}{27.20 34.00 34.00 34.00 40.80 1}{40.80 0.00 0.00 0.00 54.40 0}{54.40 0.00 0.00 0.00 68.00 0}
11 1 
12 34 
49 0 

RANKS: 1 -1 0 8 1
EVENT42: 1180 495934_495c58_495d39_46b48b_46551c_462061_4592c8
COMP 51-0: 491686_491ab6_491b7b_46a744_461e8f_4592c8 (7 463.25 1 236.00 4 555.00){0.00 0.00 0.00 0.00 94.40 0}{94.40 0.00 0.00 0.00 188.80 0}{188.80 236.00 236.00 236.00 377.60 1}{377.60 0.00 0.00 0.00 472.00 0}{472.00 526.00 539.00 555.00 600.00 6}
COMP 51-1: 495934_495c58_495d39_46b48b_46551c_462061_4592c8 (120 37.63 6 13.00 3 171.00){0.00 13.00 16.63 21.00 30.40 30}{30.40 32.00 39.90 46.00 60.80 82}{60.80 62.00 68.80 74.00 76.00 5}{76.00 77.00 77.00 77.00 78.00 1}{78.00 152.00 161.50 171.00 264.00 2}
COMP 51-2: 4a4ea5_4a5137_4a51d4_462003_4592c8 (1 560.00 0 560.00 0 560.00){0.00 0.00 0.00 0.00 224.00 0}{224.00 0.00 0.00 0.00 448.00 0}{448.00 560.00 560.00 560.00 672.00 1}{672.00 0.00 0.00 0.00 896.00 0}{896.00 0.00 0.00 0.00 1120.00 0}
LOOP0: iter: ( 16 )[ 1 -1 0 8 1 ] mem: ( 1 )[ 1 -1 0 8 1 ]
12 131072 
14 12 
3c 1002 
3d ( 0 1048576 2097152 3145728 4194304 5242880 6291456 7340032 8388608 9437184 10485760 11534336 12582912 13631488 14680064 15728640 )[ 1 -1 0 1 0 ]
3d ( 131072 1179648 2228224 3276800 4325376 5373952 6422528 7471104 8519680 9568256 10616832 11665408 12713984 13762560 14811136 15859712 )[ 1 -1 1 1 0 ]
3d ( 393216 1441792 2490368 3538944 4587520 5636096 6684672 7733248 8781824 9830400 10878976 11927552 12976128 14024704 15073280 16121856 )[ 1 -1 3 1 0 ]
3d ( 917504 1966080 3014656 4063232 5111808 6160384 7208960 8257536 9306112 10354688 11403264 12451840 13500416 14548992 15597568 16646144 )[ 1 -1 7 1 0 ]
3d ( 655360 1703936 2752512 3801088 4849664 5898240 6946816 7995392 9043968 10092544 11141120 12189696 13238272 14286848 15335424 16384000 )[ 1 -1 5 1 0 ]
3d ( 262144 1310720 2359296 3407872 4456448 5505024 6553600 7602176 8650752 9699328 10747904 11796480 12845056 13893632 14942208 15990784 )[ 1 -1 2 1 0 ]
3d ( 524288 1572864 2621440 3670016 4718592 5767168 6815744 7864320 8912896 9961472 11010048 12058624 13107200 14155776 15204352 16252928 )[ 1 -1 4 1 0 ]
3d ( 786432 1835008 2883584 3932160 4980736 6029312 7077888 8126464 9175040 10223616 11272192 12320768 13369344 14417920 15466496 16515072 )[ 1 -1 6 1 0 ]

RANKS: 1 -1 0 8 1
EVENT43: 1183 496b2e_496d6d_496dcd_46b6dc_4621ad_4592c8
COMP 51-0: 495934_495c58_495d39_46b48b_46551c_462061_4592c8 (8 87.00 3 57.00 5 131.00){0.00 0.00 0.00 0.00 38.40 0}{38.40 57.00 66.60 72.00 76.80 5}{76.80 96.00 96.00 96.00 115.20 1}{115.20 127.00 129.00 131.00 153.60 2}{153.60 0.00 0.00 0.00 192.00 0}
3c 1002 
52 7805249 

RANKS: 1 -1 0 8 1
EVENT44: 1171 491686_491ab6_491b7b_46be3a_462211_4592c8
COMP 51-0: 496b2e_496d6d_496dcd_46b6dc_4621ad_4592c8 (8 19.00 1 12.00 5 29.00){0.00 0.00 0.00 0.00 10.40 0}{10.40 12.00 12.40 13.00 20.80 5}{20.80 26.00 27.67 29.00 31.20 3}{31.20 0.00 0.00 0.00 41.60 0}{41.60 0.00 0.00 0.00 52.00 0}
COMM 51-0: 496b2e_496d6d_496dcd_46b6dc_4621ad_4592c8 (8 9723.78 0 8417.00 7 13476.00){0.00 0.00 0.00 0.00 3366.80 0}{3366.80 0.00 0.00 0.00 6733.60 0}{6733.60 8417.00 8768.83 9290.00 10100.40 6}{10100.40 13008.00 13008.00 13008.00 13467.20 1}{13467.20 13476.00 13476.00 13476.00 16834.00 1}
10 1000 
3a :/pvfs2/interleave.dat  
3b 2 
3c 1003 
52 10012 

RANKS: 1 -1 0 8 1
EVENT45: 1183 496b2e_496d6d_496dcd_46bfdd_462211_4592c8
COMP 51-0: 491686_491ab6_491b7b_46be3a_462211_4592c8 (8 987.78 7 666.00 5 1506.00){0.00 0.00 0.00 0.00 388.80 0}{388.80 666.00 700.50 735.00 777.60 2}{777.60 902.00 1002.20 1120.00 1166.40 5}{1166.40 1506.00 1506.00 1506.00 1555.20 1}{1555.20 0.00 0.00 0.00 1944.00 0}
3c 1003 
52 1060 

RANKS: 1 -1 0 8 1
EVENT46: 1004 46e310_46e630_46e710_46c1e0_462211_4592c8
COMP 51-0: 496b2e_496d6d_496dcd_46bfdd_462211_4592c8 (8 23.44 7 11.00 2 27.00){0.00 0.00 0.00 0.00 10.40 0}{10.40 11.00 11.00 11.00 20.80 1}{20.80 21.00 24.86 27.00 31.20 7}{31.20 0.00 0.00 0.00 41.60 0}{41.60 0.00 0.00 0.00 52.00 0}
10 1000 
12 1 
14 38 
18 2 

RANKS: 1 -1 0 8 1
EVENT47: 1004 46e310_46e630_46e710_46c2e0_462211_4592c8
COMP 51-0: 46e310_46e630_46e710_46c1e0_462211_4592c8 (8 21.56 7 10.00 0 25.00){0.00 10.00 10.00 10.00 10.00 1}{10.00 18.00 19.00 20.00 20.00 2}{20.00 23.00 24.20 25.00 30.00 5}{30.00 0.00 0.00 0.00 40.00 0}{40.00 0.00 0.00 0.00 50.00 0}
10 1000 
12 1 
14 38 
18 1 

RANKS: 1 -1 0 8 1
EVENT48: 1004 46e310_46e630_46e710_459de7_462227_4592c8
COMP 51-0: 46e310_46e630_46e710_46c2e0_462211_4592c8 (8 21.11 7 9.00 5 25.00){0.00 9.00 9.00 9.00 9.60 1}{9.60 19.00 19.00 19.00 19.20 2}{19.20 23.00 23.80 25.00 28.80 5}{28.80 0.00 0.00 0.00 38.40 0}{38.40 0.00 0.00 0.00 48.00 0}
10 1000 
12 1 
14 38 
18 3 

RANKS: 1 -1 0 8 1
EVENT49: 1104 48214b_4824b0_4825ae_45d3dc_462268_4592c8
COMP 51-0: 46e310_46e630_46e710_459de7_462227_4592c8 (8 23.22 7 11.00 0 28.00){0.00 11.00 11.00 11.00 11.20 1}{11.20 20.00 20.00 20.00 22.40 2}{22.40 24.00 26.00 28.00 33.60 5}{33.60 0.00 0.00 0.00 44.80 0}{44.80 0.00 0.00 0.00 56.00 0}
COMP 51-1: 48214b_4824b0_4825ae_45d3dc_462268_4592c8 (88 22.39 7 9.00 3 47.00){0.00 9.00 9.00 9.00 9.20 1}{9.20 9.89 10.55 17.00 18.40 11}{18.40 19.00 23.62 26.00 27.60 73}{27.60 28.00 37.00 46.00 46.00 2}{46.00 47.00 47.00 47.00 48.00 1}
LOOP0: iter: ( 12 )[ 1 -1 0 8 1 ] mem: ( 1 )[ 1 -1 0 8 1 ]
10 1000 
12 1 
14 10 
18 2 1 
19 0 

RANKS: 1 -1 0 8 1
EVENT50: 1010 470bed_470de3_470e43_462676_4592c8
COMP 51-0: 48214b_4824b0_4825ae_45d3dc_462268_4592c8 (8 22.67 7 11.00 0 26.00){0.00 0.00 0.00 0.00 10.40 0}{10.40 11.00 17.00 20.00 20.80 3}{20.80 25.00 25.40 26.00 31.20 5}{31.20 0.00 0.00 0.00 41.60 0}{41.60 0.00 0.00 0.00 52.00 0}
10 1000 

RANKS: 1 -1 0 1 0
EVENT51: 1184 497051_4972e3_497353_46b9a3_45db5e_462786_4592c8
COMP 51-0: 470bed_470de3_470e43_462676_4592c8 (1 2725.00 0 2725.00 0 2725.00){0.00 0.00 0.00 0.00 1090.00 0}{1090.00 0.00 0.00 0.00 2180.00 0}{2180.00 2725.00 2725.00 2725.00 3270.00 1}{3270.00 0.00 0.00 0.00 4360.00 0}{4360.00 0.00 0.00 0.00 5450.00 0}
3a :/pvfs2/interleave.dat  

RANKS: 1 -1 0 8 1
EVENT52: 1010 470bed_470de3_470e43_4627a3_4592c8
COMP 51-0: 470bed_470de3_470e43_462676_4592c8 (7 18.12 7 9.00 6 22.00){0.00 0.00 0.00 0.00 6.80 0}{6.80 9.00 9.00 9.00 13.60 1}{13.60 17.00 17.00 17.00 20.40 2}{20.40 21.00 21.25 22.00 27.20 4}{27.20 0.00 0.00 0.00 34.00 0}
COMP 51-1: 497051_4972e3_497353_46b9a3_45db5e_462786_4592c8 (1 36.00 0 36.00 0 36.00){0.00 0.00 0.00 0.00 14.40 0}{14.40 0.00 0.00 0.00 28.80 0}{28.80 36.00 36.00 36.00 43.20 1}{43.20 0.00 0.00 0.00 57.60 0}{57.60 0.00 0.00 0.00 72.00 0}
10 1000 

RANKS: 1 -1 0 1 0
EVENT53: 1169 4a4ea5_4a5137_4a51d4_45f333_4628d3_4592c8
COMP 51-0: 470bed_470de3_470e43_4627a3_4592c8 (1 59.00 0 59.00 0 59.00){0.00 0.00 0.00 0.00 23.60 0}{23.60 0.00 0.00 0.00 47.20 0}{47.20 59.00 59.00 59.00 70.80 1}{70.80 0.00 0.00 0.00 94.40 0}{94.40 0.00 0.00 0.00 118.00 0}
11 1 
12 109 
49 0 

RANKS: 1 -1 0 1 0
EVENT54: 1169 4a4ea5_4a5137_4a51d4_45f358_4628d3_4592c8
COMP 51-0: 4a4ea5_4a5137_4a51d4_45f333_4628d3_4592c8 (1 23.00 0 23.00 0 23.00){0.00 0.00 0.00 0.00 9.20 0}{9.20 0.00 0.00 0.00 18.40 0}{18.40 23.00 23.00 23.00 27.60 1}{27.60 0.00 0.00 0.00 36.80 0}{36.80 0.00 0.00 0.00 46.00 0}
11 1 
12 87 
49 0 

RANKS: 1 -1 0 1 0
EVENT55: 1169 4a4ea5_4a5137_4a51d4_45f384_4628d3_4592c8
COMP 51-0: 4a4ea5_4a5137_4a51d4_45f358_4628d3_4592c8 (1 29.00 0 29.00 0 29.00){0.00 0.00 0.00 0.00 11.60 0}{11.60 0.00 0.00 0.00 23.20 0}{23.20 29.00 29.00 29.00 34.80 1}{34.80 0.00 0.00 0.00 46.40 0}{46.40 0.00 0.00 0.00 58.00 0}
11 1 
12 108 
49 0 

RANKS: 1 -1 0 1 0
EVENT56: 1169 4a4ea5_4a5137_4a51d4_45f764_4628d3_4592c8
COMP 51-0: 4a4ea5_4a5137_4a51d4_45f384_4628d3_4592c8 (1 71.00 0 71.00 0 71.00){0.00 0.00 0.00 0.00 28.40 0}{28.40 0.00 0.00 0.00 56.80 0}{56.80 71.00 71.00 71.00 85.20 1}{85.20 0.00 0.00 0.00 113.60 0}{113.60 0.00 0.00 0.00 142.00 0}
11 1 
12 6 
49 0 

RANKS: 1 -1 0 1 0
EVENT57: 1169 4a4ea5_4a5137_4a51d4_45fb4a_4628d3_4592c8
COMP 51-0: 4a4ea5_4a5137_4a51d4_45f764_4628d3_4592c8 (1 47.00 0 47.00 0 47.00){0.00 0.00 0.00 0.00 18.80 0}{18.80 0.00 0.00 0.00 37.60 0}{37.60 47.00 47.00 47.00 56.40 1}{56.40 0.00 0.00 0.00 75.20 0}{75.20 0.00 0.00 0.00 94.00 0}
11 1 
12 6 
49 0 

RANKS: 1 -1 0 8 1
EVENT58: 1028 474931_474af2_474b52_4628dd_4592c8
COMP 51-0: 470bed_470de3_470e43_4627a3_4592c8 (7 47.75 3 39.00 5 94.00){0.00 0.00 0.00 0.00 17.20 0}{17.20 0.00 0.00 0.00 34.40 0}{34.40 39.00 40.83 43.00 68.80 6}{68.80 0.00 0.00 0.00 86.00 0}{86.00 94.00 94.00 94.00 102.00 1}
COMP 51-1: 4a4ea5_4a5137_4a51d4_45fb4a_4628d3_4592c8 (1 61.00 0 61.00 0 61.00){0.00 0.00 0.00 0.00 24.40 0}{24.40 0.00 0.00 0.00 48.80 0}{48.80 61.00 61.00 61.00 73.20 1}{73.20 0.00 0.00 0.00 97.60 0}{97.60 0.00 0.00 0.00 122.00 0}
10 1000 

RANKS: 1 -1 0 8 1
EVENT59: 1010 470bed_470de3_470e43_462a58_4592c8
COMP 51-0: 474931_474af2_474b52_4628dd_4592c8 (8 16.33 2 10.00 5 29.00){0.00 10.00 10.00 10.00 10.80 2}{10.80 11.00 11.00 11.00 21.60 4}{21.60 27.00 28.00 29.00 32.40 2}{32.40 0.00 0.00 0.00 43.20 0}{43.20 0.00 0.00 0.00 54.00 0}
10 2 

RANKS: 1 -1 0 8 1
EVENT60: 1045 476acc_476b3d_476b81_4593a5
COMP 51-0: 470bed_470de3_470e43_462a58_4592c8 (8 103.78 0 98.00 5 107.00){0.00 0.00 0.00 0.00 39.20 0}{39.20 0.00 0.00 0.00 78.40 0}{78.40 98.00 104.50 107.00 117.60 8}{117.60 0.00 0.00 0.00 156.80 0}{156.80 0.00 0.00 0.00 196.00 0}
52 94858 

